# Wavelength (Angstroms)     Mean
2.916769999999999982e+03 2.894022800000000117e-01
2.918258885629999895e+03 2.898539604109999779e-01
2.919747771259999809e+03 2.915914121639999745e-01
2.921236656890000177e+03 2.909106581059999752e-01
2.922725542520000090e+03 2.926755933019999922e-01
2.924214428150000003e+03 2.929995051029999908e-01
2.925703313779999917e+03 2.958950194960000002e-01
2.927192199409999830e+03 2.972846253959999796e-01
2.928681085040000198e+03 2.971014972789999820e-01
2.930169970670000112e+03 2.982234061879999731e-01
2.931658856300000025e+03 2.963451892080000150e-01
2.933147741939999833e+03 3.008614595479999765e-01
2.934636627570000201e+03 3.009451739119999858e-01
2.936125513200000114e+03 3.027531909969999879e-01
2.937614398830000027e+03 3.019129914020000083e-01
2.939103284459999941e+03 3.054660225510000271e-01
2.940592170089999854e+03 3.092006863339999967e-01
2.942081055720000222e+03 3.099912653899999926e-01
2.943569941350000136e+03 3.108122827920000164e-01
2.945058826980000049e+03 3.067055419879999856e-01
2.946547712609999962e+03 3.056629028150000260e-01
2.948036598239999876e+03 3.059930736659999817e-01
2.949525483869999789e+03 3.077183788389999952e-01
2.951014369500000157e+03 3.116458021349999830e-01
2.952503255130000070e+03 3.137509371960000015e-01
2.953992140759999984e+03 3.128226179470000035e-01
2.955481026389999897e+03 3.164987949790000199e-01
2.956969912019999811e+03 3.201888114490000214e-01
2.958458797650000179e+03 3.258527305100000215e-01
2.959947683280000092e+03 3.286622212259999731e-01
2.961436568910000005e+03 3.277008085629999901e-01
2.962925454549999813e+03 3.279247365449999840e-01
2.964414340180000181e+03 3.261133004219999854e-01
2.965903225810000094e+03 3.257029927100000277e-01
2.967392111440000008e+03 3.282726174080000114e-01
2.968880997069999921e+03 3.306864761000000152e-01
2.970369882699999835e+03 3.307762109679999729e-01
2.971858768330000203e+03 3.340990483699999847e-01
2.973347653960000116e+03 3.350481113550000112e-01
2.974836539590000029e+03 3.364781889790000036e-01
2.976325425219999943e+03 3.397149306739999930e-01
2.977814310849999856e+03 3.401615548040000103e-01
2.979303196480000224e+03 3.410578069090000053e-01
2.980792082110000138e+03 3.421419313899999870e-01
2.982280967740000051e+03 3.432336656769999772e-01
2.983769853369999964e+03 3.466494113779999831e-01
2.985258738999999878e+03 3.506639172430000007e-01
2.986747624629999791e+03 3.529481930849999727e-01
2.988236510260000159e+03 3.519491660760000196e-01
2.989725395890000073e+03 3.523289349090000244e-01
2.991214281519999986e+03 3.499583868619999816e-01
2.992703167159999794e+03 3.509695126740000060e-01
2.994192052790000162e+03 3.509717092790000104e-01
2.995680938420000075e+03 3.508418499000000024e-01
2.997169824049999988e+03 3.517579440349999920e-01
2.998658709679999902e+03 3.556478458060000070e-01
3.000147595309999815e+03 3.570886159000000171e-01
3.001636480940000183e+03 3.595646161409999930e-01
3.003125366570000097e+03 3.627001284160000227e-01
3.004614252200000010e+03 3.658979378769999791e-01
3.006103137829999923e+03 3.712982180759999973e-01
3.007592023459999837e+03 3.716400582400000152e-01
3.009080909090000205e+03 3.703591187270000029e-01
3.010569794720000118e+03 3.701533310849999814e-01
3.012058680350000031e+03 3.674333760290000028e-01
3.013547565979999945e+03 3.735493252079999937e-01
3.015036451609999858e+03 3.769012890969999918e-01
3.016525337240000226e+03 3.828139703699999785e-01
3.018014222870000140e+03 3.831085776540000265e-01
3.019503108500000053e+03 3.839422045040000175e-01
3.020991994129999966e+03 3.888484938419999870e-01
3.022480879769999774e+03 3.886714264989999945e-01
3.023969765400000142e+03 3.887423832610000241e-01
3.025458651030000055e+03 3.926382625220000144e-01
3.026947536659999969e+03 3.932375881410000162e-01
3.028436422289999882e+03 3.988436692430000208e-01
3.029925307919999796e+03 4.002749975009999850e-01
3.031414193550000164e+03 3.989512638709999948e-01
3.032903079180000077e+03 4.031724206160000046e-01
3.034391964809999990e+03 4.005138168090000006e-01
3.035880850439999904e+03 4.062748027979999899e-01
3.037369736069999817e+03 4.088326886220000067e-01
3.038858621700000185e+03 4.128801882700000037e-01
3.040347507330000099e+03 4.155842967160000012e-01
3.041836392960000012e+03 4.160658659590000252e-01
3.043325278589999925e+03 4.207373892790000069e-01
3.044814164219999839e+03 4.206544243229999869e-01
3.046303049850000207e+03 4.195205855010000207e-01
3.047791935480000120e+03 4.183554261290000076e-01
3.049280821110000034e+03 4.183511643749999731e-01
3.050769706739999947e+03 4.232670926800000122e-01
3.052258592380000209e+03 4.260842944750000139e-01
3.053747478010000123e+03 4.258485987389999949e-01
3.055236363640000036e+03 4.223419800000000057e-01
3.056725249269999949e+03 4.240875079940000236e-01
3.058214134899999863e+03 4.308163805160000193e-01
3.059703020529999776e+03 4.392968470849999973e-01
3.061191906160000144e+03 4.399614672609999944e-01
3.062680791790000058e+03 4.392048604689999802e-01
3.064169677419999971e+03 4.322746521290000143e-01
3.065658563049999884e+03 4.330569510669999844e-01
3.067147448679999798e+03 4.314129362110000199e-01
3.068636334310000166e+03 4.364475790790000032e-01
3.070125219940000079e+03 4.366458523749999765e-01
3.071614105569999992e+03 4.377165807510000062e-01
3.073102991199999906e+03 4.351444577599999919e-01
3.074591876829999819e+03 4.386450231790000043e-01
3.076080762460000187e+03 4.383117319879999974e-01
3.077569648090000101e+03 4.406170845449999818e-01
3.079058533720000014e+03 4.432441188969999946e-01
3.080547419349999927e+03 4.463463645810000213e-01
3.082036304990000190e+03 4.474976850440000042e-01
3.083525190620000103e+03 4.461458143170000112e-01
3.085014076250000016e+03 4.460488746629999723e-01
3.086502961879999930e+03 4.427996489850000161e-01
3.087991847509999843e+03 4.452924089740000202e-01
3.089480733140000211e+03 4.481358216190000077e-01
3.090969618770000125e+03 4.514585457240000155e-01
3.092458504400000038e+03 4.575045037539999804e-01
3.093947390029999951e+03 4.550814463230000162e-01
3.095436275659999865e+03 4.608482970380000099e-01
3.096925161289999778e+03 4.630589840000000068e-01
3.098414046920000146e+03 4.654054401109999906e-01
3.099902932550000060e+03 4.660129556600000056e-01
3.101391818179999973e+03 4.655558245449999966e-01
3.102880703809999886e+03 4.652044586279999727e-01
3.104369589439999800e+03 4.669022069789999785e-01
3.105858475070000168e+03 4.639612145690000244e-01
3.107347360700000081e+03 4.632349260999999996e-01
3.108836246329999994e+03 4.626167611499999999e-01
3.110325131959999908e+03 4.621403306799999888e-01
3.111814017600000170e+03 4.690489858770000020e-01
3.113302903230000084e+03 4.727849325810000169e-01
3.114791788859999997e+03 4.742709359530000168e-01
3.116280674489999910e+03 4.748012110559999832e-01
3.117769560119999824e+03 4.732162586040000174e-01
3.119258445750000192e+03 4.782236402700000277e-01
3.120747331380000105e+03 4.823938017830000091e-01
3.122236217010000018e+03 4.805887507330000030e-01
3.123725102639999932e+03 4.744298839300000181e-01
3.125213988269999845e+03 4.742799200880000177e-01
3.126702873900000213e+03 4.775612500529999860e-01
3.128191759530000127e+03 4.868836531849999871e-01
3.129680645160000040e+03 4.977691090320000011e-01
3.131169530789999953e+03 5.016202004280000404e-01
3.132658416419999867e+03 5.001287866039999530e-01
3.134147302049999780e+03 4.933553117889999950e-01
3.135636187680000148e+03 4.905561662399999800e-01
3.137125073310000062e+03 4.883138421409999874e-01
3.138613958939999975e+03 4.953876325039999751e-01
3.140102844569999888e+03 5.006808316769999490e-01
3.141591730210000151e+03 5.034371905919999834e-01
3.143080615840000064e+03 5.063584670559999612e-01
3.144569501469999977e+03 5.004714802349999880e-01
3.146058387099999891e+03 4.976676963230000084e-01
3.147547272729999804e+03 4.996162730909999850e-01
3.149036158360000172e+03 5.082771683640000537e-01
3.150525043990000086e+03 5.179048995780000109e-01
3.152013929619999999e+03 5.230225937539999537e-01
3.153502815249999912e+03 5.231994843399999651e-01
3.154991700879999826e+03 5.260362581349999900e-01
3.156480586510000194e+03 5.238251331850000136e-01
3.157969472140000107e+03 5.260599257539999574e-01
3.159458357770000021e+03 5.277052206450000282e-01
3.160947243399999934e+03 5.265114361939999821e-01
3.162436129029999847e+03 5.273040393550000315e-01
3.163925014660000215e+03 5.278683251200000370e-01
3.165413900290000129e+03 5.290156401640000450e-01
3.166902785920000042e+03 5.311739788860000422e-01
3.168391671549999955e+03 5.356185439180000118e-01
3.169880557179999869e+03 5.411262673369999776e-01
3.171369442820000131e+03 5.426677418530000407e-01
3.172858328450000045e+03 5.497987086860000039e-01
3.174347214079999958e+03 5.457149045750000482e-01
3.175836099709999871e+03 5.484581144569999900e-01
3.177324985339999785e+03 5.441813109559999750e-01
3.178813870970000153e+03 5.440743268390000331e-01
3.180302756600000066e+03 5.491481652199999841e-01
3.181791642229999979e+03 5.544903883580000192e-01
3.183280527859999893e+03 5.593038529380000012e-01
3.184769413489999806e+03 5.570899830500000149e-01
3.186258299120000174e+03 5.574991447389999744e-01
3.187747184750000088e+03 5.594759747799999960e-01
3.189236070380000001e+03 5.637817053370000053e-01
3.190724956009999914e+03 5.689043416419999888e-01
3.192213841639999828e+03 5.752822546739999598e-01
3.193702727270000196e+03 5.831459572730000041e-01
3.195191612900000109e+03 5.909121634839999970e-01
3.196680498530000023e+03 5.951089474780000277e-01
3.198169384159999936e+03 5.963712237649999581e-01
3.199658269789999849e+03 5.923152182819999556e-01
3.201147155430000112e+03 5.939829214189999984e-01
3.202636041060000025e+03 5.952328552140000451e-01
3.204124926689999938e+03 6.031418840469999765e-01
3.205613812319999852e+03 6.090407176069999595e-01
3.207102697950000220e+03 6.176660231320000305e-01
3.208591583580000133e+03 6.251183073489999797e-01
3.210080469210000047e+03 6.268587286219999832e-01
3.211569354839999960e+03 6.230633738709999703e-01
3.213058240469999873e+03 6.179650871440000026e-01
3.214547126099999787e+03 6.112002959410000047e-01
3.216036011730000155e+03 6.190081527740000089e-01
3.217524897360000068e+03 6.288326774600000446e-01
3.219013782989999982e+03 6.372119737829999853e-01
3.220502668619999895e+03 6.443157074130000384e-01
3.221991554249999808e+03 6.445766820649999618e-01
3.223480439880000176e+03 6.501094815660000137e-01
3.224969325510000090e+03 6.485327041409999493e-01
3.226458211140000003e+03 6.499670239300000540e-01
3.227947096769999916e+03 6.502776956129999730e-01
3.229435982399999830e+03 6.532602609090000234e-01
3.230924868040000092e+03 6.581585549909999555e-01
3.232413753670000006e+03 6.604974742870000082e-01
3.233902639299999919e+03 6.674484113780000394e-01
3.235391524929999832e+03 6.642879593899999602e-01
3.236880410560000200e+03 6.661925571260000067e-01
3.238369296190000114e+03 6.673875943989999726e-01
3.239858181820000027e+03 6.671700094550000459e-01
3.241347067449999940e+03 6.681860318179999592e-01
3.242835953079999854e+03 6.749719104750000476e-01
3.244324838710000222e+03 6.780424909029999503e-01
3.245813724340000135e+03 6.851673788859999892e-01
3.247302609970000049e+03 6.865647974370000517e-01
3.248791495599999962e+03 6.919430378890000233e-01
3.250280381229999875e+03 6.896733792550000519e-01
3.251769266859999789e+03 6.917587340649999916e-01
3.253258152490000157e+03 6.842177786509999748e-01
3.254747038120000070e+03 6.849961316010000356e-01
3.256235923749999984e+03 6.929975345450000157e-01
3.257724809379999897e+03 7.008814047039999551e-01
3.259213695009999810e+03 7.111500245980000301e-01
3.260702580650000073e+03 7.130701567739999858e-01
3.262191466279999986e+03 7.194635911729999611e-01
3.263680351909999899e+03 7.226191792380000090e-01
3.265169237539999813e+03 7.250666063809999562e-01
3.266658123170000181e+03 7.317106002700000111e-01
3.268147008800000094e+03 7.313659812020000262e-01
3.269635894430000008e+03 7.291023011139999843e-01
3.271124780059999921e+03 7.287456137829999570e-01
3.272613665689999834e+03 7.330819958480000453e-01
3.274102551320000202e+03 7.428947506040000093e-01
3.275591436950000116e+03 7.458201363519999516e-01
3.277080322580000029e+03 7.457171136129999711e-01
3.278569208209999942e+03 7.494600090909999679e-01
3.280058093839999856e+03 7.506893848500000299e-01
3.281546979470000224e+03 7.630477619240000342e-01
3.283035865100000137e+03 7.578086836070000443e-01
3.284524750730000051e+03 7.547329853259999721e-01
3.286013636359999964e+03 7.491106372729999796e-01
3.287502521989999877e+03 7.521059333259999535e-01
3.288991407619999791e+03 7.535287923750000338e-01
3.290480293260000053e+03 7.588443015010000181e-01
3.291969178889999966e+03 7.491117628390000505e-01
3.293458064519999880e+03 7.533296716130000181e-01
3.294946950149999793e+03 7.532640537600000519e-01
3.296435835780000161e+03 7.574052835889999447e-01
3.297924721410000075e+03 7.558634650090000351e-01
3.299413607039999988e+03 7.497866738299999723e-01
3.300902492669999901e+03 7.530167302350000424e-01
3.302391378299999815e+03 7.611241968330000329e-01
3.303880263930000183e+03 7.637980292379999980e-01
3.305369149560000096e+03 7.580092447980000259e-01
3.306858035190000010e+03 7.511890921289999801e-01
3.308346920819999923e+03 7.482160185920000428e-01
3.309835806449999836e+03 7.478400996130000200e-01
3.311324692080000204e+03 7.491600873310000352e-01
3.312813577710000118e+03 7.497144383989999827e-01
3.314302463340000031e+03 7.492567790619999446e-01
3.315791348969999945e+03 7.507718466570000304e-01
3.317280234599999858e+03 7.525040292669999964e-01
3.318769120230000226e+03 7.554644661060000432e-01
3.320258005870000034e+03 7.617848837299999731e-01
3.321746891499999947e+03 7.662822779529999684e-01
3.323235777129999860e+03 7.650779828739999733e-01
3.324724662759999774e+03 7.688039828680000021e-01
3.326213548390000142e+03 7.690746996130000124e-01
3.327702434020000055e+03 7.671727403870000073e-01
3.329191319649999969e+03 7.641183474020000199e-01
3.330680205279999882e+03 7.679357361580000374e-01
3.332169090909999795e+03 7.698062436360000316e-01
3.333657976540000163e+03 7.712565713960000124e-01
3.335146862170000077e+03 7.714034841879999771e-01
3.336635747799999990e+03 7.692298188799999714e-01
3.338124633429999903e+03 7.750792553669999529e-01
3.339613519059999817e+03 7.753041706390000343e-01
3.341102404690000185e+03 7.695334929270000179e-01
3.342591290320000098e+03 7.647293417420000239e-01
3.344080175950000012e+03 7.635723759179999792e-01
3.345569061579999925e+03 7.657343121990000112e-01
3.347057947209999838e+03 7.705556832729999472e-01
3.348546832840000206e+03 7.719690666799999823e-01
3.350035718480000014e+03 7.796929799409999529e-01
3.351524604109999927e+03 7.831336536599999842e-01
3.353013489739999841e+03 7.879015279180000553e-01
3.354502375370000209e+03 7.818314263929999619e-01
3.355991261000000122e+03 7.788769733139999651e-01
3.357480146630000036e+03 7.727293184050000319e-01
3.358969032259999949e+03 7.736538423230000516e-01
3.360457917889999862e+03 7.716052877129999654e-01
3.361946803519999776e+03 7.762271432139999927e-01
3.363435689150000144e+03 7.759252218419999680e-01
3.364924574780000057e+03 7.731811842350000408e-01
3.366413460409999971e+03 7.790771631670000419e-01
3.367902346039999884e+03 7.821101266279999464e-01
3.369391231669999797e+03 7.890544152670000422e-01
3.370880117300000165e+03 7.889437838480000131e-01
3.372369002930000079e+03 7.825229897650000099e-01
3.373857888559999992e+03 7.818673740179999943e-01
3.375346774189999906e+03 7.877903422580000425e-01
3.376835659819999819e+03 7.948869547210000164e-01
3.378324545450000187e+03 8.033089990909999534e-01
3.379813431089999995e+03 8.040269413720000369e-01
3.381302316719999908e+03 8.076267503809999582e-01
3.382791202349999821e+03 8.065158903229999732e-01
3.384280087980000189e+03 8.083113552080000153e-01
3.385768973610000103e+03 8.082405197069999492e-01
3.387257859240000016e+03 8.014031281819999908e-01
3.388746744869999930e+03 7.977898130089999817e-01
3.390235630499999843e+03 7.824330561000000239e-01
3.391724516130000211e+03 7.808165347100000098e-01
3.393213401760000124e+03 7.781797461820000317e-01
3.394702287390000038e+03 7.793762539470000528e-01
3.396191173019999951e+03 7.775375440649999748e-01
3.397680058649999864e+03 7.726102570089999899e-01
3.399168944279999778e+03 7.743287795479999458e-01
3.400657829910000146e+03 7.856639711789999980e-01
3.402146715540000059e+03 7.970038629619999870e-01
3.403635601169999973e+03 7.976077616540000470e-01
3.405124486799999886e+03 7.931610853670000294e-01
3.406613372429999799e+03 7.909722107450000150e-01
3.408102258060000167e+03 7.907666560649999621e-01
3.409591143699999975e+03 7.916361828269999901e-01
3.411080029329999888e+03 7.879165696480000536e-01
3.412568914959999802e+03 7.876563580059999792e-01
3.414057800590000170e+03 7.874625394549999990e-01
3.415546686220000083e+03 7.851083626389999681e-01
3.417035571849999997e+03 7.787025551670000434e-01
3.418524457479999910e+03 7.852034179710000172e-01
3.420013343109999823e+03 7.927784742819999897e-01
3.421502228740000191e+03 8.050554509439999951e-01
3.422991114370000105e+03 8.124307128619999707e-01
3.424480000000000018e+03 8.140173440000000316e-01
3.425968885629999932e+03 8.141934707450000364e-01
3.427457771259999845e+03 8.132036015250000416e-01
3.428946656890000213e+03 8.123066896299999673e-01
3.430435542520000126e+03 8.117558399880000497e-01
3.431924428150000040e+03 8.053998195249999492e-01
3.433413313779999953e+03 7.996924215840000016e-01
3.434902199409999866e+03 7.973400533140000412e-01
3.436391085039999780e+03 8.028103535949999703e-01
3.437879970670000148e+03 8.103680034489999517e-01
3.439368856300000061e+03 8.190677632839999944e-01
3.440857741939999869e+03 8.206071963230000543e-01
3.442346627569999782e+03 8.139131910260000158e-01
3.443835513200000150e+03 8.035058329269999522e-01
3.445324398830000064e+03 8.047153265569999547e-01
3.446813284459999977e+03 8.033149059240000112e-01
3.448302170089999890e+03 8.052441163169999916e-01
3.449791055719999804e+03 8.076604140180000391e-01
3.451279941350000172e+03 8.129386542049999997e-01
3.452768826980000085e+03 8.180873419180000328e-01
3.454257712609999999e+03 8.100807733610000394e-01
3.455746598239999912e+03 8.057817948559999888e-01
3.457235483869999825e+03 8.032802187099999935e-01
3.458724369500000194e+03 8.024553634959999959e-01
3.460213255130000107e+03 8.008822241290000088e-01
3.461702140760000020e+03 8.027356364629999463e-01
3.463191026389999934e+03 8.122918758589999788e-01
3.464679912019999847e+03 8.092181643700000482e-01
3.466168797650000215e+03 8.105342253720000389e-01
3.467657683280000128e+03 8.061786236660000160e-01
3.469146568910000042e+03 8.062221577949999496e-01
3.470635454549999849e+03 8.075479176359999789e-01
3.472124340180000218e+03 7.991332299119999760e-01
3.473613225810000131e+03 8.042191893550000303e-01
3.475102111440000044e+03 8.038575778300000030e-01
3.476590997069999958e+03 8.091730690149999683e-01
3.478079882699999871e+03 8.111274053260000283e-01
3.479568768329999784e+03 8.070927664220000075e-01
3.481057653960000152e+03 8.056412565510000512e-01
3.482546539590000066e+03 8.019557048150000034e-01
3.484035425219999979e+03 7.965047536070000156e-01
3.485524310849999893e+03 7.909313169330000060e-01
3.487013196479999806e+03 7.914645160119999634e-01
3.488502082110000174e+03 8.015071579410000258e-01
3.489990967740000087e+03 8.034882984519999827e-01
3.491479853370000001e+03 8.019196685920000345e-01
3.492968738999999914e+03 7.981019645750000446e-01
3.494457624629999827e+03 7.970618521410000046e-01
3.495946510260000196e+03 7.991436276479999545e-01
3.497435395890000109e+03 8.024584265449999920e-01
3.498924281520000022e+03 8.008917003279999447e-01
3.500413167159999830e+03 8.146506115780000057e-01
3.501902052790000198e+03 8.272518825810000198e-01
3.503390938420000111e+03 8.402219222169999835e-01
3.504879824050000025e+03 8.485958082110000023e-01
3.506368709679999938e+03 8.429142145810000208e-01
3.507857595309999851e+03 8.433721065810000361e-01
3.509346480940000220e+03 8.335734459820000053e-01
3.510835366570000133e+03 8.295385665219999760e-01
3.512324252200000046e+03 8.295896925160000102e-01
3.513813137829999960e+03 8.294452231790000463e-01
3.515302023459999873e+03 8.310931604339999446e-01
3.516790909089999786e+03 8.316835818179999507e-01
3.518279794720000154e+03 8.403696275430000417e-01
3.519768680350000068e+03 8.421471515780000194e-01
3.521257565979999981e+03 8.441420406799999832e-01
3.522746451609999895e+03 8.376346443869999714e-01
3.524235337239999808e+03 8.315172396190000370e-01
3.525724222870000176e+03 8.250736360349999465e-01
3.527213108500000089e+03 8.203620606389999681e-01
3.528701994130000003e+03 8.187016843279999456e-01
3.530190879769999810e+03 8.232490844630000471e-01
3.531679765400000178e+03 8.256560086799999976e-01
3.533168651030000092e+03 8.336305892840000231e-01
3.534657536660000005e+03 8.333806689849999616e-01
3.536146422289999919e+03 8.338360083110000209e-01
3.537635307919999832e+03 8.349535679530000198e-01
3.539124193550000200e+03 8.330337006450000414e-01
3.540613079180000113e+03 8.291795951670000164e-01
3.542101964810000027e+03 8.246872613610000124e-01
3.543590850439999940e+03 8.251098314489999641e-01
3.545079736069999853e+03 8.278913998710000222e-01
3.546568621700000222e+03 8.311567122580000300e-01
3.548057507330000135e+03 8.304738022869999625e-01
3.549546392960000048e+03 8.308863562229999999e-01
3.551035278589999962e+03 8.340780481520000400e-01
3.552524164219999875e+03 8.400272919650000336e-01
3.554013049849999788e+03 8.394142862169999830e-01
3.555501935480000157e+03 8.389147171609999676e-01
3.556990821110000070e+03 8.299788394489999721e-01
3.558479706739999983e+03 8.214390037069999595e-01
3.559968592379999791e+03 8.160727277420000148e-01
3.561457478010000159e+03 8.133706086219999465e-01
3.562946363640000072e+03 8.157223565450000269e-01
3.564435249269999986e+03 8.237254423809999837e-01
3.565924134899999899e+03 8.331718401169999622e-01
3.567413020529999812e+03 8.389837668270000437e-01
3.568901906160000181e+03 8.383633696190000428e-01
3.570390791790000094e+03 8.332707864399999664e-01
3.571879677420000007e+03 8.321370206449999474e-01
3.573368563049999921e+03 8.286059691610000444e-01
3.574857448679999834e+03 8.322069487979999458e-01
3.576346334310000202e+03 8.227849123170000167e-01
3.577835219940000115e+03 8.163215636010000553e-01
3.579324105570000029e+03 8.166934762109999690e-01
3.580812991199999942e+03 8.189133731090000312e-01
3.582301876829999856e+03 8.242345189440000164e-01
3.583790762460000224e+03 8.159105557179999746e-01
3.585279648090000137e+03 8.054043547329999830e-01
3.586768533720000050e+03 8.066601922170000272e-01
3.588257419349999964e+03 8.097108460649999895e-01
3.589746304990000226e+03 8.188268722460000371e-01
3.591235190620000139e+03 8.234009147799999928e-01
3.592724076250000053e+03 8.240853078480000482e-01
3.594212961879999966e+03 8.195668443400000447e-01
3.595701847509999880e+03 8.150159327920000196e-01
3.597190733139999793e+03 8.171729560229999967e-01
3.598679618770000161e+03 8.164512996480000062e-01
3.600168504400000074e+03 8.137057919769999925e-01
3.601657390029999988e+03 8.096144714249999819e-01
3.603146275659999901e+03 8.127209477889999478e-01
3.604635161289999814e+03 8.179422765160000441e-01
3.606124046920000183e+03 8.229786870969999502e-01
3.607612932550000096e+03 8.224278786690000231e-01
3.609101818180000009e+03 8.137177756360000069e-01
3.610590703809999923e+03 8.080143367450000058e-01
3.612079589439999836e+03 8.055399326690000361e-01
3.613568475070000204e+03 8.062478365399999847e-01
3.615057360700000118e+03 8.126936695719999548e-01
3.616546246330000031e+03 8.142093745039999941e-01
3.618035131959999944e+03 8.154024661109999794e-01
3.619524017600000207e+03 8.158685102820000257e-01
3.621012903230000120e+03 8.086192225810000522e-01
3.622501788860000033e+03 8.121932167269999558e-01
3.623990674489999947e+03 8.122797880700000084e-01
3.625479560119999860e+03 8.181660274080000406e-01
3.626968445749999773e+03 8.188156387570000305e-01
3.628457331380000142e+03 8.172438166280000527e-01
3.629946217010000055e+03 8.119225791549999904e-01
3.631435102639999968e+03 8.081139261880000424e-01
3.632923988269999882e+03 8.032873910029999509e-01
3.634412873899999795e+03 8.021532219410000275e-01
3.635901759530000163e+03 8.011390184159999928e-01
3.637390645160000076e+03 8.057070369030000512e-01
3.638879530789999990e+03 8.093354728449999591e-01
3.640368416419999903e+03 8.152135768149999517e-01
3.641857302049999817e+03 8.144397561759999515e-01
3.643346187680000185e+03 8.118808015249999732e-01
3.644835073310000098e+03 8.099141978060000469e-01
3.646323958940000011e+03 8.062574887679999636e-01
3.647812844569999925e+03 8.079502753080000099e-01
3.649301730210000187e+03 8.112081944929999677e-01
3.650790615840000100e+03 8.159244045750000396e-01
3.652279501470000014e+03 8.215303983870000382e-01
3.653768387099999927e+03 8.246289175480000511e-01
3.655257272729999841e+03 8.249093803639999667e-01
3.656746158360000209e+03 8.161479361169999835e-01
3.658235043990000122e+03 8.054064917600000095e-01
3.659723929620000035e+03 8.043354933840000109e-01
3.661212815249999949e+03 8.073642060350000316e-01
3.662701700879999862e+03 8.152035292789999721e-01
3.664190586509999775e+03 8.137264499820000552e-01
3.665679472140000144e+03 8.033349911439999769e-01
3.667168357770000057e+03 8.007978217479999605e-01
3.668657243399999970e+03 7.989621090209999554e-01
3.670146129029999884e+03 8.025133385160000410e-01
3.671635014659999797e+03 8.052442497949999778e-01
3.673123900290000165e+03 7.987320031669999931e-01
3.674612785920000078e+03 8.013300346980000155e-01
3.676101671549999992e+03 7.981670766159999486e-01
3.677590557179999905e+03 8.039084799650000335e-01
3.679079442820000168e+03 8.084032509849999881e-01
3.680568328450000081e+03 8.113288998240000272e-01
3.682057214079999994e+03 8.078717002519999468e-01
3.683546099709999908e+03 8.056983376299999833e-01
3.685034985339999821e+03 8.053096393309999712e-01
3.686523870970000189e+03 8.023222716129999599e-01
3.688012756600000102e+03 8.022073118770000066e-01
3.689501642230000016e+03 8.047574860289999910e-01
3.690990527859999929e+03 8.177492402760000445e-01
3.692479413489999843e+03 8.359533271079999661e-01
3.693968299120000211e+03 8.599896972489999847e-01
3.695457184750000124e+03 8.760508426390000158e-01
3.696946070380000037e+03 8.743725647860000061e-01
3.698434956009999951e+03 8.735367306739999504e-01
3.699923841639999864e+03 8.695079019410000276e-01
3.701412727269999777e+03 8.716778941820000348e-01
3.702901612900000146e+03 8.732213309680000313e-01
3.704390498530000059e+03 8.759721882230000478e-01
3.705879384159999972e+03 8.757084536539999631e-01
3.707368269789999886e+03 8.741615576069999838e-01
3.708857155430000148e+03 8.779884194310000334e-01
3.710346041060000061e+03 8.804535594719999914e-01
3.711834926689999975e+03 8.863117188739999541e-01
3.713323812319999888e+03 8.816295370910000040e-01
3.714812697949999801e+03 8.729220309620000506e-01
3.716301583580000170e+03 8.677943547209999720e-01
3.717790469210000083e+03 8.643912343990000080e-01
3.719279354839999996e+03 8.668204099349999803e-01
3.720768240469999910e+03 8.693697368089999822e-01
3.722257126099999823e+03 8.664739272960000349e-01
3.723746011730000191e+03 8.637114476420000297e-01
3.725234897360000105e+03 8.637690413490000108e-01
3.726723782990000018e+03 8.655443481879999679e-01
3.728212668619999931e+03 8.616350875430000000e-01
3.729701554249999845e+03 8.605726894190000031e-01
3.731190439880000213e+03 8.583207320000000307e-01
3.732679325510000126e+03 8.621073313779999969e-01
3.734168211140000039e+03 8.679453097599999500e-01
3.735657096769999953e+03 8.633366347099999949e-01
3.737145982399999866e+03 8.595495667570000053e-01
3.738634868040000129e+03 8.527718318650000517e-01
3.740123753670000042e+03 8.542909686799999847e-01
3.741612639299999955e+03 8.540688843989999723e-01
3.743101524929999869e+03 8.552686173019999893e-01
3.744590410559999782e+03 8.564346964279999641e-01
3.746079296190000150e+03 8.614772454779999755e-01
3.747568181820000063e+03 8.670657909090000448e-01
3.749057067449999977e+03 8.712207537599999663e-01
3.750545953079999890e+03 8.704549596770000397e-01
3.752034838709999804e+03 8.708398541940000070e-01
3.753523724340000172e+03 8.689104564280000220e-01
3.755012609970000085e+03 8.677130931380000467e-01
3.756501495599999998e+03 8.727147330910000056e-01
3.757990381229999912e+03 8.799261004220000348e-01
3.759479266859999825e+03 8.847211896479999504e-01
3.760968152490000193e+03 8.824046630849999850e-01
3.762457038120000107e+03 8.753785347800000505e-01
3.763945923750000020e+03 8.625264840120000498e-01
3.765434809379999933e+03 8.558432398530000373e-01
3.766923695009999847e+03 8.537120507209999820e-01
3.768412580650000109e+03 8.569499255479999800e-01
3.769901466280000022e+03 8.594448300879999891e-01
3.771390351909999936e+03 8.584343773489999663e-01
3.772879237539999849e+03 8.531957690210000278e-01
3.774368123170000217e+03 8.535582852490000150e-01
3.775857008800000131e+03 8.604249801640000417e-01
3.777345894430000044e+03 8.640131412610000394e-01
3.778834780059999957e+03 8.636065661470000432e-01
3.780323665689999871e+03 8.631006589209999635e-01
3.781812551319999784e+03 8.727959884929999967e-01
3.783301436950000152e+03 8.753987945100000223e-01
3.784790322580000065e+03 8.727167251609999621e-01
3.786279208209999979e+03 8.664251792260000418e-01
3.787768093839999892e+03 8.655891102989999863e-01
3.789256979469999806e+03 8.641021574310000508e-01
3.790745865100000174e+03 8.654457985689999466e-01
3.792234750730000087e+03 8.641527785629999903e-01
3.793723636360000000e+03 8.640333596360000312e-01
3.795212521989999914e+03 8.651470142760000481e-01
3.796701407619999827e+03 8.690854936420000509e-01
3.798190293260000090e+03 8.691957392789999570e-01
3.799679178890000003e+03 8.669021062759999507e-01
3.801168064519999916e+03 8.607309498709999618e-01
3.802656950149999830e+03 8.525392292900000335e-01
3.804145835780000198e+03 8.565075219179999477e-01
3.805634721410000111e+03 8.575753166799999772e-01
3.807123607040000024e+03 8.638994573310000424e-01
3.808612492669999938e+03 8.599342510030000275e-01
3.810101378299999851e+03 8.628609839059999675e-01
3.811590263930000219e+03 8.582478828859999576e-01
3.813079149560000133e+03 8.659995632320000025e-01
3.814568035190000046e+03 8.702661327270000413e-01
3.816056920819999959e+03 8.744025791380000134e-01
3.817545806449999873e+03 8.778230442579999515e-01
3.819034692079999786e+03 8.708176171849999481e-01
3.820523577710000154e+03 8.683000541469999556e-01
3.822012463340000068e+03 8.589277999709999944e-01
3.823501348969999981e+03 8.585440859709999595e-01
3.824990234599999894e+03 8.582266642579999827e-01
3.826479120229999808e+03 8.640769176300000520e-01
3.827968005870000070e+03 8.649875837299999537e-01
3.829456891499999983e+03 8.614970109089999939e-01
3.830945777129999897e+03 8.577015333140000086e-01
3.832434662759999810e+03 8.568479529500000469e-01
3.833923548390000178e+03 8.572282755479999627e-01
3.835412434020000092e+03 8.592161403520000018e-01
3.836901319650000005e+03 8.580030051029999827e-01
3.838390205279999918e+03 8.548404010910000128e-01
3.839879090909999832e+03 8.573147374549999755e-01
3.841367976540000200e+03 8.525717192020000335e-01
3.842856862170000113e+03 8.542438867620000265e-01
3.844345747800000026e+03 8.548854973609999464e-01
3.845834633429999940e+03 8.581567917360000131e-01
3.847323519059999853e+03 8.608984533489999480e-01
3.848812404690000221e+03 8.600853794130000063e-01
3.850301290320000135e+03 8.591824289030000061e-01
3.851790175950000048e+03 8.575677702049999684e-01
3.853279061579999961e+03 8.562572231320000338e-01
3.854767947209999875e+03 8.526543391549999962e-01
3.856256832839999788e+03 8.490936375009999759e-01
3.857745718480000050e+03 8.498242650259999476e-01
3.859234604109999964e+03 8.548614720230000019e-01
3.860723489739999877e+03 8.582122498830000445e-01
3.862212375369999791e+03 8.600546226280000317e-01
3.863701261000000159e+03 8.539979627679999963e-01
3.865190146630000072e+03 8.512599140650000118e-01
3.866679032259999985e+03 8.474131241939999448e-01
3.868167917889999899e+03 8.497605932789999983e-01
3.869656803519999812e+03 8.556989251959999931e-01
3.871145689150000180e+03 8.593085342399999771e-01
3.872634574780000094e+03 8.656644709909999680e-01
3.874123460410000007e+03 8.573342836359999497e-01
3.875612346039999920e+03 8.533151170670000285e-01
3.877101231669999834e+03 8.525116175600000457e-01
3.878590117300000202e+03 8.529549436359999959e-01
3.880079002930000115e+03 8.601120403169999484e-01
3.881567888560000029e+03 8.578658940760000018e-01
3.883056774189999942e+03 8.560252149679999922e-01
3.884545659819999855e+03 8.510104226860000232e-01
3.886034545450000223e+03 8.477153218180000227e-01
3.887523431090000031e+03 8.441105656890000031e-01
3.889012316719999944e+03 8.489244445160000208e-01
3.890501202349999858e+03 8.480707464400000228e-01
3.891990087980000226e+03 8.482166617709999690e-01
3.893478973610000139e+03 8.483524136360000023e-01
3.894967859240000053e+03 8.461056022289999978e-01
3.896456744869999966e+03 8.482531544570000026e-01
3.897945630499999879e+03 8.481252241169999762e-01
3.899434516129999793e+03 8.457351864519999651e-01
3.900923401760000161e+03 8.427601777130000471e-01
3.902412287390000074e+03 8.417702791729999579e-01
3.903901173019999987e+03 8.512196076829999791e-01
3.905390058649999901e+03 8.569710287270000393e-01
3.906878944279999814e+03 8.641971692200000055e-01
3.908367829910000182e+03 8.583086848209999786e-01
3.909856715540000096e+03 8.526972332200000171e-01
3.911345601170000009e+03 8.459633300879999540e-01
3.912834486799999922e+03 8.460440291499999876e-01
3.914323372429999836e+03 8.469129703229999473e-01
3.915812258060000204e+03 8.539961598709999713e-01
3.917301143700000011e+03 8.505810934430000358e-01
3.918790029329999925e+03 8.524783970670000155e-01
3.920278914959999838e+03 8.526575902869999446e-01
3.921767800590000206e+03 8.512345724569999605e-01
3.923256686220000120e+03 8.488286163339999746e-01
3.924745571850000033e+03 8.485399973020000264e-01
3.926234457479999946e+03 8.508637940759999907e-01
3.927723343109999860e+03 8.533659069790000551e-01
3.929212228739999773e+03 8.483436096359999734e-01
3.930701114370000141e+03 8.447426575369999524e-01
3.932190000000000055e+03 8.455993419999999761e-01
3.933678885629999968e+03 8.487741948970000117e-01
3.935167771259999881e+03 8.495183662819999482e-01
3.936656656889999795e+03 8.450058509790000505e-01
3.938145542520000163e+03 8.391833605920000494e-01
3.939634428150000076e+03 8.411512758360000230e-01
3.941123313779999989e+03 8.422710075070000135e-01
3.942612199409999903e+03 8.427246458770000226e-01
3.944101085039999816e+03 8.451543171440000224e-01
3.945589970670000184e+03 8.476457244339999919e-01
3.947078856300000098e+03 8.521840441410000189e-01
3.948567741939999905e+03 8.563939974190000193e-01
3.950056627569999819e+03 8.519946099709999610e-01
3.951545513200000187e+03 8.474863612899999898e-01
3.953034398830000100e+03 8.435079092020000280e-01
3.954523284460000013e+03 8.420123931380000259e-01
3.956012170089999927e+03 8.404030430790000450e-01
3.957501055719999840e+03 8.418814984750000452e-01
3.958989941350000208e+03 8.453498144400000136e-01
3.960478826980000122e+03 8.437005729740000293e-01
3.961967712610000035e+03 8.421610144279999544e-01
3.963456598239999948e+03 8.387091846330000378e-01
3.964945483869999862e+03 8.399233739999999449e-01
3.966434369499999775e+03 8.453095262290000189e-01
3.967923255130000143e+03 8.457789836829999741e-01
3.969412140760000057e+03 8.499653074020000476e-01
3.970901026389999970e+03 8.477026346329999962e-01
3.972389912019999883e+03 8.439697426629999555e-01
3.973878797649999797e+03 8.394193790030000102e-01
3.975367683280000165e+03 8.370112553549999834e-01
3.976856568910000078e+03 8.394629268269999667e-01
3.978345454549999886e+03 8.431866272729999778e-01
3.979834340179999799e+03 8.401568110620000196e-01
3.981323225810000167e+03 8.366571176770000173e-01
3.982812111440000081e+03 8.294094168560000035e-01
3.984300997069999994e+03 8.282201695249999940e-01
3.985789882699999907e+03 8.277117992379999789e-01
3.987278768329999821e+03 8.325593645750000160e-01
3.988767653960000189e+03 8.296451698010000042e-01
3.990256539590000102e+03 8.328275371379999514e-01
3.991745425220000016e+03 8.241460933780000442e-01
3.993234310849999929e+03 8.312734219349999787e-01
3.994723196479999842e+03 8.340026119710000074e-01
3.996212082110000210e+03 8.385020334310000489e-01
3.997700967740000124e+03 8.403649410969999956e-01
3.999189853370000037e+03 8.399912561169999847e-01
4.000678738999999950e+03 8.332197458940000523e-01
4.002167624629999864e+03 8.363036535840000507e-01
4.003656510259999777e+03 8.366324356830000530e-01
4.005145395890000145e+03 8.441369505339999524e-01
4.006634281520000059e+03 8.483546861409999584e-01
4.008123167159999866e+03 8.481447416420000440e-01
4.009612052789999780e+03 8.471178303930000375e-01
4.011100938420000148e+03 8.421431787569999550e-01
4.012589824050000061e+03 8.432953801110000258e-01
4.014078709679999974e+03 8.373543250320000242e-01
4.015567595309999888e+03 8.381547569210000548e-01
4.017056480939999801e+03 8.355882255840000328e-01
4.018545366570000169e+03 8.292229715190000405e-01
4.020034252200000083e+03 8.282464248330000389e-01
4.021523137829999996e+03 8.281183339880000549e-01
4.023012023459999909e+03 8.347121423459999967e-01
4.024500909089999823e+03 8.277717907270000230e-01
4.025989794720000191e+03 8.216280252550000052e-01
4.027478680350000104e+03 8.119487340650000107e-01
4.028967565980000018e+03 8.235493168330000335e-01
4.030456451609999931e+03 8.323426619349999500e-01
4.031945337239999844e+03 8.435808749330000467e-01
4.033434222870000212e+03 8.413284442990000001e-01
4.034923108500000126e+03 8.404290771500000368e-01
4.036411994130000039e+03 8.402916681059999782e-01
4.037900879769999847e+03 8.411150894429999525e-01
4.039389765400000215e+03 8.405370011030000033e-01
4.040878651030000128e+03 8.399789141469999887e-01
4.042367536660000042e+03 8.391888712199999656e-01
4.043856422289999955e+03 8.354195476719999958e-01
4.045345307919999868e+03 8.313415411440000513e-01
4.046834193549999782e+03 8.252295807739999933e-01
4.048323079180000150e+03 8.224586072670000414e-01
4.049811964810000063e+03 8.196650223460000273e-01
4.051300850439999977e+03 8.175784168680000352e-01
4.052789736069999890e+03 8.242927987679999902e-01
4.054278621699999803e+03 8.243155227159999487e-01
4.055767507330000171e+03 8.360188028620000322e-01
4.057256392960000085e+03 8.407030406509999887e-01
4.058745278589999998e+03 8.408699302519999641e-01
4.060234164219999911e+03 8.381725387680000194e-01
4.061723049849999825e+03 8.375518323399999687e-01
4.063211935480000193e+03 8.318765083870000021e-01
4.064700821110000106e+03 8.342071825450000366e-01
4.066189706740000020e+03 8.282917402639999871e-01
4.067678592379999827e+03 8.270230801760000139e-01
4.069167478010000195e+03 8.223581965749999778e-01
4.070656363640000109e+03 8.231236549089999688e-01
4.072145249270000022e+03 8.208939765749999617e-01
4.073634134899999935e+03 8.242736164110000541e-01
4.075123020529999849e+03 8.283676643990000033e-01
4.076611906160000217e+03 8.356345411500000209e-01
4.078100791790000130e+03 8.384408831849999855e-01
4.079589677420000044e+03 8.337924135480000443e-01
4.081078563049999957e+03 8.204930206920000302e-01
4.082567448679999870e+03 8.201606160119999656e-01
4.084056334309999784e+03 8.243252041640000138e-01
4.085545219940000152e+03 8.320089945219999450e-01
4.087034105570000065e+03 8.341894817949999652e-01
4.088522991199999979e+03 8.356668650090000039e-01
4.090011876829999892e+03 8.356821312019999670e-01
4.091500762459999805e+03 8.421300095949999509e-01
4.092989648090000173e+03 8.390486659239999589e-01
4.094478533720000087e+03 8.355878849500000261e-01
4.095967419350000000e+03 8.311317222580000275e-01
4.097456304989999808e+03 8.334159156010000347e-01
4.098945190620000176e+03 8.319676074549999800e-01
4.100434076249999634e+03 8.270516944629999756e-01
4.101922961880000003e+03 8.237390688390000548e-01
4.103411847510000371e+03 8.273388861699999541e-01
4.104900733139999829e+03 8.356718969499999927e-01
4.106389618770000197e+03 8.376845415370000048e-01
4.107878504399999656e+03 8.333138887680000551e-01
4.109367390030000024e+03 8.334234673549999473e-01
4.110856275660000392e+03 8.265651404049999540e-01
4.112345161289999851e+03 8.291636445159999980e-01
4.113834046920000219e+03 8.278471261880000487e-01
4.115322932549999678e+03 8.175229664990000256e-01
4.116811818180000046e+03 8.155451276359999557e-01
4.118300703810000414e+03 8.139577998239999612e-01
4.119789589439999872e+03 8.180355941639999573e-01
4.121278475070000241e+03 8.264940925870000177e-01
4.122767360699999699e+03 8.231782267160000499e-01
4.124256246330000067e+03 8.333001886799999980e-01
4.125745131960000435e+03 8.389939212550000525e-01
4.127234017599999788e+03 8.393812382990000209e-01
4.128722903230000156e+03 8.251528248389999876e-01
4.130211788859999615e+03 8.146362923750000151e-01
4.131700674489999983e+03 8.097221712200000088e-01
4.133189560120000351e+03 8.089926923050000385e-01
4.134678445749999810e+03 8.159055858360000357e-01
4.136167331380000178e+03 8.109794592489999454e-01
4.137656217009999637e+03 8.073449858179999605e-01
4.139145102640000005e+03 8.109202194960000165e-01
4.140633988270000373e+03 8.151633592020000041e-01
4.142122873899999831e+03 8.247367293259999510e-01
4.143611759530000199e+03 8.244128306389999494e-01
4.145100645159999658e+03 8.286407550969999702e-01
4.146589530790000026e+03 8.257246298999999512e-01
4.148078416420000394e+03 8.270816273669999719e-01
4.149567302049999853e+03 8.186932811439999735e-01
4.151056187680000221e+03 8.182977076130000249e-01
4.152545073309999680e+03 8.208853446449999591e-01
4.154033958940000048e+03 8.306612968800000107e-01
4.155522844570000416e+03 8.308102166449999881e-01
4.157011730209999769e+03 8.316064243399999834e-01
4.158500615840000137e+03 8.265074142349999597e-01
4.159989501469999595e+03 8.187762327269999529e-01
4.161478387099999964e+03 8.142919904519999585e-01
4.162967272730000332e+03 8.142351316360000313e-01
4.164456158359999790e+03 8.162883202049999731e-01
4.165945043990000158e+03 8.219438689269999987e-01
4.167433929619999617e+03 8.203203803749999912e-01
4.168922815249999985e+03 8.265222880350000523e-01
4.170411700880000353e+03 8.331155514960000286e-01
4.171900586509999812e+03 8.396324574189999446e-01
4.173389472140000180e+03 8.385421919819999736e-01
4.174878357769999639e+03 8.266155228270000155e-01
4.176367243400000007e+03 8.220365848149999710e-01
4.177856129030000375e+03 8.133709908389999965e-01
4.179345014659999833e+03 8.122827933720000448e-01
4.180833900290000201e+03 8.062183574660000129e-01
4.182322785919999660e+03 8.054267021230000489e-01
4.183811671550000028e+03 8.075515012899999734e-01
4.185300557180000396e+03 8.093452619240000256e-01
4.186789442819999749e+03 8.155927707919999881e-01
4.188278328450000117e+03 8.186332008090000389e-01
4.189767214079999576e+03 8.231999593080000510e-01
4.191256099709999944e+03 8.234644699240000199e-01
4.192744985340000312e+03 8.194796868620000119e-01
4.194233870969999771e+03 8.113985825809999497e-01
4.195722756600000139e+03 8.077197290209999769e-01
4.197211642229999597e+03 8.071238355840000267e-01
4.198700527859999966e+03 8.100370086329999886e-01
4.200189413490000334e+03 8.097129323170000337e-01
4.201678299119999792e+03 8.189374367159999446e-01
4.203167184750000160e+03 8.214431937539999895e-01
4.204656070379999619e+03 8.208272922460000398e-01
4.206144956009999987e+03 8.148788297889999477e-01
4.207633841640000355e+03 8.102141440119999816e-01
4.209122727269999814e+03 8.103324381819999589e-01
4.210611612900000182e+03 8.151133032259999522e-01
4.212100498529999641e+03 8.202872657769999520e-01
4.213589384160000009e+03 8.195335746630000306e-01
4.215078269790000377e+03 8.197522711089999525e-01
4.216567155429999730e+03 8.149143194129999657e-01
4.218056041060000098e+03 8.177008018239999565e-01
4.219544926689999556e+03 8.172669475889999813e-01
4.221033812319999925e+03 8.132849700650000013e-01
4.222522697950000293e+03 8.135348962459999500e-01
4.224011583579999751e+03 8.165611765689999579e-01
4.225500469210000119e+03 8.215599690439999714e-01
4.226989354839999578e+03 8.289099987739999564e-01
4.228478240469999946e+03 8.320450121639999530e-01
4.229967126100000314e+03 8.323873580699999719e-01
4.231456011729999773e+03 8.277037571259999726e-01
4.232944897360000141e+03 8.254578624399999676e-01
4.234433782989999600e+03 8.179128019939999605e-01
4.235922668619999968e+03 8.108573072610000265e-01
4.237411554250000336e+03 8.013102159299999583e-01
4.238900439879999794e+03 7.923366456889999743e-01
4.240389325510000162e+03 7.870064312490000491e-01
4.241878211139999621e+03 7.899523962290000423e-01
4.243367096769999989e+03 7.962045939349999824e-01
4.244855982400000357e+03 8.006895234780000425e-01
4.246344868039999710e+03 8.030398513780000469e-01
4.247833753670000078e+03 8.009788124569999779e-01
4.249322639300000446e+03 7.949772526099999626e-01
4.250811524929999905e+03 7.961873286980000186e-01
4.252300410560000273e+03 7.990828903459999966e-01
4.253789296189999732e+03 8.100982035779999979e-01
4.255278181820000100e+03 8.241407650909999827e-01
4.256767067449999558e+03 8.193871742930000091e-01
4.258255953079999927e+03 8.098715536539999871e-01
4.259744838710000295e+03 7.933766630320000512e-01
4.261233724339999753e+03 7.891196294429999591e-01
4.262722609970000121e+03 7.979061513780000281e-01
4.264211495599999580e+03 8.043123561989999892e-01
4.265700381229999948e+03 8.119090972379999771e-01
4.267189266860000316e+03 8.102052090439999521e-01
4.268678152489999775e+03 8.035065332840000130e-01
4.270167038120000143e+03 8.028148384750000144e-01
4.271655923749999602e+03 7.978638209210000554e-01
4.273144809379999970e+03 8.057302834839999983e-01
4.274633695010000338e+03 8.084949212609999769e-01
4.276122580649999691e+03 8.138956032259999640e-01
4.277611466280000059e+03 8.108825615250000451e-01
4.279100351910000427e+03 8.058723217709999886e-01
4.280589237539999885e+03 8.017183679299999532e-01
4.282078123170000254e+03 8.047936456069999522e-01
4.283567008799999712e+03 8.046132646629999829e-01
4.285055894430000080e+03 8.052735804930000185e-01
4.286544780060000448e+03 8.047690129379999613e-01
4.288033665689999907e+03 8.065572382400000295e-01
4.289522551320000275e+03 8.049447582350000019e-01
4.291011436949999734e+03 7.978847494430000298e-01
4.292500322580000102e+03 7.953323239999999794e-01
4.293989208209999560e+03 7.991312617360000203e-01
4.295478093839999929e+03 8.068395356890000203e-01
4.296966979470000297e+03 8.090921105220000298e-01
4.298455865099999755e+03 8.080698853369999712e-01
4.299944750730000123e+03 8.091711978179999543e-01
4.301433636359999582e+03 8.067800859999999519e-01
4.302922521989999950e+03 8.061798479530000172e-01
4.304411407620000318e+03 8.022326616249999542e-01
4.305900293259999671e+03 7.934915845159999925e-01
4.307389178890000039e+03 8.008262496360000204e-01
4.308878064520000407e+03 7.998551769030000091e-01
4.310366950149999866e+03 8.053963998530000445e-01
4.311855835780000234e+03 8.047230054189999926e-01
4.313344721409999693e+03 8.067846129619999918e-01
4.314833607040000061e+03 8.019177885279999973e-01
4.316322492670000429e+03 7.972662412080000482e-01
4.317811378299999888e+03 7.919176805750000048e-01
4.319300263930000256e+03 7.913743581230000546e-01
4.320789149559999714e+03 7.897138849849999476e-01
4.322278035190000082e+03 7.937593187270000072e-01
4.323766920820000450e+03 7.951686733139999852e-01
4.325255806449999909e+03 8.066343850970000284e-01
4.326744692080000277e+03 8.071232899239999536e-01
4.328233577709999736e+03 8.018378573309999924e-01
4.329722463340000104e+03 8.020363854430000439e-01
4.331211348969999563e+03 7.951225377649999704e-01
4.332700234599999931e+03 7.907451197889999728e-01
4.334189120230000299e+03 7.827267862229999595e-01
4.335678005869999652e+03 7.752377278009999761e-01
4.337166891500000020e+03 7.812954457830000310e-01
4.338655777130000388e+03 7.883317520350000551e-01
4.340144662759999846e+03 7.949545070969999960e-01
4.341633548390000215e+03 7.966529287739999576e-01
4.343122434019999673e+03 7.922582960999999813e-01
4.344611319650000041e+03 7.888147404690000197e-01
4.346100205280000409e+03 7.854811069210000385e-01
4.347589090909999868e+03 7.851019730910000494e-01
4.349077976540000236e+03 7.841743443690000204e-01
4.350566862169999695e+03 7.912888812899999680e-01
4.352055747800000063e+03 7.885225760820000485e-01
4.353544633430000431e+03 7.891473998939999568e-01
4.355033519059999890e+03 7.834173180119999857e-01
4.356522404690000258e+03 7.816676969970000055e-01
4.358011290319999716e+03 7.850331287099999722e-01
4.359500175950000084e+03 7.876337019469999978e-01
4.360989061580000453e+03 7.879200783990000234e-01
4.362477947209999911e+03 7.918673576770000055e-01
4.363966832840000279e+03 7.918705316249999848e-01
4.365455718479999632e+03 7.915062173019999925e-01
4.366944604110000000e+03 7.875533421229999886e-01
4.368433489740000368e+03 7.843365235660000323e-01
4.369922375369999827e+03 7.866452232549999701e-01
4.371411261000000195e+03 7.909640779590000337e-01
4.372900146629999654e+03 7.966813607620000237e-01
4.374389032260000022e+03 8.166856788390000066e-01
4.375877917890000390e+03 8.705630362640000008e-01
4.377366803519999849e+03 9.315836837069999543e-01
4.378855689150000217e+03 9.857484067449999721e-01
4.380344574779999675e+03 9.983045790619999860e-01
4.381833460410000043e+03 9.994869717480000526e-01
4.383322346040000411e+03 9.999670860179999954e-01
4.384811231669999870e+03 9.999929026799999621e-01
4.386300117300000238e+03 9.999964801640000012e-01
4.387789002929999697e+03 9.999980912020000057e-01
4.389277888560000065e+03 9.999991267329999545e-01
4.390766774190000433e+03 9.999998667099999627e-01
4.392255659819999892e+03 1.000000000000000000e+00
4.393744545450000260e+03 1.000000000000000000e+00
4.395233431089999613e+03 1.000000000000000000e+00
4.396722316719999981e+03 1.000000000000000000e+00
4.398211202350000349e+03 1.000000000000000000e+00
4.399700087979999807e+03 1.000000000000000000e+00
4.401188973610000176e+03 1.000000000000000000e+00
4.402677859239999634e+03 1.000000000000000000e+00
4.404166744870000002e+03 1.000000000000000000e+00
4.405655630500000370e+03 1.000000000000000000e+00
4.407144516129999829e+03 1.000000000000000000e+00
4.408633401760000197e+03 1.000000000000000000e+00
4.410122287389999656e+03 1.000000000000000000e+00
4.411611173020000024e+03 1.000000000000000000e+00
4.413100058650000392e+03 1.000000000000000000e+00
4.414588944279999851e+03 1.000000000000000000e+00
4.416077829910000219e+03 1.000000000000000000e+00
4.417566715539999677e+03 1.000000000000000000e+00
4.419055601170000045e+03 1.000000000000000000e+00
4.420544486800000413e+03 1.000000000000000000e+00
4.422033372429999872e+03 1.000000000000000000e+00
4.423522258060000240e+03 1.000000000000000000e+00
4.425011143699999593e+03 1.000000000000000000e+00
4.426500029329999961e+03 1.000000000000000000e+00
4.427988914960000329e+03 1.000000000000000000e+00
4.429477800589999788e+03 1.000000000000000000e+00
4.430966686220000156e+03 1.000000000000000000e+00
4.432455571849999615e+03 1.000000000000000000e+00
4.433944457479999983e+03 1.000000000000000000e+00
4.435433343110000351e+03 1.000000000000000000e+00
4.436922228739999809e+03 1.000000000000000000e+00
4.438411114370000178e+03 1.000000000000000000e+00
4.439899999999999636e+03 1.000000000000000000e+00
