# Wavelength (Angstroms)     Mean
2.923179999999999836e+03 1.383139600000000136e-01
2.925029188659999818e+03 1.428575595580000024e-01
2.926878377319999800e+03 1.452591686449999919e-01
2.928727565979999781e+03 1.439823760120000073e-01
2.930576754640000217e+03 1.417555603600000047e-01
2.932425943300000199e+03 1.423983004690000109e-01
2.934275131960000181e+03 1.425739980999999879e-01
2.936124320630000057e+03 1.434192059630000071e-01
2.937973509290000038e+03 1.441585519999999954e-01
2.939822697950000020e+03 1.458444077770000014e-01
2.941671886610000001e+03 1.454395738220000123e-01
2.943521075269999983e+03 1.450888469249999868e-01
2.945370263929999965e+03 1.454788629210000128e-01
2.947219452589999946e+03 1.499574055410000106e-01
2.949068641249999928e+03 1.516191325400000067e-01
2.950917829909999909e+03 1.501000605870000115e-01
2.952767018569999891e+03 1.479689473509999964e-01
2.954616207229999873e+03 1.478000081059999971e-01
2.956465395889999854e+03 1.471399518120000138e-01
2.958314584560000185e+03 1.467220329030000103e-01
2.960163773220000166e+03 1.473596894430000137e-01
2.962012961880000148e+03 1.497978292669999989e-01
2.963862150540000130e+03 1.514196254190000035e-01
2.965711339200000111e+03 1.492818780409999879e-01
2.967560527860000093e+03 1.475427927740000089e-01
2.969409716520000075e+03 1.462993812510000047e-01
2.971258905180000056e+03 1.482134507489999975e-01
2.973108093840000038e+03 1.509703532549999949e-01
2.974957282500000019e+03 1.505778585099999956e-01
2.976806471160000001e+03 1.496757608250000038e-01
2.978655659819999983e+03 1.482471212900000057e-01
2.980504848479999964e+03 1.485746724850000033e-01
2.982354037149999840e+03 1.482493369579999942e-01
2.984203225809999822e+03 1.476576374190000096e-01
2.986052414469999803e+03 1.501512925750000116e-01
2.987901603129999785e+03 1.500626396089999870e-01
2.989750791790000221e+03 1.499960922459999957e-01
2.991599980450000203e+03 1.513027742799999964e-01
2.993449169110000184e+03 1.522769775720000107e-01
2.995298357770000166e+03 1.536988783229999989e-01
2.997147546430000148e+03 1.530307999999999946e-01
2.998996735090000129e+03 1.481894323680000014e-01
3.000845923750000111e+03 1.421934221820000122e-01
3.002695112410000092e+03 1.389449019940000030e-01
3.004544301079999968e+03 1.408904191400000006e-01
3.006393489739999950e+03 1.378247599180000005e-01
3.008242678399999932e+03 1.371157086220000099e-01
3.010091867059999913e+03 1.379738572039999889e-01
3.011941055719999895e+03 1.398349326099999901e-01
3.013790244379999876e+03 1.415250130559999875e-01
3.015639433039999858e+03 1.414407962500000004e-01
3.017488621699999840e+03 1.415844520469999868e-01
3.019337810359999821e+03 1.410994452240000030e-01
3.021186999019999803e+03 1.410092897949999924e-01
3.023036187679999784e+03 1.397116161989999938e-01
3.024885376340000221e+03 1.385835602150000123e-01
3.026734565000000202e+03 1.385826413800000101e-01
3.028583753670000078e+03 1.412750158119999988e-01
3.030432942330000060e+03 1.428238941739999879e-01
3.032282130990000041e+03 1.442958076720000093e-01
3.034131319650000023e+03 1.446520130560000061e-01
3.035980508310000005e+03 1.458856548349999893e-01
3.037829696969999986e+03 1.463531706669999877e-01
3.039678885629999968e+03 1.473003550149999952e-01
3.041528074289999950e+03 1.479639660529999956e-01
3.043377262949999931e+03 1.469371851069999901e-01
3.045226451609999913e+03 1.451991325160000013e-01
3.047075640269999894e+03 1.449316411179999986e-01
3.048924828929999876e+03 1.429408671359999883e-01
3.050774017600000207e+03 1.432723298420000013e-01
3.052623206260000188e+03 1.464943033470000044e-01
3.054472394920000170e+03 1.494678692749999982e-01
3.056321583580000151e+03 1.503771975369999903e-01
3.058170772240000133e+03 1.502445523560000107e-01
3.060019960900000115e+03 1.530507016969999967e-01
3.061869149560000096e+03 1.543025795659999921e-01
3.063718338220000078e+03 1.523971875269999887e-01
3.065567526880000059e+03 1.506111174189999902e-01
3.067416715540000041e+03 1.512064666859999906e-01
3.069265904200000023e+03 1.516108743300000061e-01
3.071115092860000004e+03 1.537130300020000118e-01
3.072964281519999986e+03 1.541449205039999992e-01
3.074813470189999862e+03 1.576076565239999949e-01
3.076662658849999843e+03 1.572179299510000072e-01
3.078511847509999825e+03 1.584434187919999959e-01
3.080361036169999807e+03 1.601764077299999978e-01
3.082210224829999788e+03 1.597804289230000119e-01
3.084059413490000225e+03 1.548593881760000068e-01
3.085908602150000206e+03 1.538397275270000086e-01
3.087757790810000188e+03 1.573812746709999932e-01
3.089606979470000169e+03 1.629857703229999899e-01
3.091456168130000151e+03 1.664101703030000101e-01
3.093305356790000133e+03 1.679534458339999869e-01
3.095154545450000114e+03 1.684531836360000090e-01
3.097003734119999990e+03 1.666075553980000123e-01
3.098852922779999972e+03 1.659146371030000011e-01
3.100702111439999953e+03 1.670635680589999950e-01
3.102551300099999935e+03 1.686487743619999868e-01
3.104400488759999917e+03 1.684688580060000052e-01
3.106249677419999898e+03 1.674935313550000027e-01
3.108098866079999880e+03 1.671510753469999944e-01
3.109948054739999861e+03 1.674026308899999871e-01
3.111797243399999843e+03 1.681047200230000038e-01
3.113646432059999825e+03 1.676947432260000037e-01
3.115495620719999806e+03 1.714182141429999862e-01
3.117344809379999788e+03 1.703560592839999943e-01
3.119193998040000224e+03 1.707608224830000077e-01
3.121043186710000100e+03 1.716453421430000070e-01
3.122892375370000082e+03 1.729037215839999975e-01
3.124741564030000063e+03 1.733699918040000065e-01
3.126590752690000045e+03 1.732592031400000121e-01
3.128439941350000026e+03 1.740924194600000086e-01
3.130289130010000008e+03 1.749009283440000062e-01
3.132138318669999990e+03 1.725390184360000023e-01
3.133987507329999971e+03 1.741526570670000051e-01
3.135836695989999953e+03 1.726238553159999967e-01
3.137685884649999934e+03 1.743382256069999914e-01
3.139535073309999916e+03 1.760929647979999901e-01
3.141384261969999898e+03 1.795250972430000036e-01
3.143233450639999774e+03 1.819830127389999996e-01
3.145082639300000210e+03 1.794360152960000065e-01
3.146931827960000192e+03 1.814550624950000135e-01
3.148781016620000173e+03 1.825972449499999872e-01
3.150630205280000155e+03 1.795124107330000052e-01
3.152479393940000136e+03 1.767280889700000024e-01
3.154328582600000118e+03 1.787534345179999928e-01
3.156177771260000100e+03 1.825334639410000070e-01
3.158026959920000081e+03 1.817965899079999892e-01
3.159876148580000063e+03 1.808526204889999989e-01
3.161725337240000044e+03 1.814245461110000068e-01
3.163574525900000026e+03 1.864708034370000100e-01
3.165423714569999902e+03 1.896942580490000030e-01
3.167272903229999883e+03 1.935180349679999912e-01
3.169122091889999865e+03 1.918445393160000123e-01
3.170971280549999847e+03 1.931227594100000111e-01
3.172820469209999828e+03 1.937681389329999893e-01
3.174669657869999810e+03 1.909291199489999979e-01
3.176518846529999792e+03 1.897483887589999918e-01
3.178368035189999773e+03 1.911202618769999861e-01
3.180217223850000209e+03 1.949909971769999972e-01
3.182066412510000191e+03 1.960007328800000004e-01
3.183915601170000173e+03 1.973333033309999929e-01
3.185764789830000154e+03 1.957593640120000034e-01
3.187613978490000136e+03 1.951324073119999891e-01
3.189463167160000012e+03 1.975566066979999869e-01
3.191312355819999993e+03 1.975683871829999882e-01
3.193161544479999975e+03 2.004418826899999895e-01
3.195010733139999957e+03 2.021083270619999928e-01
3.196859921799999938e+03 2.067030856300000052e-01
3.198709110459999920e+03 2.085005142639999864e-01
3.200558299119999901e+03 2.123073088799999897e-01
3.202407487779999883e+03 2.146740860530000072e-01
3.204256676439999865e+03 2.177909851500000049e-01
3.206105865099999846e+03 2.187028666860000026e-01
3.207955053759999828e+03 2.213271190109999953e-01
3.209804242419999809e+03 2.200283959999999872e-01
3.211653431090000140e+03 2.199751030150000064e-01
3.213502619750000122e+03 2.228529022949999883e-01
3.215351808410000103e+03 2.245118201759999932e-01
3.217200997070000085e+03 2.245057637650000049e-01
3.219050185730000067e+03 2.241578563749999919e-01
3.220899374390000048e+03 2.289933229520000058e-01
3.222748563050000030e+03 2.300571895369999953e-01
3.224597751710000011e+03 2.279339411140000049e-01
3.226446940369999993e+03 2.273042115070000035e-01
3.228296129029999975e+03 2.292567064519999975e-01
3.230145317689999956e+03 2.320542313779999921e-01
3.231994506349999938e+03 2.321817958040000018e-01
3.233843695009999919e+03 2.332272377129999963e-01
3.235692883679999795e+03 2.334475011530000033e-01
3.237542072339999777e+03 2.384311539940000002e-01
3.239391261000000213e+03 2.386491958120000034e-01
3.241240449660000195e+03 2.399617902370000111e-01
3.243089638320000176e+03 2.387453351909999966e-01
3.244938826980000158e+03 2.426452883989999865e-01
3.246788015640000140e+03 2.468380426740000022e-01
3.248637204300000121e+03 2.527198923439999967e-01
3.250486392960000103e+03 2.521814595310000184e-01
3.252335581620000085e+03 2.485438943499999886e-01
3.254184770280000066e+03 2.490158442069999867e-01
3.256033958940000048e+03 2.537685092790000208e-01
3.257883147609999924e+03 2.589323538339999842e-01
3.259732336269999905e+03 2.601340388269999804e-01
3.261581524929999887e+03 2.604719080940000042e-01
3.263430713589999868e+03 2.593941618260000026e-01
3.265279902249999850e+03 2.599066941470000169e-01
3.267129090909999832e+03 2.610212810909999792e-01
3.268978279569999813e+03 2.628386824949999756e-01
3.270827468229999795e+03 2.662984581619999847e-01
3.272676656889999776e+03 2.717253009150000231e-01
3.274525845550000213e+03 2.721400215720000126e-01
3.276375034210000194e+03 2.706738371849999880e-01
3.278224222870000176e+03 2.703437676250000088e-01
3.280073411530000158e+03 2.741261124730000054e-01
3.281922600200000034e+03 2.739596132279999985e-01
3.283771788860000015e+03 2.707593650210000091e-01
3.285620977519999997e+03 2.681670623810000209e-01
3.287470166179999978e+03 2.661009966999999810e-01
3.289319354839999960e+03 2.697537303229999850e-01
3.291168543499999942e+03 2.728189027490000029e-01
3.293017732159999923e+03 2.740167912059999766e-01
3.294866920819999905e+03 2.788048853610000100e-01
3.296716109479999886e+03 2.846800796639999964e-01
3.298565298139999868e+03 2.848835385919999963e-01
3.300414486799999850e+03 2.834760159179999794e-01
3.302263675459999831e+03 2.803294242739999831e-01
3.304112864130000162e+03 2.816408707570000058e-01
3.305962052790000143e+03 2.824069863459999774e-01
3.307811241450000125e+03 2.877665972039999964e-01
3.309660430110000107e+03 2.948951876990000276e-01
3.311509618770000088e+03 3.014742733720000012e-01
3.313358807430000070e+03 3.018633073349999973e-01
3.315207996090000051e+03 2.998454366730000098e-01
3.317057184750000033e+03 2.979416487389999757e-01
3.318906373410000015e+03 2.967120944359999957e-01
3.320755562069999996e+03 2.990108503850000266e-01
3.322604750729999978e+03 3.021162197300000241e-01
3.324453939389999960e+03 3.032371298179999952e-01
3.326303128049999941e+03 3.061482636949999780e-01
3.328152316719999817e+03 3.051048092670000100e-01
3.330001505379999799e+03 3.062755957850000210e-01
3.331850694039999780e+03 3.083944590770000271e-01
3.333699882700000217e+03 3.130244064630000045e-01
3.335549071360000198e+03 3.175911061580000139e-01
3.337398260020000180e+03 3.193848155699999802e-01
3.339247448680000161e+03 3.191773649619999986e-01
3.341096637340000143e+03 3.210824417629999927e-01
3.342945826000000125e+03 3.207521975909999878e-01
3.344795014660000106e+03 3.168713267450000148e-01
3.346644203320000088e+03 3.261606303540000029e-01
3.348493391980000069e+03 3.290471060610000165e-01
3.350342580649999945e+03 3.332697976769999904e-01
3.352191769309999927e+03 3.285080369930000188e-01
3.354040957969999909e+03 3.341582142719999871e-01
3.355890146629999890e+03 3.436480344869999870e-01
3.357739335289999872e+03 3.510513688599999904e-01
3.359588523949999853e+03 3.483187573220000166e-01
3.361437712609999835e+03 3.418837662399999977e-01
3.363286901269999817e+03 3.417742585340000083e-01
3.365136089929999798e+03 3.462162580409999801e-01
3.366985278589999780e+03 3.564727899940000055e-01
3.368834467250000216e+03 3.626803125320000043e-01
3.370683655910000198e+03 3.625065960430000067e-01
3.372532844570000179e+03 3.591176150150000024e-01
3.374382033240000055e+03 3.610561330050000017e-01
3.376231221900000037e+03 3.593683652940000139e-01
3.378080410560000018e+03 3.591796260180000200e-01
3.379929599220000000e+03 3.605912749210000157e-01
3.381778787879999982e+03 3.634771490909999847e-01
3.383627976539999963e+03 3.623355157650000047e-01
3.385477165199999945e+03 3.619163090170000041e-01
3.387326353859999926e+03 3.658902420490000029e-01
3.389175542519999908e+03 3.769332534079999908e-01
3.391024731179999890e+03 3.814583746240000073e-01
3.392873919839999871e+03 3.852360796250000052e-01
3.394723108499999853e+03 3.809690859239999727e-01
3.396572297170000184e+03 3.879317561639999967e-01
3.398421485830000165e+03 3.906970980019999762e-01
3.400270674490000147e+03 3.949930662169999773e-01
3.402119863150000128e+03 3.884711687940000102e-01
3.403969051810000110e+03 3.882272489699999940e-01
3.405818240470000092e+03 3.935774049499999871e-01
3.407667429130000073e+03 3.995389849270000182e-01
3.409516617790000055e+03 4.016335697360000068e-01
3.411365806450000036e+03 4.085891052899999765e-01
3.413214995110000018e+03 4.117504538569999872e-01
3.415064183770000000e+03 4.122811398630000235e-01
3.416913372429999981e+03 4.123840226159999900e-01
3.418762561089999963e+03 4.105495804300000051e-01
3.420611749759999839e+03 4.060088091960000201e-01
3.422460938419999820e+03 4.040187488090000167e-01
3.424310127079999802e+03 4.165618247000000274e-01
3.426159315739999784e+03 4.242354518870000146e-01
3.428008504400000220e+03 4.294027483869999884e-01
3.429857693060000202e+03 4.329484298769999961e-01
3.431706881720000183e+03 4.264041426669999968e-01
3.433556070380000165e+03 4.230227139000000136e-01
3.435405259040000146e+03 4.278818396990000106e-01
3.437254447700000128e+03 4.403790323360000092e-01
3.439103636360000110e+03 4.494810047269999775e-01
3.440952825020000091e+03 4.494192916359999734e-01
3.442802013689999967e+03 4.491866095129999903e-01
3.444651202349999949e+03 4.479270764569999730e-01
3.446500391009999930e+03 4.551839470969999968e-01
3.448349579669999912e+03 4.604882977049999937e-01
3.450198768329999893e+03 4.682453754840000260e-01
3.452047956989999875e+03 4.680893701080000024e-01
3.453897145649999857e+03 4.613723291999999865e-01
3.455746334309999838e+03 4.591251904399999972e-01
3.457595522969999820e+03 4.633637980140000168e-01
3.459444711629999802e+03 4.723236348040000254e-01
3.461293900289999783e+03 4.768381093369999935e-01
3.463143088950000219e+03 4.825260421620000129e-01
3.464992277610000201e+03 4.897267807230000214e-01
3.466841466280000077e+03 4.952901949330000275e-01
3.468690654940000059e+03 4.936844158400000016e-01
3.470539843600000040e+03 4.944706069170000107e-01
3.472389032260000022e+03 4.991760628390000121e-01
3.474238220920000003e+03 5.057794778490000143e-01
3.476087409579999985e+03 5.075159756399999500e-01
3.477936598239999967e+03 5.157103314250000015e-01
3.479785786899999948e+03 5.164953583889999589e-01
3.481634975559999930e+03 5.113401317339999474e-01
3.483484164219999911e+03 5.080682985919999783e-01
3.485333352879999893e+03 5.144346935870000026e-01
3.487182541539999875e+03 5.286288930989999635e-01
3.489031730210000205e+03 5.299217688909999557e-01
3.490880918870000187e+03 5.293425569849999901e-01
3.492730107530000168e+03 5.347158797850000145e-01
3.494579296190000150e+03 5.440010277300000308e-01
3.496428484850000132e+03 5.471977738180000550e-01
3.498277673510000113e+03 5.555594363360000232e-01
3.500126862170000095e+03 5.614626624749999850e-01
3.501976050830000077e+03 5.675059461389999615e-01
3.503825239490000058e+03 5.677149992919999777e-01
3.505674428150000040e+03 5.604143483050000318e-01
3.507523616810000021e+03 5.691688016420000107e-01
3.509372805470000003e+03 5.734005810279999560e-01
3.511221994129999985e+03 5.873788121409999619e-01
3.513071182799999860e+03 5.922813987530000102e-01
3.514920371459999842e+03 6.013998040939999568e-01
3.516769560119999824e+03 5.983337063229999808e-01
3.518618748779999805e+03 5.969184544910000056e-01
3.520467937439999787e+03 6.009383215839999570e-01
3.522317126100000223e+03 6.123044353550000096e-01
3.524166314760000205e+03 6.189267539160000497e-01
3.526015503420000186e+03 6.214700014620000434e-01
3.527864692080000168e+03 6.228470554020000272e-01
3.529713880740000150e+03 6.280290831279999875e-01
3.531563069400000131e+03 6.252011167509999856e-01
3.533412258060000113e+03 6.270909313550000475e-01
3.535261446729999989e+03 6.327202993199999570e-01
3.537110635389999970e+03 6.499088972940000319e-01
3.538959824049999952e+03 6.544570949560000184e-01
3.540809012709999934e+03 6.527812326259999631e-01
3.542658201369999915e+03 6.499152585340000066e-01
3.544507390029999897e+03 6.542985671200000075e-01
3.546356578689999878e+03 6.514872559140000297e-01
3.548205767349999860e+03 6.611783929419999817e-01
3.550054956009999842e+03 6.746129085750000032e-01
3.551904144669999823e+03 6.796445100879999757e-01
3.553753333329999805e+03 6.777894653329999963e-01
3.555602521989999786e+03 6.836509857360000275e-01
3.557451710650000223e+03 6.991468121410000514e-01
3.559300899320000099e+03 6.928896572980000057e-01
3.561150087980000080e+03 6.857350339590000399e-01
3.562999276640000062e+03 6.855164706080000281e-01
3.564848465300000043e+03 6.947464516319999950e-01
3.566697653960000025e+03 6.953581354840000506e-01
3.568546842620000007e+03 6.865329118440000045e-01
3.570396031279999988e+03 6.767266210479999655e-01
3.572245219939999970e+03 6.798679885980000170e-01
3.574094408599999952e+03 6.849502784090000240e-01
3.575943597259999933e+03 6.845077950150000312e-01
3.577792785919999915e+03 6.861054726569999485e-01
3.579641974579999896e+03 6.864101435930000106e-01
3.581491163250000227e+03 6.867486315390000096e-01
3.583340351910000209e+03 6.831201101110000451e-01
3.585189540570000190e+03 6.789301710070000384e-01
3.587038729230000172e+03 6.780866802389999837e-01
3.588887917890000153e+03 6.770870337009999851e-01
3.590737106550000135e+03 6.720036758830000290e-01
3.592586295210000117e+03 6.746384069440000131e-01
3.594435483870000098e+03 6.817982516130000059e-01
3.596284672530000080e+03 6.878172045510000387e-01
3.598133861190000061e+03 6.867483551359999661e-01
3.599983049850000043e+03 6.973324795659999742e-01
3.601832238510000025e+03 6.997063002660000031e-01
3.603681427170000006e+03 7.026462161880000501e-01
3.605530615839999882e+03 7.001844644339999535e-01
3.607379804499999864e+03 6.872850442500000323e-01
3.609228993159999845e+03 6.815217807469999833e-01
3.611078181819999827e+03 6.891833010910000112e-01
3.612927370479999809e+03 6.987780007039999797e-01
3.614776559139999790e+03 7.060012356129999889e-01
3.616625747800000227e+03 7.059331092320000334e-01
3.618474936460000208e+03 7.027571911009999894e-01
3.620324125120000190e+03 7.081727948699999553e-01
3.622173313780000171e+03 7.144298553669999885e-01
3.624022502440000153e+03 7.168953539510000139e-01
3.625871691100000135e+03 7.032843398510000288e-01
3.627720879770000010e+03 7.027132776190000429e-01
3.629570068429999992e+03 7.007605633629999664e-01
3.631419257089999974e+03 7.045687225019999778e-01
3.633268445749999955e+03 7.087424242459999801e-01
3.635117634409999937e+03 7.156503103229999718e-01
3.636966823069999919e+03 7.097584547330000326e-01
3.638816011729999900e+03 7.031828285040000459e-01
3.640665200389999882e+03 7.001087766569999982e-01
3.642514389049999863e+03 7.055112844540000205e-01
3.644363577709999845e+03 7.025826179349999867e-01
3.646212766369999827e+03 7.001504720629999623e-01
3.648061955029999808e+03 6.995583029719999457e-01
3.649911143700000139e+03 7.019269697950000220e-01
3.651760332360000120e+03 6.996155696460000240e-01
3.653609521020000102e+03 7.013508137949999721e-01
3.655458709680000084e+03 7.022215700649999670e-01
3.657307898340000065e+03 7.089353635030000156e-01
3.659157087000000047e+03 7.176095563250000087e-01
3.661006275660000028e+03 7.242879965980000279e-01
3.662855464320000010e+03 7.224443429329999722e-01
3.664704652979999992e+03 7.201283497829999991e-01
3.666553841639999973e+03 7.232163570790000051e-01
3.668403030299999955e+03 7.393199981820000044e-01
3.670252218959999936e+03 7.494805670190000102e-01
3.672101407619999918e+03 7.444180479059999689e-01
3.673950596289999794e+03 7.311814754209999823e-01
3.675799784949999776e+03 7.164026155699999565e-01
3.677648973610000212e+03 7.258045554840000246e-01
3.679498162270000194e+03 7.311099796009999929e-01
3.681347350930000175e+03 7.370760166609999775e-01
3.683196539590000157e+03 7.366443716949999665e-01
3.685045728250000138e+03 7.453428852750000333e-01
3.686894916910000120e+03 7.414655155820000232e-01
3.688744105570000102e+03 7.415288291610000471e-01
3.690593294230000083e+03 7.327849917030000437e-01
3.692442482890000065e+03 7.239912255989999768e-01
3.694291671550000046e+03 7.143176695599999793e-01
3.696140860219999922e+03 7.144169449460000543e-01
3.697990048879999904e+03 7.198364033240000071e-01
3.699839237539999885e+03 7.271870293140000330e-01
3.701688426199999867e+03 7.302017885239999728e-01
3.703537614859999849e+03 7.392074227920000240e-01
3.705386803519999830e+03 7.444156648680000377e-01
3.707235992179999812e+03 7.648678400270000344e-01
3.709085180839999794e+03 7.736403410090000321e-01
3.710934369499999775e+03 7.738850293960000126e-01
3.712783558160000212e+03 7.543347200979999556e-01
3.714632746820000193e+03 7.521250462759999644e-01
3.716481935480000175e+03 7.486769397420000027e-01
3.718331124140000156e+03 7.487159410910000368e-01
3.720180312810000032e+03 7.464755032219999586e-01
3.722029501470000014e+03 7.573009779939999797e-01
3.723878690129999995e+03 7.658869248090000026e-01
3.725727878789999977e+03 7.711062340609999843e-01
3.727577067449999959e+03 7.557316621230000253e-01
3.729426256109999940e+03 7.488119224010000297e-01
3.731275444769999922e+03 7.452662956090000401e-01
3.733124633429999903e+03 7.581287616420000486e-01
3.734973822089999885e+03 7.627744253960000442e-01
3.736823010749999867e+03 7.588831587100000053e-01
3.738672199409999848e+03 7.532584061110000340e-01
3.740521388069999830e+03 7.520884858890000135e-01
3.742370576740000160e+03 7.512120752690000236e-01
3.744219765400000142e+03 7.462222276829999501e-01
3.746068954060000124e+03 7.455642197649999803e-01
3.747918142720000105e+03 7.444115826199999564e-01
3.749767331380000087e+03 7.498255575719999788e-01
3.751616520040000069e+03 7.470893629129999880e-01
3.753465708700000050e+03 7.478996245429999634e-01
3.755314897360000032e+03 7.502753016769999617e-01
3.757164086020000013e+03 7.588325379350000510e-01
3.759013274679999995e+03 7.565179065060000374e-01
3.760862463339999977e+03 7.514551301470000499e-01
3.762711651999999958e+03 7.465139813140000413e-01
3.764560840659999940e+03 7.470667748820000176e-01
3.766410029329999816e+03 7.427966012900000248e-01
3.768259217989999797e+03 7.358087554600000191e-01
3.770108406649999779e+03 7.220552643600000042e-01
3.771957595310000215e+03 7.250587336770000224e-01
3.773806783970000197e+03 7.258883110970000274e-01
3.775655972630000178e+03 7.327201795929999539e-01
3.777505161290000160e+03 7.351297745810000395e-01
3.779354349950000142e+03 7.489451472339999638e-01
3.781203538610000123e+03 7.481847832179999713e-01
3.783052727270000105e+03 7.441538756359999951e-01
3.784901915930000087e+03 7.324982651139999579e-01
3.786751104590000068e+03 7.275758395029999770e-01
3.788600293259999944e+03 7.387272068039999473e-01
3.790449481919999926e+03 7.454308313549999898e-01
3.792298670579999907e+03 7.568762144630000188e-01
3.794147859239999889e+03 7.771227716480000325e-01
3.795997047899999870e+03 7.917482812589999863e-01
3.797846236559999852e+03 7.920301015049999727e-01
3.799695425219999834e+03 7.867180675310000426e-01
3.801544613879999815e+03 7.898357339429999957e-01
3.803393802539999797e+03 7.902024197810000317e-01
3.805242991199999778e+03 7.889846494900000229e-01
3.807092179860000215e+03 7.771567430689999556e-01
3.808941368520000196e+03 7.746453783619999811e-01
3.810790557180000178e+03 7.730762701000000181e-01
3.812639745850000054e+03 7.741774258179999757e-01
3.814488934510000036e+03 7.705183972469999976e-01
3.816338123170000017e+03 7.724635849269999577e-01
3.818187311829999999e+03 7.698010111399999911e-01
3.820036500489999980e+03 7.706779838280000128e-01
3.821885689149999962e+03 7.681155102990000483e-01
3.823734877809999944e+03 7.735158780609999729e-01
3.825584066469999925e+03 7.755545445549999473e-01
3.827433255129999907e+03 7.774287071090000278e-01
3.829282443789999888e+03 7.749169971420000191e-01
3.831131632449999870e+03 7.693166793390000535e-01
3.832980821109999852e+03 7.800177111910000516e-01
3.834830009780000182e+03 7.883059424630000089e-01
3.836679198440000164e+03 7.859910836519999888e-01
3.838528387100000145e+03 7.762363176769999651e-01
3.840377575760000127e+03 7.708503843639999964e-01
3.842226764420000109e+03 7.778117939199999942e-01
3.844075953080000090e+03 7.795033280940000253e-01
3.845925141740000072e+03 7.836638603359999955e-01
3.847774330400000053e+03 7.719196095560000304e-01
3.849623519060000035e+03 7.715938884570000544e-01
3.851472707720000017e+03 7.721660284179999723e-01
3.853321896379999998e+03 7.728226236749999867e-01
3.855171085039999980e+03 7.757301539709999805e-01
3.857020273699999962e+03 7.762339050130000473e-01
3.858869462369999837e+03 7.781599778490000396e-01
3.860718651029999819e+03 7.751799063930000511e-01
3.862567839689999801e+03 7.775660289929999802e-01
3.864417028349999782e+03 7.706618707210000085e-01
3.866266217010000219e+03 7.756193335479999451e-01
3.868115405670000200e+03 7.705704338529999475e-01
3.869964594330000182e+03 7.653786466590000170e-01
3.871813782990000163e+03 7.594500740759999591e-01
3.873662971650000145e+03 7.570253314529999944e-01
3.875512160310000127e+03 7.620879269520000054e-01
3.877361348970000108e+03 7.640703839650000440e-01
3.879210537630000090e+03 7.603308999569999838e-01
3.881059726299999966e+03 7.600126868040000261e-01
3.882908914959999947e+03 7.714631262290000402e-01
3.884758103619999929e+03 7.762411002819999961e-01
3.886607292279999911e+03 7.784348362580000291e-01
3.888456480939999892e+03 7.774168898650000159e-01
3.890305669599999874e+03 7.780057319259999771e-01
3.892154858259999855e+03 7.714013996749999880e-01
3.894004046919999837e+03 7.697519483170000010e-01
3.895853235579999819e+03 7.686696922539999477e-01
3.897702424239999800e+03 7.701797962419999477e-01
3.899551612899999782e+03 7.726645077420000174e-01
3.901400801560000218e+03 7.661442040350000537e-01
3.903249990220000200e+03 7.692806557110000165e-01
3.905099178890000076e+03 7.616103561879999928e-01
3.906948367550000057e+03 7.626826405940000386e-01
3.908797556210000039e+03 7.628087568129999774e-01
3.910646744870000020e+03 7.694377112019999965e-01
3.912495933530000002e+03 7.769150037650000007e-01
3.914345122189999984e+03 7.710923991089999596e-01
3.916194310849999965e+03 7.657883403990000115e-01
3.918043499509999947e+03 7.633189247310000480e-01
3.919892688169999929e+03 7.619161566450000089e-01
3.921741876829999910e+03 7.513835058300000203e-01
3.923591065489999892e+03 7.392612759259999944e-01
3.925440254149999873e+03 7.470579865380000406e-01
3.927289442820000204e+03 7.620812313779999903e-01
3.929138631480000186e+03 7.734759096929999522e-01
3.930987820140000167e+03 7.634882783809999740e-01
3.932837008800000149e+03 7.601089338180000432e-01
3.934686197460000130e+03 7.569254876440000279e-01
3.936535386120000112e+03 7.581468500489999540e-01
3.938384574780000094e+03 7.621869300760000243e-01
3.940233763440000075e+03 7.564807359999999870e-01
3.942082952100000057e+03 7.598410838829999792e-01
3.943932140760000038e+03 7.550451153899999657e-01
3.945781329420000020e+03 7.582780307140000176e-01
3.947630518080000002e+03 7.520338771029999592e-01
3.949479706739999983e+03 7.550951842819999538e-01
3.951328895409999859e+03 7.555800325979999954e-01
3.953178084069999841e+03 7.597796892670000135e-01
3.955027272729999822e+03 7.533853254550000322e-01
3.956876461389999804e+03 7.538409926329999733e-01
3.958725650049999786e+03 7.599461281639999788e-01
3.960574838710000222e+03 7.657095376770000072e-01
3.962424027370000204e+03 7.629957219320000483e-01
3.964273216030000185e+03 7.579117753670000512e-01
3.966122404690000167e+03 7.606363474720000406e-01
3.967971593350000148e+03 7.574796917689999853e-01
3.969820782010000130e+03 7.550783851140000502e-01
3.971669970670000112e+03 7.567928719769999590e-01
3.973519159339999987e+03 7.518160035580000455e-01
3.975368347999999969e+03 7.378009305530000006e-01
3.977217536659999951e+03 7.271860502760000289e-01
3.979066725319999932e+03 7.316750947879999689e-01
3.980915913979999914e+03 7.402477673120000379e-01
3.982765102639999895e+03 7.498215631090000555e-01
3.984614291299999877e+03 7.514911899470000378e-01
3.986463479959999859e+03 7.494350408409999886e-01
3.988312668619999840e+03 7.469228974899999596e-01
3.990161857279999822e+03 7.514325780180000081e-01
3.992011045939999804e+03 7.588658721019999609e-01
3.993860234599999785e+03 7.560048481640000428e-01
3.995709423260000221e+03 7.549379201560000308e-01
3.997558611930000097e+03 7.475063475930000534e-01
3.999407800590000079e+03 7.727619534899999865e-01
4.001256989250000061e+03 7.977630266670000525e-01
4.003106177910000042e+03 8.228561501040000392e-01
4.004955366570000024e+03 8.286626657710000066e-01
4.006804555230000005e+03 8.378375916600000473e-01
4.008653743889999987e+03 8.329759633819999731e-01
4.010502932549999969e+03 8.359174799999999905e-01
4.012352121209999950e+03 8.377446505450000247e-01
4.014201309869999932e+03 8.462452967119999947e-01
4.016050498529999913e+03 8.462756362109999930e-01
4.017899687189999895e+03 8.524202159799999512e-01
4.019748875860000226e+03 8.491030460799999791e-01
4.021598064520000207e+03 8.472674269679999481e-01
4.023447253180000189e+03 8.335164253610000129e-01
4.025296441840000170e+03 8.362263104789999790e-01
4.027145630500000152e+03 8.411124921410000344e-01
4.028994819160000134e+03 8.446109451030000548e-01
4.030844007820000115e+03 8.414759701940000003e-01
4.032693196480000097e+03 8.292426516480000398e-01
4.034542385140000079e+03 8.277730274410000089e-01
4.036391573800000060e+03 8.309184119060000207e-01
4.038240762460000042e+03 8.329533519059999502e-01
4.040089951120000023e+03 8.313146262830000133e-01
4.041939139780000005e+03 8.366164914410000319e-01
4.043788328449999881e+03 8.430598205160000358e-01
4.045637517109999862e+03 8.344412358399999619e-01
4.047486705769999844e+03 8.345087393550000288e-01
4.049335894429999826e+03 8.357393767620000524e-01
4.051185083089999807e+03 8.403832288720000099e-01
4.053034271749999789e+03 8.346406951949999486e-01
4.054883460410000225e+03 8.178410698179999772e-01
4.056732649070000207e+03 8.157461660799999459e-01
4.058581837730000188e+03 8.240782018059999992e-01
4.060431026390000170e+03 8.427814149910000108e-01
4.062280215050000152e+03 8.386027854190000186e-01
4.064129403710000133e+03 8.341646375989999473e-01
4.065978592380000009e+03 8.238941642229999918e-01
4.067827781039999991e+03 8.217428550730000447e-01
4.069676969699999972e+03 8.194912960000000357e-01
4.071526158359999954e+03 8.261931735249999909e-01
4.073375347019999936e+03 8.268247390340000003e-01
4.075224535679999917e+03 8.278897271749999787e-01
4.077073724339999899e+03 8.254388899350000308e-01
4.078922912999999880e+03 8.237997915660000281e-01
4.080772101659999862e+03 8.250394396560000176e-01
4.082621290319999844e+03 8.301839552259999699e-01
4.084470478979999825e+03 8.312064245360000214e-01
4.086319667639999807e+03 8.278251300100000210e-01
4.088168856299999788e+03 8.235584367160000419e-01
4.090018044970000119e+03 8.290601598789999471e-01
4.091867233630000101e+03 8.328134049149999996e-01
4.093716422290000082e+03 8.360082482109999491e-01
4.095565610950000064e+03 8.282421358749999518e-01
4.097414799610000046e+03 8.300145509359999618e-01
4.099263988269999572e+03 8.243717591550000501e-01
4.101113176930000009e+03 8.291881636829999680e-01
4.102962365590000445e+03 8.254246419349999808e-01
4.104811554249999972e+03 8.276402849149999685e-01
4.106660742910000408e+03 8.181787414660000035e-01
4.108509931569999935e+03 8.192744218890000152e-01
4.110359120230000372e+03 8.181922786159999683e-01
4.112208308899999793e+03 8.169808745650000148e-01
4.114057497560000229e+03 8.171196500880000269e-01
4.115906686219999756e+03 8.138219143930000010e-01
4.117755874880000192e+03 8.188602835739999808e-01
4.119605063539999719e+03 8.234601178379999942e-01
4.121454252200000155e+03 8.375604204109999840e-01
4.123303440859999682e+03 8.402232713980000156e-01
4.125152629520000119e+03 8.240123163989999666e-01
4.127001818179999646e+03 8.164090418180000031e-01
4.128851006840000082e+03 8.206174904709999662e-01
4.130700195499999609e+03 8.288553161489999876e-01
4.132549384160000045e+03 8.359370963990000458e-01
4.134398572830000376e+03 8.348068275579999531e-01
4.136247761489999903e+03 8.306912806139999939e-01
4.138096950150000339e+03 8.251091914960000384e-01
4.139946138809999866e+03 8.247063223660000553e-01
4.141795327470000302e+03 8.253775703539999453e-01
4.143644516129999829e+03 8.224482996130000334e-01
4.145493704790000265e+03 8.220978608519999842e-01
4.147342893449999792e+03 8.181062961060000527e-01
4.149192082110000229e+03 8.138302248090000246e-01
4.151041270769999755e+03 8.169999414080000300e-01
4.152890459430000192e+03 8.206438131419999671e-01
4.154739648089999719e+03 8.171185151319999562e-01
4.156588836750000155e+03 8.179677688759999787e-01
4.158438025419999576e+03 8.133186073310000319e-01
4.160287214080000012e+03 8.130511103109999693e-01
4.162136402740000449e+03 8.119768655989999528e-01
4.163985591399999976e+03 8.118916362579999824e-01
4.165834780060000412e+03 8.147299506509999567e-01
4.167683968719999939e+03 8.104434041060000204e-01
4.169533157380000375e+03 8.087755988660000339e-01
4.171382346039999902e+03 8.104337423459999634e-01
4.173231534700000338e+03 8.102642593000000115e-01
4.175080723359999865e+03 8.090233930400000384e-01
4.176929912020000302e+03 8.093548836949999714e-01
4.178779100679999829e+03 8.135908959880000513e-01
4.180628289350000159e+03 8.179536002310000553e-01
4.182477478009999686e+03 8.219232652079999646e-01
4.184326666670000122e+03 8.233301546669999915e-01
4.186175855329999649e+03 8.287308137440000388e-01
4.188025043990000086e+03 8.125748337829999945e-01
4.189874232649999612e+03 8.103210212939999657e-01
4.191723421310000049e+03 8.099631724850000492e-01
4.193572609969999576e+03 8.186653955539999750e-01
4.195421798630000012e+03 8.119502138220000553e-01
4.197270987290000448e+03 8.107486370519999541e-01
4.199120175949999975e+03 8.072421443170000321e-01
4.200969364610000412e+03 8.017187923790000115e-01
4.202818553269999938e+03 7.995610468739999810e-01
4.204667741940000269e+03 7.976031458060000023e-01
4.206516930599999796e+03 7.976298648449999806e-01
4.208366119260000232e+03 8.015266275779999727e-01
4.210215307919999759e+03 8.070708593669999598e-01
4.212064496580000196e+03 8.091557000469999927e-01
4.213913685239999722e+03 8.059437575169999812e-01
4.215762873900000159e+03 8.076380985450000161e-01
4.217612062559999686e+03 8.050321850399999590e-01
4.219461251220000122e+03 8.108878114999999998e-01
4.221310439879999649e+03 8.119530166920000402e-01
4.223159628540000085e+03 8.148171310259999522e-01
4.225008817199999612e+03 8.125064122149999735e-01
4.226858005869999943e+03 8.122601268500000415e-01
4.228707194530000379e+03 8.120549746509999611e-01
4.230556383189999906e+03 8.107001803829999576e-01
4.232405571850000342e+03 8.102065685629999958e-01
4.234254760509999869e+03 8.130437732899999936e-01
4.236103949170000305e+03 8.159302348069999988e-01
4.237953137829999832e+03 8.119867590729999973e-01
4.239802326490000269e+03 8.059410635620000152e-01
4.241651515149999796e+03 8.052420048480000148e-01
4.243500703810000232e+03 8.108139849269999644e-01
4.245349892469999759e+03 8.141943710110000065e-01
4.247199081130000195e+03 8.160837907329999696e-01
4.249048269789999722e+03 8.094985107330000540e-01
4.250897458460000053e+03 8.051563400590000530e-01
4.252746647119999579e+03 8.005956632609999568e-01
4.254595835780000016e+03 8.013786669210000158e-01
4.256445024440000452e+03 7.994475407819999768e-01
4.258294213099999979e+03 8.006799771770000129e-01
4.260143401760000415e+03 7.955283915540000139e-01
4.261992590419999942e+03 7.898879665879999790e-01
4.263841779080000379e+03 7.830370974779999882e-01
4.265690967739999905e+03 7.858963566450000160e-01
4.267540156400000342e+03 7.845615549050000137e-01
4.269389345059999869e+03 7.952998444179999460e-01
4.271238533720000305e+03 8.035288621349999660e-01
4.273087722389999726e+03 8.131248388149999728e-01
4.274936911050000163e+03 8.090643238160000195e-01
4.276786099709999689e+03 8.068270329269999763e-01
4.278635288370000126e+03 8.086457128049999721e-01
4.280484477029999653e+03 8.098298732040000170e-01
4.282333665690000089e+03 8.017856073429999730e-01
4.284182854349999616e+03 7.951671124539999580e-01
4.286032043010000052e+03 7.937369570319999790e-01
4.287881231669999579e+03 7.932734371259999584e-01
4.289730420330000015e+03 7.916330424519999465e-01
4.291579608990000452e+03 7.940518108430000277e-01
4.293428797649999979e+03 7.974235547679999758e-01
4.295277986310000415e+03 8.031530584630000025e-01
4.297127174979999836e+03 8.013530324930000504e-01
4.298976363640000272e+03 8.056507385450000225e-01
4.300825552299999799e+03 8.008800100920000498e-01
4.302674740960000236e+03 7.956485378730000502e-01
4.304523929619999763e+03 7.913856217129999759e-01
4.306373118280000199e+03 7.873808101079999844e-01
4.308222306939999726e+03 7.842873800509999604e-01
4.310071495600000162e+03 7.838195577130000480e-01
4.311920684259999689e+03 7.765395554209999496e-01
4.313769872920000125e+03 7.761964080900000118e-01
4.315619061579999652e+03 7.784738033429999815e-01
4.317468250240000089e+03 7.954517617520000528e-01
4.319317438910000419e+03 7.945608965239999710e-01
4.321166627569999946e+03 7.981307884689999854e-01
4.323015816230000382e+03 7.929975128330000178e-01
4.324865004889999909e+03 7.903122316720000429e-01
4.326714193550000346e+03 7.869469127739999736e-01
4.328563382209999872e+03 7.854086866859999461e-01
4.330412570870000309e+03 7.836044403090000054e-01
4.332261759529999836e+03 7.879327038010000006e-01
4.334110948190000272e+03 7.908608591200000371e-01
4.335960136849999799e+03 7.833775400429999758e-01
4.337809325510000235e+03 7.850139832379999794e-01
4.339658514169999762e+03 7.827290705570000284e-01
4.341507702830000198e+03 7.873550301110000538e-01
4.343356891499999620e+03 7.861881879769999637e-01
4.345206080160000056e+03 7.821349854389999523e-01
4.347055268819999583e+03 7.753195620649999675e-01
4.348904457480000019e+03 7.817443471199999605e-01
4.350753646139999546e+03 7.961789479369999478e-01
4.352602834799999982e+03 7.999188750929999703e-01
4.354452023460000419e+03 7.849929646690000373e-01
4.356301212119999946e+03 7.789759304240000404e-01
4.358150400780000382e+03 7.857062568949999548e-01
4.359999589439999909e+03 7.983164363870000058e-01
4.361848778100000345e+03 7.944036506160000455e-01
4.363697966759999872e+03 7.891016020529999508e-01
4.365547155430000203e+03 7.869623045510000248e-01
4.367396344089999729e+03 8.016223587959999675e-01
4.369245532750000166e+03 8.023233828389999545e-01
4.371094721409999693e+03 8.058123117890000353e-01
4.372943910070000129e+03 8.056896457240000364e-01
4.374793098729999656e+03 8.063946244299999844e-01
4.376642287390000092e+03 7.960998626740000139e-01
4.378491476049999619e+03 7.881572913390000323e-01
4.380340664710000055e+03 7.909962463930000354e-01
4.382189853369999582e+03 7.850110938530000526e-01
4.384039042030000019e+03 7.777094703700000444e-01
4.385888230689999546e+03 7.766611077260000551e-01
4.387737419349999982e+03 7.751612761289999876e-01
4.389586608020000313e+03 7.738910713000000108e-01
4.391435796679999839e+03 7.750339450640000294e-01
4.393284985340000276e+03 7.815045928089999761e-01
4.395134173999999803e+03 7.896501989249999909e-01
4.396983362660000239e+03 7.832109707409999899e-01
4.398832551319999766e+03 7.819645519650000320e-01
4.400681739980000202e+03 7.745233612549999869e-01
4.402530928639999729e+03 7.787370670619999657e-01
4.404380117300000165e+03 7.792392413959999820e-01
4.406229305959999692e+03 7.846471665180000388e-01
4.408078494620000129e+03 7.906618892469999826e-01
4.409927683279999655e+03 7.849872210670000294e-01
4.411776871949999986e+03 7.877898427170000328e-01
4.413626060610000422e+03 7.832674812119999608e-01
4.415475249269999949e+03 7.904782744160000485e-01
4.417324437930000386e+03 7.878915010949999465e-01
4.419173626589999913e+03 7.916903438910000146e-01
4.421022815250000349e+03 7.859753662520000406e-01
4.422872003909999876e+03 7.830005422479999755e-01
4.424721192570000312e+03 7.888940930440000443e-01
4.426570381229999839e+03 7.889760747209999536e-01
4.428419569890000275e+03 7.831740661079999999e-01
4.430268758549999802e+03 7.696896571029999690e-01
4.432117947210000239e+03 7.669323165039999557e-01
4.433967135869999765e+03 7.708644637460000393e-01
4.435816324540000096e+03 7.795003874100000507e-01
4.437665513199999623e+03 7.775956015839999846e-01
4.439514701860000059e+03 7.715513975800000201e-01
4.441363890519999586e+03 7.626494416500000373e-01
4.443213079180000022e+03 7.528717642929999565e-01
4.445062267839999549e+03 7.576737711630000538e-01
4.446911456499999986e+03 7.641189314959999646e-01
4.448760645160000422e+03 7.721946002580000190e-01
4.450609833819999949e+03 7.644446053960000098e-01
4.452459022480000385e+03 7.641250541540000052e-01
4.454308211139999912e+03 7.609430469210000103e-01
4.456157399800000348e+03 7.654047433899999753e-01
4.458006588469999770e+03 7.710921954880000095e-01
4.459855777130000206e+03 7.780956222989999782e-01
4.461704965789999733e+03 7.774857978300000472e-01
4.463554154450000169e+03 7.772188368329999708e-01
4.465403343109999696e+03 7.793968069559999989e-01
4.467252531770000132e+03 7.659124632839999780e-01
4.469101720429999659e+03 7.563653710969999722e-01
4.470950909090000096e+03 7.552865774550000522e-01
4.472800097749999622e+03 7.604428783579999518e-01
4.474649286410000059e+03 7.714503189910000280e-01
4.476498475069999586e+03 7.704740840349999509e-01
4.478347663730000022e+03 7.732077916990000022e-01
4.480196852389999549e+03 7.789291383299999927e-01
4.482046041059999880e+03 7.752006725510000029e-01
4.483895229720000316e+03 7.667985996830000150e-01
4.485744418379999843e+03 7.672205308699999726e-01
4.487593607040000279e+03 7.645390783340000329e-01
4.489442795699999806e+03 7.661317280860000523e-01
4.491291984360000242e+03 7.654068753860000518e-01
4.493141173019999769e+03 7.729546781580000081e-01
4.494990361680000206e+03 7.607363938490000477e-01
4.496839550339999732e+03 7.643119010600000207e-01
4.498688739000000169e+03 7.624802087269999529e-01
4.500537927659999696e+03 7.681031381039999939e-01
4.502387116320000132e+03 7.640071712379999935e-01
4.504236304989999553e+03 7.704524531849999969e-01
4.506085493649999989e+03 7.723926695480000104e-01
4.507934682310000426e+03 7.775557484849999756e-01
4.509783870969999953e+03 7.683283890319999587e-01
4.511633059630000389e+03 7.612061250520000266e-01
4.513482248289999916e+03 7.550741730129999496e-01
4.515331436950000352e+03 7.572721430729999481e-01
4.517180625609999879e+03 7.658807835930000474e-01
4.519029814270000315e+03 7.670824116519999736e-01
4.520879002929999842e+03 7.665832967979999690e-01
4.522728191590000279e+03 7.599977575049999823e-01
4.524577380249999806e+03 7.693961025300000145e-01
4.526426568910000242e+03 7.644016358709999626e-01
4.528275757579999663e+03 7.571611072730000114e-01
4.530124946240000099e+03 7.560537926879999926e-01
4.531974134899999626e+03 7.552081222869999610e-01
4.533823323560000063e+03 7.623242746980000151e-01
4.535672512219999589e+03 7.552285354569999720e-01
4.537521700880000026e+03 7.450292040470000154e-01
4.539370889539999553e+03 7.393500819710000505e-01
4.541220078199999989e+03 7.522799434720000011e-01
4.543069266860000425e+03 7.705867544869999808e-01
4.544918455519999952e+03 7.712462314169999944e-01
4.546767644180000389e+03 7.620944838509999819e-01
4.548616832839999915e+03 7.518404362930000140e-01
4.550466021510000246e+03 7.528358128169999608e-01
4.552315210169999773e+03 7.533141301229999698e-01
4.554164398830000209e+03 7.638227002699999879e-01
4.556013587489999736e+03 7.567911065489999478e-01
4.557862776150000172e+03 7.545268992100000460e-01
4.559711964809999699e+03 7.514557328330000452e-01
4.561561153470000136e+03 7.518443905449999631e-01
4.563410342129999663e+03 7.562633392219999529e-01
4.565259530790000099e+03 7.578763299120000463e-01
4.567108719449999626e+03 7.668661622989999538e-01
4.568957908110000062e+03 7.611674268900000540e-01
4.570807096769999589e+03 7.577110923869999626e-01
4.572656285430000025e+03 7.502417573959999642e-01
4.574505474100000356e+03 7.508365934509999562e-01
4.576354662759999883e+03 7.501596628500000197e-01
4.578203851420000319e+03 7.519507258259999771e-01
4.580053040079999846e+03 7.466569558400000250e-01
4.581902228740000282e+03 7.535797418180000262e-01
4.583751417399999809e+03 7.518153567740000209e-01
4.585600606060000246e+03 7.556503267880000374e-01
4.587449794719999772e+03 7.503964607040000123e-01
4.589298983380000209e+03 7.446505480899999752e-01
4.591148172039999736e+03 7.438711742800000470e-01
4.592997360700000172e+03 7.492397065689999636e-01
4.594846549359999699e+03 7.471775223890000373e-01
4.596695738030000030e+03 7.406912690089999529e-01
4.598544926689999556e+03 7.400768217709999819e-01
4.600394115349999993e+03 7.509796824159999939e-01
4.602243304010000429e+03 7.552448443789999688e-01
4.604092492669999956e+03 7.630901188619999553e-01
4.605941681330000392e+03 7.656789625340000294e-01
4.607790869989999919e+03 7.661808983890000535e-01
4.609640058650000356e+03 7.642359982990000189e-01
4.611489247309999882e+03 7.586290187099999915e-01
4.613338435970000319e+03 7.610283804690000098e-01
4.615187624629999846e+03 7.549904852080000506e-01
4.617036813290000282e+03 7.550420411299999524e-01
4.618886001959999703e+03 7.517690270769999961e-01
4.620735190620000139e+03 7.490107251609999794e-01
4.622584379279999666e+03 7.472969447349999683e-01
4.624433567940000103e+03 7.453595111199999845e-01
4.626282756599999630e+03 7.527882488910000447e-01
4.628131945260000066e+03 7.513930004569999710e-01
4.629981133919999593e+03 7.542241758159999865e-01
4.631830322580000029e+03 7.485660785809999940e-01
4.633679511239999556e+03 7.513389927350000441e-01
4.635528699899999992e+03 7.575265199489999990e-01
4.637377888560000429e+03 7.641967247509999783e-01
4.639227077219999956e+03 7.558202156990000420e-01
4.641076265880000392e+03 7.376125338100000262e-01
4.642925454549999813e+03 7.360141345449999761e-01
4.644774643210000249e+03 7.413313228969999891e-01
4.646623831869999776e+03 7.465231704560000292e-01
4.648473020530000213e+03 7.315208081520000460e-01
4.650322209189999739e+03 7.261275804140000512e-01
4.652171397850000176e+03 7.321985093330000138e-01
4.654020586509999703e+03 7.525894582759999896e-01
4.655869775170000139e+03 7.523209054699999676e-01
4.657718963829999666e+03 7.460702063340000079e-01
4.659568152490000102e+03 7.438394725279999786e-01
4.661417341149999629e+03 7.370076051930000149e-01
4.663266529810000065e+03 7.288539140019999474e-01
4.665115718480000396e+03 7.240519652900000436e-01
4.666964907139999923e+03 7.315850291100000069e-01
4.668814095800000359e+03 7.378072145999999831e-01
4.670663284459999886e+03 7.381044725280000440e-01
4.672512473120000323e+03 7.415363531180000356e-01
4.674361661779999849e+03 7.424273353939999653e-01
4.676210850440000286e+03 7.488030205279999629e-01
4.678060039099999813e+03 7.465604756679999898e-01
4.679909227760000249e+03 7.461212542089999955e-01
4.681758416419999776e+03 7.398423058890000181e-01
4.683607605080000212e+03 7.389419571259999708e-01
4.685456793739999739e+03 7.373047185729999509e-01
4.687305982400000175e+03 7.340958428149999548e-01
4.689155171069999597e+03 7.325683884070000040e-01
4.691004359730000033e+03 7.370808170439999696e-01
4.692853548389999560e+03 7.470179236130000122e-01
4.694702737049999996e+03 7.483259716719999899e-01
4.696551925710000432e+03 7.411112268659999502e-01
4.698401114369999959e+03 7.416065191439999982e-01
4.700250303030000396e+03 7.420254236359999922e-01
4.702099491689999923e+03 7.376266929350000501e-01
4.703948680350000359e+03 7.258160879180000080e-01
4.705797869009999886e+03 7.303960228389999587e-01
4.707647057670000322e+03 7.285860680350000340e-01
4.709496246329999849e+03 7.303182209849999884e-01
4.711345435000000180e+03 7.229553650279999522e-01
4.713194623659999706e+03 7.220539169890000109e-01
4.715043812320000143e+03 7.229955673669999916e-01
4.716893000979999670e+03 7.269549585379999623e-01
4.718742189640000106e+03 7.258940029089999690e-01
4.720591378299999633e+03 7.354621248449999538e-01
4.722440566960000069e+03 7.321959939390000338e-01
4.724289755619999596e+03 7.319833083010000019e-01
4.726138944280000032e+03 7.252174696659999809e-01
4.727988132939999559e+03 7.287361791749999984e-01
4.729837321599999996e+03 7.245770288170000351e-01
4.731686510260000432e+03 7.241988224630000470e-01
4.733535698919999959e+03 7.237013138919999866e-01
4.735384887590000289e+03 7.285777478710000477e-01
4.737234076249999816e+03 7.270541284460000364e-01
4.739083264910000253e+03 7.555445465569999852e-01
4.740932453569999780e+03 8.511603036949999534e-01
4.742781642230000216e+03 9.516521843170000494e-01
4.744630830889999743e+03 9.995070156169999498e-01
4.746480019550000179e+03 9.999331050519999486e-01
4.748329208209999706e+03 9.999795129740000066e-01
4.750178396870000142e+03 9.999937179079999572e-01
4.752027585529999669e+03 9.999974365510000407e-01
4.753876774190000106e+03 9.999982507100000362e-01
4.755725962849999632e+03 9.999989503849999739e-01
4.757575151519999963e+03 9.999996350300000003e-01
4.759424340180000399e+03 1.000000000000000000e+00
4.761273528839999926e+03 1.000000000000000000e+00
4.763122717500000363e+03 1.000000000000000000e+00
4.764971906159999889e+03 1.000000000000000000e+00
4.766821094820000326e+03 1.000000000000000000e+00
4.768670283479999853e+03 1.000000000000000000e+00
4.770519472140000289e+03 1.000000000000000000e+00
4.772368660799999816e+03 1.000000000000000000e+00
4.774217849460000252e+03 1.000000000000000000e+00
4.776067038119999779e+03 1.000000000000000000e+00
4.777916226780000216e+03 1.000000000000000000e+00
4.779765415439999742e+03 1.000000000000000000e+00
4.781614604110000073e+03 1.000000000000000000e+00
4.783463792769999600e+03 1.000000000000000000e+00
4.785312981430000036e+03 1.000000000000000000e+00
4.787162170089999563e+03 1.000000000000000000e+00
4.789011358749999999e+03 1.000000000000000000e+00
4.790860547410000436e+03 1.000000000000000000e+00
4.792709736069999963e+03 1.000000000000000000e+00
4.794558924730000399e+03 1.000000000000000000e+00
4.796408113389999926e+03 1.000000000000000000e+00
4.798257302050000362e+03 1.000000000000000000e+00
4.800106490709999889e+03 1.000000000000000000e+00
4.801955679370000325e+03 1.000000000000000000e+00
4.803804868039999747e+03 1.000000000000000000e+00
4.805654056700000183e+03 1.000000000000000000e+00
4.807503245359999710e+03 1.000000000000000000e+00
4.809352434020000146e+03 1.000000000000000000e+00
4.811201622679999673e+03 1.000000000000000000e+00
4.813050811340000109e+03 1.000000000000000000e+00
4.814899999999999636e+03 1.000000000000000000e+00
