# Wavelength (Angstroms)     Mean
2.903329999999999927e+03 8.469151400000000107e-01
2.904221173020000151e+03 8.551679891090000485e-01
2.905112346039999920e+03 8.645346972549999842e-01
2.906003519060000144e+03 8.719033301990000151e-01
2.906894692079999913e+03 8.767087681990000103e-01
2.907785865100000137e+03 8.779631195010000333e-01
2.908677038119999906e+03 8.799327206570000115e-01
2.909568211140000130e+03 8.768118315949999797e-01
2.910459384159999900e+03 8.691553071550000009e-01
2.911350557180000123e+03 8.643774441820000209e-01
2.912241730209999787e+03 8.614597532550000158e-01
2.913132903230000011e+03 8.601286838060000495e-01
2.914024076249999780e+03 8.570773254189999468e-01
2.914915249270000004e+03 8.549696950259999539e-01
2.915806422289999773e+03 8.559215174190000219e-01
2.916697595309999997e+03 8.569695407920000507e-01
2.917588768330000221e+03 8.581839006799999447e-01
2.918479941349999990e+03 8.591474087510000412e-01
2.919371114370000214e+03 8.614776482229999921e-01
2.920262287389999983e+03 8.678517443230000517e-01
2.921153460410000207e+03 8.690947009970000359e-01
2.922044633429999976e+03 8.705689261350000319e-01
2.922935806450000200e+03 8.707993605160000428e-01
2.923826979469999969e+03 8.731408438240000347e-01
2.924718152490000193e+03 8.735790061470000145e-01
2.925609325509999962e+03 8.711951259819999960e-01
2.926500498530000186e+03 8.705278740059999576e-01
2.927391671549999955e+03 8.685334448679999930e-01
2.928282844570000179e+03 8.656793971730000203e-01
2.929174017599999843e+03 8.630106545450000333e-01
2.930065190620000067e+03 8.621929102049999960e-01
2.930956363639999836e+03 8.614877056359999674e-01
2.931847536660000060e+03 8.633471427209999938e-01
2.932738709679999829e+03 8.641141152260000124e-01
2.933629882700000053e+03 8.644268223700000142e-01
2.934521055719999822e+03 8.675801819649999747e-01
2.935412228740000046e+03 8.690535605510000261e-01
2.936303401759999815e+03 8.705491616480000028e-01
2.937194574780000039e+03 8.705572779350000401e-01
2.938085747799999808e+03 8.742503747159999783e-01
2.938976920820000032e+03 8.716555682109999870e-01
2.939868093839999801e+03 8.734053823640000047e-01
2.940759266860000025e+03 8.769381418889999891e-01
2.941650439879999794e+03 8.815597551139999766e-01
2.942541612900000018e+03 8.821683303230000162e-01
2.943432785919999787e+03 8.822149836660000410e-01
2.944323958940000011e+03 8.841134712729999956e-01
2.945215131959999781e+03 8.838193437069999936e-01
2.946106304989999899e+03 8.808526014080000355e-01
2.946997478010000123e+03 8.779360522400000422e-01
2.947888651029999892e+03 8.792109786509999525e-01
2.948779824050000116e+03 8.780239288500000239e-01
2.949670997069999885e+03 8.763625906980000435e-01
2.950562170090000109e+03 8.742204204810000157e-01
2.951453343109999878e+03 8.745481327740000088e-01
2.952344516130000102e+03 8.793925735480000450e-01
2.953235689149999871e+03 8.767927810790000498e-01
2.954126862170000095e+03 8.722806947740000538e-01
2.955018035189999864e+03 8.694550559410000323e-01
2.955909208210000088e+03 8.678559504630000143e-01
2.956800381229999857e+03 8.650278560699999897e-01
2.957691554250000081e+03 8.651451792019999587e-01
2.958582727269999850e+03 8.712341774549999807e-01
2.959473900290000074e+03 8.802138279590000502e-01
2.960365073309999843e+03 8.818391538890000270e-01
2.961256246330000067e+03 8.825587786220000508e-01
2.962147419349999836e+03 8.856525056770000459e-01
2.963038592379999955e+03 8.823419474020000042e-01
2.963929765400000178e+03 8.797013501699999516e-01
2.964820938419999948e+03 8.788711817709999874e-01
2.965712111440000172e+03 8.801955545449999807e-01
2.966603284459999941e+03 8.808582902989999797e-01
2.967494457480000165e+03 8.800754192959999722e-01
2.968385630499999934e+03 8.816354941520000432e-01
2.969276803520000158e+03 8.791837734549999839e-01
2.970167976539999927e+03 8.794123168330000295e-01
2.971059149560000151e+03 8.792658842580000078e-01
2.971950322579999920e+03 8.759827283869999759e-01
2.972841495600000144e+03 8.753329552609999675e-01
2.973732668619999913e+03 8.771052841349999962e-01
2.974623841640000137e+03 8.791786205279999988e-01
2.975515014659999906e+03 8.788540098299999492e-01
2.976406187680000130e+03 8.820480930209999570e-01
2.977297360699999899e+03 8.864846138009999654e-01
2.978188533720000123e+03 8.861008162700000357e-01
2.979079706739999892e+03 8.863479821990000174e-01
2.979970879770000010e+03 8.858018274490000454e-01
2.980862052789999780e+03 8.836374450320000351e-01
2.981753225810000004e+03 8.784875443870000522e-01
2.982644398829999773e+03 8.783743467040000530e-01
2.983535571849999997e+03 8.801463007619999557e-01
2.984426744870000221e+03 8.793340322699999545e-01
2.985317917889999990e+03 8.809128670379999804e-01
2.986209090910000214e+03 8.815005523640000451e-01
2.987100263929999983e+03 8.814019730209999848e-01
2.987991436950000207e+03 8.785802106740000506e-01
2.988882609969999976e+03 8.775956560350000046e-01
2.989773782990000200e+03 8.754484490030000066e-01
2.990664956009999969e+03 8.733434685630000471e-01
2.991556129030000193e+03 8.747892702580000179e-01
2.992447302049999962e+03 8.750968268619999657e-01
2.993338475070000186e+03 8.754556587859999572e-01
2.994229648089999955e+03 8.767394304159999985e-01
2.995120821110000179e+03 8.812791026039999975e-01
2.996011994129999948e+03 8.831284680590000269e-01
2.996903167160000066e+03 8.815229083869999815e-01
2.997794340179999836e+03 8.811269148860000344e-01
2.998685513200000059e+03 8.829046670560000143e-01
2.999576686219999829e+03 8.801732519999999615e-01
3.000467859240000053e+03 8.743561502990000456e-01
3.001359032259999822e+03 8.761976607100000480e-01
3.002250205280000046e+03 8.742798520469999835e-01
3.003141378299999815e+03 8.725294477599999654e-01
3.004032551320000039e+03 8.730878431090000058e-01
3.004923724339999808e+03 8.751716501290000005e-01
3.005814897360000032e+03 8.774588811850000392e-01
3.006706070379999801e+03 8.763086115779999963e-01
3.007597243400000025e+03 8.796798504520000339e-01
3.008488416419999794e+03 8.770437991789999943e-01
3.009379589440000018e+03 8.751022063340000434e-01
3.010270762459999787e+03 8.757501044990000372e-01
3.011161935480000011e+03 8.731940056770000069e-01
3.012053108499999780e+03 8.721870298589999848e-01
3.012944281520000004e+03 8.720851592959999454e-01
3.013835454550000122e+03 8.778072192729999834e-01
3.014726627569999891e+03 8.800033389679999818e-01
3.015617800590000115e+03 8.836791789329999647e-01
3.016508973609999885e+03 8.889641246920000350e-01
3.017400146630000108e+03 8.926703050149999985e-01
3.018291319649999878e+03 8.968439275659999543e-01
3.019182492670000101e+03 9.013630462580000113e-01
3.020073665689999871e+03 9.039803525980000254e-01
3.020964838710000095e+03 9.023606565809999536e-01
3.021856011729999864e+03 8.989486230500000064e-01
3.022747184750000088e+03 8.985514672379999457e-01
3.023638357769999857e+03 8.943337296769999778e-01
3.024529530790000081e+03 8.890082410499999810e-01
3.025420703809999850e+03 8.887141160939999729e-01
3.026311876830000074e+03 8.895605154839999473e-01
3.027203049849999843e+03 8.907395854780000288e-01
3.028094222870000067e+03 8.894863675480000342e-01
3.028985395889999836e+03 8.908465990730000117e-01
3.029876568910000060e+03 8.953762893960000024e-01
3.030767741940000178e+03 8.955058296769999870e-01
3.031658914959999947e+03 8.964905555190000319e-01
3.032550087980000171e+03 8.959079978770000396e-01
3.033441260999999940e+03 8.994151355599999675e-01
3.034332434020000164e+03 9.015164321759999710e-01
3.035223607039999933e+03 8.966627044870000285e-01
3.036114780060000157e+03 8.961485823229999870e-01
3.037005953079999927e+03 8.980488923399999601e-01
3.037897126100000150e+03 8.951623093960000555e-01
3.038788299119999920e+03 8.903873550669999526e-01
3.039679472140000144e+03 8.890170169500000164e-01
3.040570645159999913e+03 8.899190929679999806e-01
3.041461818180000137e+03 8.915045323639999575e-01
3.042352991199999906e+03 8.929131339710000281e-01
3.043244164220000130e+03 8.944440104630000388e-01
3.044135337239999899e+03 8.948406966859999701e-01
3.045026510260000123e+03 8.958646110260000128e-01
3.045917683279999892e+03 8.953942948209999697e-01
3.046808856300000116e+03 8.881646601410000397e-01
3.047700029329999779e+03 8.876028882349999982e-01
3.048591202350000003e+03 8.884963436360000522e-01
3.049482375370000227e+03 8.907817680409999550e-01
3.050373548389999996e+03 8.880718520000000504e-01
3.051264721410000220e+03 8.926661676189999728e-01
3.052155894429999989e+03 8.971329180410000381e-01
3.053047067450000213e+03 8.985950462170000375e-01
3.053938240469999982e+03 8.979478915070000511e-01
3.054829413490000206e+03 8.949641422520000500e-01
3.055720586509999976e+03 8.944925222170000412e-01
3.056611759530000199e+03 8.920271118999999471e-01
3.057502932549999969e+03 8.924408998830000161e-01
3.058394105570000193e+03 8.889792184400000519e-01
3.059285278589999962e+03 8.926644106159999925e-01
3.060176451610000186e+03 8.929351269030000315e-01
3.061067624629999955e+03 8.948611204690000154e-01
3.061958797650000179e+03 8.928377945750000100e-01
3.062849970669999948e+03 8.907829471439999702e-01
3.063741143700000066e+03 8.889434290259999871e-01
3.064632316719999835e+03 8.882478058060000459e-01
3.065523489740000059e+03 8.899068837710000235e-01
3.066414662759999828e+03 8.908234900879999918e-01
3.067305835780000052e+03 8.914043701699999600e-01
3.068197008799999821e+03 8.922839017710000320e-01
3.069088181820000045e+03 8.913202709090000120e-01
3.069979354839999814e+03 8.906350134189999768e-01
3.070870527860000038e+03 8.920655941349999729e-01
3.071761700879999808e+03 8.917572495479999528e-01
3.072652873900000031e+03 8.965437303459999896e-01
3.073544046919999801e+03 8.995833502169999774e-01
3.074435219940000025e+03 9.028949453839999473e-01
3.075326392959999794e+03 9.016998048090000273e-01
3.076217565980000018e+03 9.015075798420000286e-01
3.077108738999999787e+03 9.040107415370000066e-01
3.077999912020000011e+03 9.011241199880000163e-01
3.078891085039999780e+03 8.972082471910000079e-01
3.079782258060000004e+03 8.946706651610000227e-01
3.080673431090000122e+03 8.906536772080000386e-01
3.081564604109999891e+03 8.870567185869999705e-01
3.082455777130000115e+03 8.819266669909999745e-01
3.083346950149999884e+03 8.803525075539999634e-01
3.084238123170000108e+03 8.811942161879999791e-01
3.085129296189999877e+03 8.846591378889999691e-01
3.086020469210000101e+03 8.904683096300000100e-01
3.086911642229999870e+03 8.939047338890000471e-01
3.087802815250000094e+03 8.960603354130000087e-01
3.088693988269999863e+03 8.952284163050000521e-01
3.089585161290000087e+03 8.923874570319999533e-01
3.090476334309999856e+03 8.898371726739999765e-01
3.091367507330000080e+03 8.858512894900000267e-01
3.092258680349999850e+03 8.829734091669999563e-01
3.093149853370000073e+03 8.827370819350000009e-01
3.094041026389999843e+03 8.852814456069999505e-01
3.094932199410000067e+03 8.832521682349999681e-01
3.095823372429999836e+03 8.801115789679999635e-01
3.096714545450000060e+03 8.801319312730000455e-01
3.097605718480000178e+03 8.809472138709999456e-01
3.098496891499999947e+03 8.824217389680000245e-01
3.099388064520000171e+03 8.813610391609999484e-01
3.100279237539999940e+03 8.806292615840000115e-01
3.101170410560000164e+03 8.812844090210000259e-01
3.102061583579999933e+03 8.803895634599999687e-01
3.102952756600000157e+03 8.829705514960000112e-01
3.103843929619999926e+03 8.824799284109999808e-01
3.104735102640000150e+03 8.869195388039999850e-01
3.105626275659999919e+03 8.911139050669999451e-01
3.106517448680000143e+03 8.916759635480000501e-01
3.107408621699999912e+03 8.926125186040000381e-01
3.108299794720000136e+03 8.904308062169999927e-01
3.109190967739999905e+03 8.895961455480000390e-01
3.110082140760000129e+03 8.872552028090000542e-01
3.110973313779999899e+03 8.843100444570000107e-01
3.111864486800000122e+03 8.830855693839999576e-01
3.112755659819999892e+03 8.845824707920000307e-01
3.113646832840000116e+03 8.854760144159999902e-01
3.114538005869999779e+03 8.844669640000000221e-01
3.115429178890000003e+03 8.857606882990000097e-01
3.116320351910000227e+03 8.872926853489999655e-01
3.117211524929999996e+03 8.837132089029999804e-01
3.118102697950000220e+03 8.815610198479999493e-01
3.118993870969999989e+03 8.814621963230000468e-01
3.119885043990000213e+03 8.811918533720000113e-01
3.120776217009999982e+03 8.792463493019999632e-01
3.121667390030000206e+03 8.781118784750000517e-01
3.122558563049999975e+03 8.786167241640000514e-01
3.123449736070000199e+03 8.817763687980000320e-01
3.124340909089999968e+03 8.835595154549999997e-01
3.125232082110000192e+03 8.842855689619999460e-01
3.126123255129999961e+03 8.857245424340000062e-01
3.127014428150000185e+03 8.883685577829999458e-01
3.127905601169999954e+03 8.856131724160000163e-01
3.128796774190000178e+03 8.824931651609999594e-01
3.129687947209999948e+03 8.794397430210000310e-01
3.130579120230000171e+03 8.758194468269999700e-01
3.131470293259999835e+03 8.745410523279999460e-01
3.132361466280000059e+03 8.726758501000000390e-01
3.133252639299999828e+03 8.724232645160000521e-01
3.134143812320000052e+03 8.732433664400000017e-01
3.135034985339999821e+03 8.785426209269999731e-01
3.135926158360000045e+03 8.834160024630000052e-01
3.136817331379999814e+03 8.844945775720000070e-01
3.137708504400000038e+03 8.846820336070000401e-01
3.138599677419999807e+03 8.835927881940000006e-01
3.139490850440000031e+03 8.802893956130000142e-01
3.140382023459999800e+03 8.792365129439999594e-01
3.141273196480000024e+03 8.750478892199999859e-01
3.142164369499999793e+03 8.729486079179999969e-01
3.143055542520000017e+03 8.767795943230000111e-01
3.143946715539999786e+03 8.791032473309999817e-01
3.144837888560000010e+03 8.783372795070000238e-01
3.145729061579999779e+03 8.753682868209999857e-01
3.146620234600000003e+03 8.800047482110000541e-01
3.147511407620000227e+03 8.818627129910000528e-01
3.148402580649999891e+03 8.787445870969999850e-01
3.149293753670000115e+03 8.783050464749999620e-01
3.150184926689999884e+03 8.849206625450000141e-01
3.151076099710000108e+03 8.849102666570000109e-01
3.151967272729999877e+03 8.822365130910000408e-01
3.152858445750000101e+03 8.839381244220000378e-01
3.153749618769999870e+03 8.851731674130000060e-01
3.154640791790000094e+03 8.832851250380000518e-01
3.155531964809999863e+03 8.773376048680000538e-01
3.156423137830000087e+03 8.758920215950000143e-01
3.157314310849999856e+03 8.786175175010000338e-01
3.158205483870000080e+03 8.793285997419999500e-01
3.159096656889999849e+03 8.812925647860000433e-01
3.159987829910000073e+03 8.837570616130000500e-01
3.160879002929999842e+03 8.870755708619999513e-01
3.161770175950000066e+03 8.889347633780000368e-01
3.162661348969999835e+03 8.819943474489999602e-01
3.163552521990000059e+03 8.795814248679999503e-01
3.164443695009999828e+03 8.770530805870000446e-01
3.165334868039999947e+03 8.750686439820000162e-01
3.166226041060000171e+03 8.737165001409999965e-01
3.167117214079999940e+03 8.767669971260000361e-01
3.168008387100000164e+03 8.800565526450000453e-01
3.168899560119999933e+03 8.840815004690000256e-01
3.169790733140000157e+03 8.872188218530000503e-01
3.170681906159999926e+03 8.919985314720000336e-01
3.171573079180000150e+03 8.917732933609999746e-01
3.172464252199999919e+03 8.901796042870000480e-01
3.173355425220000143e+03 8.870047051610000510e-01
3.174246598239999912e+03 8.844520164110000193e-01
3.175137771260000136e+03 8.827406525400000037e-01
3.176028944279999905e+03 8.785984037359999554e-01
3.176920117300000129e+03 8.810040091140000085e-01
3.177811290319999898e+03 8.830715103230000196e-01
3.178702463340000122e+03 8.899968089969999552e-01
3.179593636359999891e+03 8.931557012730000356e-01
3.180484809380000115e+03 9.032985223460000546e-01
3.181375982399999884e+03 9.133801806389999500e-01
3.182267155430000003e+03 9.182765499709999446e-01
3.183158328450000226e+03 9.219141413260000251e-01
3.184049501469999996e+03 9.263121794959999766e-01
3.184940674490000220e+03 9.288397397600000049e-01
3.185831847509999989e+03 9.247822511669999690e-01
3.186723020530000213e+03 9.195304429909999522e-01
3.187614193549999982e+03 9.208620483870000317e-01
3.188505366570000206e+03 9.239766044989999871e-01
3.189396539589999975e+03 9.241541691850000406e-01
3.190287712610000199e+03 9.251741393900000388e-01
3.191178885629999968e+03 9.270729101469999955e-01
3.192070058650000192e+03 9.313547852139999472e-01
3.192961231669999961e+03 9.292205188859999909e-01
3.193852404690000185e+03 9.272175082579999783e-01
3.194743577709999954e+03 9.251733325980000533e-01
3.195634750730000178e+03 9.236471065400000402e-01
3.196525923749999947e+03 9.236300241879999984e-01
3.197417096770000171e+03 9.249003710969999625e-01
3.198308269789999940e+03 9.258959884109999594e-01
3.199199442820000058e+03 9.256188813429999662e-01
3.200090615839999828e+03 9.255081612900000199e-01
3.200981788860000051e+03 9.264064181350000204e-01
3.201872961879999821e+03 9.248566764460000034e-01
3.202764134900000045e+03 9.194734930439999454e-01
3.203655307919999814e+03 9.180937638939999923e-01
3.204546480940000038e+03 9.172890016129999768e-01
3.205437653959999807e+03 9.163767774429999458e-01
3.206328826980000031e+03 9.178381872899999960e-01
3.207219999999999800e+03 9.195823720000000367e-01
3.208111173020000024e+03 9.207987117360000306e-01
3.209002346039999793e+03 9.191407417010000191e-01
3.209893519060000017e+03 9.188799311199999931e-01
3.210784692079999786e+03 9.190584055010000419e-01
3.211675865100000010e+03 9.170019827099999965e-01
3.212567038119999779e+03 9.156137179940000426e-01
3.213458211140000003e+03 9.158970562460000409e-01
3.214349384160000227e+03 9.184696527269999855e-01
3.215240557179999996e+03 9.213212770440000199e-01
3.216131730210000114e+03 9.199278539940000110e-01
3.217022903229999883e+03 9.178691007100000521e-01
3.217914076250000107e+03 9.197219363049999874e-01
3.218805249269999877e+03 9.223327955069999806e-01
3.219696422290000100e+03 9.206122322930000434e-01
3.220587595309999870e+03 9.181507790620000442e-01
3.221478768330000094e+03 9.193948375949999585e-01
3.222369941349999863e+03 9.215776296769999654e-01
3.223261114370000087e+03 9.178489481760000457e-01
3.224152287389999856e+03 9.160188495950000176e-01
3.225043460410000080e+03 9.170976792260000510e-01
3.225934633429999849e+03 9.171713378889999602e-01
3.226825806450000073e+03 9.159831580649999694e-01
3.227716979469999842e+03 9.156462918529999495e-01
3.228608152490000066e+03 9.165827984050000099e-01
3.229499325509999835e+03 9.136775301989999987e-01
3.230390498530000059e+03 9.126619036130000362e-01
3.231281671549999828e+03 9.149428257770000350e-01
3.232172844570000052e+03 9.184219931849999519e-01
3.233064017600000170e+03 9.182310155249999717e-01
3.233955190619999939e+03 9.187096147100000110e-01
3.234846363640000163e+03 9.199930736360000250e-01
3.235737536659999932e+03 9.222449324929999914e-01
3.236628709680000156e+03 9.216320397420000310e-01
3.237519882699999926e+03 9.194695756359999583e-01
3.238411055720000149e+03 9.212164139349999781e-01
3.239302228739999919e+03 9.213749289849999524e-01
3.240193401760000143e+03 9.224107223749999918e-01
3.241084574779999912e+03 9.223562301230000537e-01
3.241975747800000136e+03 9.254350174659999873e-01
3.242866920819999905e+03 9.279024812320000315e-01
3.243758093840000129e+03 9.258355734780000512e-01
3.244649266859999898e+03 9.225094831669999884e-01
3.245540439880000122e+03 9.179008949850000487e-01
3.246431612899999891e+03 9.144249961289999673e-01
3.247322785920000115e+03 9.126438408910000355e-01
3.248213958939999884e+03 9.122931572319999960e-01
3.249105131960000108e+03 9.133027282990000550e-01
3.249996304990000226e+03 9.147304127619999559e-01
3.250887478009999995e+03 9.193271875949999838e-01
3.251778651030000219e+03 9.194596138420000342e-01
3.252669824049999988e+03 9.173903679589999749e-01
3.253560997070000212e+03 9.174247722580000097e-01
3.254452170089999981e+03 9.215649030260000263e-01
3.255343343110000205e+03 9.226889020530000263e-01
3.256234516129999975e+03 9.209272825159999787e-01
3.257125689150000198e+03 9.224121521989999684e-01
3.258016862169999968e+03 9.231696992960000125e-01
3.258908035190000192e+03 9.231067347450000460e-01
3.259799208209999961e+03 9.210651591959999607e-01
3.260690381230000185e+03 9.216510164219999801e-01
3.261581554249999954e+03 9.248533593079999449e-01
3.262472727270000178e+03 9.250250054549999934e-01
3.263363900289999947e+03 9.220355137360000120e-01
3.264255073310000171e+03 9.217490041410000279e-01
3.265146246329999940e+03 9.200690135839999506e-01
3.266037419350000164e+03 9.178506019350000100e-01
3.266928592379999827e+03 9.161142142820000167e-01
3.267819765400000051e+03 9.168381529619999970e-01
3.268710938419999820e+03 9.201805715249999906e-01
3.269602111440000044e+03 9.226018419239999657e-01
3.270493284459999813e+03 9.212996351140000373e-01
3.271384457480000037e+03 9.199752184160000512e-01
3.272275630499999806e+03 9.170456427509999786e-01
3.273166803520000030e+03 9.139598506280000034e-01
3.274057976539999800e+03 9.097055108270000190e-01
3.274949149560000023e+03 9.104065560699999837e-01
3.275840322579999793e+03 9.127372909680000479e-01
3.276731495600000017e+03 9.148587902989999687e-01
3.277622668619999786e+03 9.188419675250000251e-01
3.278513841640000010e+03 9.219821229329999701e-01
3.279405014659999779e+03 9.239151110259999911e-01
3.280296187680000003e+03 9.220148095010000100e-01
3.281187360700000227e+03 9.200225402639999883e-01
3.282078533719999996e+03 9.207690978420000061e-01
3.282969706740000220e+03 9.206880912079999923e-01
3.283860879769999883e+03 9.200105653610000100e-01
3.284752052790000107e+03 9.197691792669999700e-01
3.285643225809999876e+03 9.249783815480000504e-01
3.286534398830000100e+03 9.243050049330000517e-01
3.287425571849999869e+03 9.245890565629999447e-01
3.288316744870000093e+03 9.222382528800000534e-01
3.289207917889999862e+03 9.230924807039999624e-01
3.290099090910000086e+03 9.179292359999999817e-01
3.290990263929999855e+03 9.156964467679999942e-01
3.291881436950000079e+03 9.147936596950000387e-01
3.292772609969999849e+03 9.109270330319999553e-01
3.293663782990000072e+03 9.091396564520000112e-01
3.294554956009999842e+03 9.094100841290000403e-01
3.295446129030000066e+03 9.147929038059999796e-01
3.296337302049999835e+03 9.165058477540000137e-01
3.297228475070000059e+03 9.176410503230000293e-01
3.298119648089999828e+03 9.211341113200000041e-01
3.299010821110000052e+03 9.211846074720000388e-01
3.299901994129999821e+03 9.203598063579999655e-01
3.300793167159999939e+03 9.198226090259999932e-01
3.301684340180000163e+03 9.192492138650000255e-01
3.302575513199999932e+03 9.209561562169999993e-01
3.303466686220000156e+03 9.234547331960000216e-01
3.304357859239999925e+03 9.252476971959999741e-01
3.305249032260000149e+03 9.242092775479999744e-01
3.306140205279999918e+03 9.214979858770000476e-01
3.307031378300000142e+03 9.215635051610000517e-01
3.307922551319999911e+03 9.178817580820000099e-01
3.308813724340000135e+03 9.168231166689999601e-01
3.309704897359999904e+03 9.129187506329999868e-01
3.310596070380000128e+03 9.136413575370000428e-01
3.311487243399999898e+03 9.123725975950000011e-01
3.312378416420000121e+03 9.107155080000000069e-01
3.313269589439999891e+03 9.118102537769999794e-01
3.314160762460000115e+03 9.106204129620000254e-01
3.315051935479999884e+03 9.123172676130000269e-01
3.315943108500000108e+03 9.151560137240000170e-01
3.316834281519999877e+03 9.181726562230000388e-01
3.317725454549999995e+03 9.183019839999999601e-01
3.318616627570000219e+03 9.161033232730000364e-01
3.319507800589999988e+03 9.167056166920000138e-01
3.320398973610000212e+03 9.146270905279999530e-01
3.321290146629999981e+03 9.128919621469999690e-01
3.322181319650000205e+03 9.101403292490000130e-01
3.323072492669999974e+03 9.118882235780000345e-01
3.323963665690000198e+03 9.140454941229999575e-01
3.324854838709999967e+03 9.146087664519999549e-01
3.325746011730000191e+03 9.137286975949999723e-01
3.326637184749999960e+03 9.166096341110000489e-01
3.327528357770000184e+03 9.153010692609999666e-01
3.328419530789999953e+03 9.140816188039999624e-01
3.329310703810000177e+03 9.118319785339999983e-01
3.330201876829999946e+03 9.092519116360000542e-01
3.331093049850000170e+03 9.061821450150000512e-01
3.331984222869999940e+03 9.059894064400000335e-01
3.332875395890000163e+03 9.081000617069999725e-01
3.333766568909999933e+03 9.067658141350000145e-01
3.334657741940000051e+03 9.095218492900000173e-01
3.335548914959999820e+03 9.150024072489999494e-01
3.336440087980000044e+03 9.187987228799999739e-01
3.337331260999999813e+03 9.185269668859999959e-01
3.338222434020000037e+03 9.210411732259999873e-01
3.339113607039999806e+03 9.240977436130000111e-01
3.340004780060000030e+03 9.215735142930000512e-01
3.340895953079999799e+03 9.196688517769999738e-01
3.341787126100000023e+03 9.194747899240000022e-01
3.342678299119999792e+03 9.163016461580000271e-01
3.343569472140000016e+03 9.134697812669999584e-01
3.344460645159999785e+03 9.113504852899999564e-01
3.345351818180000009e+03 9.103592538179999805e-01
3.346242991199999778e+03 9.073079926920000204e-01
3.347134164220000002e+03 9.050243893839999831e-01
3.348025337240000226e+03 9.047497047739999632e-01
3.348916510259999995e+03 9.027362030319999731e-01
3.349807683280000219e+03 9.045576338299999852e-01
3.350698856299999989e+03 9.089407307800000391e-01
3.351590029330000107e+03 9.127736886220000345e-01
3.352481202349999876e+03 9.150077683639999959e-01
3.353372375370000100e+03 9.164575340880000143e-01
3.354263548389999869e+03 9.171384976769999531e-01
3.355154721410000093e+03 9.143286240350000371e-01
3.356045894429999862e+03 9.099673757770000426e-01
3.356937067450000086e+03 9.083512195540000000e-01
3.357828240469999855e+03 9.086001528499999536e-01
3.358719413490000079e+03 9.079247907919999472e-01
3.359610586509999848e+03 9.068577776420000403e-01
3.360501759530000072e+03 9.075596769499999494e-01
3.361392932549999841e+03 9.076557135780000118e-01
3.362284105570000065e+03 9.092556556599999951e-01
3.363175278589999834e+03 9.104834463809999834e-01
3.364066451610000058e+03 9.107994367739999930e-01
3.364957624629999827e+03 9.144702089739999984e-01
3.365848797650000051e+03 9.143227772669999531e-01
3.366739970669999821e+03 9.131744218239999933e-01
3.367631143699999939e+03 9.108831325980000226e-01
3.368522316720000163e+03 9.101537614310000190e-01
3.369413489739999932e+03 9.092451923169999617e-01
3.370304662760000156e+03 9.095501665809999636e-01
3.371195835779999925e+03 9.073741077179999781e-01
3.372087008800000149e+03 9.104324123579999872e-01
3.372978181819999918e+03 9.092039112730000427e-01
3.373869354840000142e+03 9.096671967739999864e-01
3.374760527859999911e+03 9.110053690789999825e-01
3.375651700880000135e+03 9.156075589209999865e-01
3.376542873899999904e+03 9.177096595539999679e-01
3.377434046920000128e+03 9.166176482110000023e-01
3.378325219939999897e+03 9.203346736070000533e-01
3.379216392960000121e+03 9.186858642990000101e-01
3.380107565979999890e+03 9.158935065569999701e-01
3.380998739000000114e+03 9.151670129910000062e-01
3.381889912019999883e+03 9.121259431670000195e-01
3.382781085040000107e+03 9.080378920230000039e-01
3.383672258059999876e+03 9.032922030969999794e-01
3.384563431089999995e+03 9.012973669439999780e-01
3.385454604110000218e+03 8.987491637650000254e-01
3.386345777129999988e+03 8.977033329150000407e-01
3.387236950150000212e+03 8.974986034020000503e-01
3.388128123169999981e+03 8.993229820120000051e-01
3.389019296190000205e+03 9.028948495599999902e-01
3.389910469209999974e+03 9.032769110730000106e-01
3.390801642230000198e+03 9.015303001409999961e-01
3.391692815249999967e+03 9.035212247799999652e-01
3.392583988270000191e+03 9.067478827799999586e-01
3.393475161289999960e+03 9.055096799999999835e-01
3.394366334310000184e+03 9.043491302289999867e-01
3.395257507329999953e+03 9.020835613140000264e-01
3.396148680350000177e+03 9.029791787680000459e-01
3.397039853369999946e+03 9.004532001639999894e-01
3.397931026390000170e+03 8.993994740180000225e-01
3.398822199409999939e+03 8.975614322820000268e-01
3.399713372430000163e+03 8.996195373259999739e-01
3.400604545449999932e+03 8.996000718179999467e-01
3.401495718480000050e+03 8.982946602929999802e-01
3.402386891499999820e+03 8.996144067329999716e-01
3.403278064520000044e+03 9.000252726449999852e-01
3.404169237539999813e+03 9.029084999240000187e-01
3.405060410560000037e+03 9.045628943700000368e-01
3.405951583579999806e+03 9.086106751439999574e-01
3.406842756600000030e+03 9.094533891029999984e-01
3.407733929619999799e+03 9.079690236830000316e-01
3.408625102640000023e+03 9.085907879060000081e-01
3.409516275659999792e+03 9.081703756300000263e-01
3.410407448680000016e+03 9.056993032610000105e-01
3.411298621699999785e+03 9.069942321170000321e-01
3.412189794720000009e+03 9.059502830379999594e-01
3.413080967739999778e+03 9.075464780649999952e-01
3.413972140760000002e+03 9.064455479180000275e-01
3.414863313780000226e+03 9.045568450500000024e-01
3.415754486799999995e+03 9.068912071789999585e-01
3.416645659820000219e+03 9.099102264220000347e-01
3.417536832839999988e+03 9.091658512729999808e-01
3.418428005870000106e+03 9.093453743989999838e-01
3.419319178889999876e+03 9.118880977600000159e-01
3.420210351910000099e+03 9.097011479819999691e-01
3.421101524929999869e+03 9.036560683750000100e-01
3.421992697950000093e+03 9.014389163110000380e-01
3.422883870969999862e+03 9.033017883870000375e-01
3.423775043990000086e+03 9.023570927740000025e-01
3.424666217009999855e+03 9.019083623339999578e-01
3.425557390030000079e+03 9.054829698940000116e-01
3.426448563049999848e+03 9.082493615479999560e-01
3.427339736070000072e+03 9.087709646330000002e-01
3.428230909089999841e+03 9.064157949090000388e-01
3.429122082110000065e+03 9.082061831669999696e-01
3.430013255129999834e+03 9.063606923520000080e-01
3.430904428150000058e+03 9.061722007329999773e-01
3.431795601169999827e+03 9.040606683280000277e-01
3.432686774190000051e+03 9.067054941940000390e-01
3.433577947209999820e+03 9.048744011379999952e-01
3.434469120230000044e+03 9.056714094659999992e-01
3.435360293260000162e+03 9.077439733959999923e-01
3.436251466279999931e+03 9.052845499999999657e-01
3.437142639300000155e+03 9.019655031440000359e-01
3.438033812319999925e+03 8.983165868389999531e-01
3.438924985340000148e+03 8.974919560230000259e-01
3.439816158359999918e+03 8.909599435889999919e-01
3.440707331380000142e+03 8.900808688560000181e-01
3.441598504399999911e+03 8.918325237130000360e-01
3.442489677420000135e+03 8.963051089029999696e-01
3.443380850439999904e+03 8.944620149680000409e-01
3.444272023460000128e+03 8.950236237419999519e-01
3.445163196479999897e+03 8.945879999710000252e-01
3.446054369500000121e+03 8.932740814430000231e-01
3.446945542519999890e+03 8.944216470320000001e-01
3.447836715540000114e+03 8.931831440470000549e-01
3.448727888559999883e+03 8.956508962460000278e-01
3.449619061580000107e+03 8.971618607039999471e-01
3.450510234599999876e+03 9.009017601759999883e-01
3.451401407620000100e+03 9.002007350730000246e-01
3.452292580650000218e+03 8.987395522579999518e-01
3.453183753669999987e+03 8.971361411029999955e-01
3.454074926690000211e+03 8.988090181519999833e-01
3.454966099709999980e+03 8.960735457480000221e-01
3.455857272730000204e+03 8.923869365450000091e-01
3.456748445749999973e+03 8.909943799059999447e-01
3.457639618770000197e+03 8.841029594839999728e-01
3.458530791789999967e+03 8.820159576539999824e-01
3.459421964810000190e+03 8.821467460590000087e-01
3.460313137829999960e+03 8.837731961760000310e-01
3.461204310850000184e+03 8.864393471499999455e-01
3.462095483869999953e+03 8.914678743230000091e-01
3.462986656890000177e+03 8.979494250439999936e-01
3.463877829909999946e+03 8.988127913310000050e-01
3.464769002930000170e+03 9.014701566220000295e-01
3.465660175949999939e+03 9.044034014780000241e-01
3.466551348970000163e+03 9.026324678179999950e-01
3.467442521989999932e+03 9.003343982399999446e-01
3.468333695010000156e+03 9.007699427569999528e-01
3.469224868039999819e+03 9.008153012899999812e-01
3.470116041060000043e+03 9.000710287980000501e-01
3.471007214079999812e+03 9.002987847860000059e-01
3.471898387100000036e+03 9.041218241940000011e-01
3.472789560119999805e+03 9.061014513080000166e-01
3.473680733140000029e+03 9.050927204930000469e-01
3.474571906159999799e+03 9.015914109089999684e-01
3.475463079180000022e+03 8.967325090090000339e-01
3.476354252199999792e+03 8.939001314369999784e-01
3.477245425220000016e+03 8.909757664870000538e-01
3.478136598239999785e+03 8.932889109439999809e-01
3.479027771260000009e+03 8.974854881410000429e-01
3.479918944279999778e+03 8.966280239770000327e-01
3.480810117300000002e+03 8.985864952790000304e-01
3.481701290320000226e+03 8.975966419349999947e-01
3.482592463339999995e+03 8.994686344629999608e-01
3.483483636360000219e+03 9.000249730910000467e-01
3.484374809379999988e+03 8.989405188450000361e-01
3.485265982400000212e+03 9.027675581820000517e-01
3.486157155429999875e+03 9.046616634549999869e-01
3.487048328450000099e+03 9.076330516130000081e-01
3.487939501469999868e+03 9.083952321520000206e-01
3.488830674490000092e+03 9.053769717180000232e-01
3.489721847509999861e+03 9.044688129910000152e-01
3.490613020530000085e+03 9.027030298889999749e-01
3.491504193549999854e+03 9.011467539349999889e-01
3.492395366570000078e+03 8.973859255949999669e-01
3.493286539589999848e+03 8.968193815949999648e-01
3.494177712610000071e+03 8.990775397069999952e-01
3.495068885629999841e+03 9.019298858650000028e-01
3.495960058650000065e+03 9.024532381109999779e-01
3.496851231669999834e+03 9.018442310149999974e-01
3.497742404690000058e+03 8.957754578419999669e-01
3.498633577709999827e+03 8.950018963639999603e-01
3.499524750730000051e+03 8.940492057479999533e-01
3.500415923749999820e+03 8.935098619650000407e-01
3.501307096770000044e+03 8.963828620649999523e-01
3.502198269789999813e+03 9.004246683459999900e-01
3.503089442819999931e+03 9.028806275070000442e-01
3.503980615840000155e+03 8.987643847859999591e-01
3.504871788859999924e+03 8.980650474839999564e-01
3.505762961880000148e+03 8.966416879299999865e-01
3.506654134899999917e+03 8.929860943459999589e-01
3.507545307920000141e+03 8.960925486509999649e-01
3.508436480939999910e+03 9.018707667099999936e-01
3.509327653960000134e+03 9.004553369969999777e-01
3.510218826979999903e+03 8.987382513899999648e-01
3.511110000000000127e+03 8.990574220000000505e-01
3.512001173019999896e+03 9.001363132549999868e-01
3.512892346040000120e+03 8.958873684520000102e-01
3.513783519059999890e+03 8.954521975370000053e-01
3.514674692080000113e+03 8.987869151439999982e-01
3.515565865099999883e+03 8.963481837179999578e-01
3.516457038120000107e+03 8.945474992669999459e-01
3.517348211139999876e+03 8.913895768089999949e-01
3.518239384160000100e+03 8.904680626859999837e-01
3.519130557179999869e+03 8.880440165280000242e-01
3.520021730209999987e+03 8.875383383870000253e-01
3.520912903230000211e+03 8.886152664519999522e-01
3.521804076249999980e+03 8.900701340590000399e-01
3.522695249270000204e+03 8.934541996599999480e-01
3.523586422289999973e+03 8.956420800230000534e-01
3.524477595310000197e+03 8.936727642459999510e-01
3.525368768329999966e+03 8.945834217600000526e-01
3.526259941350000190e+03 8.982081233080000393e-01
3.527151114369999959e+03 8.973821961519999890e-01
3.528042287390000183e+03 8.963440067450000326e-01
3.528933460409999952e+03 8.995785121060000389e-01
3.529824633430000176e+03 9.032802468039999866e-01
3.530715806449999945e+03 9.014635921289999576e-01
3.531606979470000169e+03 8.994414623340000192e-01
3.532498152489999939e+03 8.985374596190000007e-01
3.533389325510000162e+03 8.981276152960000481e-01
3.534280498529999932e+03 8.950722950439999881e-01
3.535171671550000156e+03 8.928792973260000210e-01
3.536062844569999925e+03 8.910152036189999958e-01
3.536954017600000043e+03 8.876282382519999903e-01
3.537845190619999812e+03 8.870337402400000348e-01
3.538736363640000036e+03 8.879413272730000140e-01
3.539627536659999805e+03 8.893430285400000246e-01
3.540518709680000029e+03 8.876210446450000235e-01
3.541409882699999798e+03 8.917571408559999968e-01
3.542301055720000022e+03 8.906661025100000018e-01
3.543192228739999791e+03 8.903891869209999976e-01
3.544083401760000015e+03 8.908076288559999556e-01
3.544974574779999784e+03 8.932897087860000029e-01
3.545865747800000008e+03 8.924822080350000020e-01
3.546756920819999777e+03 8.902456320760000485e-01
3.547648093840000001e+03 8.902424822869999810e-01
3.548539266860000225e+03 8.876081861939999484e-01
3.549430439879999994e+03 8.845526199180000493e-01
3.550321612900000218e+03 8.840811408390000237e-01
3.551212785919999988e+03 8.896051300409999474e-01
3.552103958940000211e+03 8.908531765399999580e-01
3.552995131959999981e+03 8.902110063810000362e-01
3.553886304990000099e+03 8.902037041879999890e-01
3.554777478009999868e+03 8.894184959530000434e-01
3.555668651030000092e+03 8.859065043639999804e-01
3.556559824049999861e+03 8.822577581230000021e-01
3.557450997070000085e+03 8.833962100819999774e-01
3.558342170089999854e+03 8.835876453490000282e-01
3.559233343110000078e+03 8.841600862109999515e-01
3.560124516129999847e+03 8.854037925159999878e-01
3.561015689150000071e+03 8.896113633140000365e-01
3.561906862169999840e+03 8.881364742049999705e-01
3.562798035190000064e+03 8.868728211609999690e-01
3.563689208209999833e+03 8.856629898650000277e-01
3.564580381230000057e+03 8.880278165510000488e-01
3.565471554249999826e+03 8.869941056300000293e-01
3.566362727270000050e+03 8.876063278179999738e-01
3.567253900289999820e+03 8.888503865339999477e-01
3.568145073310000043e+03 8.903579426509999895e-01
3.569036246329999813e+03 8.932151546979999468e-01
3.569927419350000037e+03 8.915089141940000239e-01
3.570818592380000155e+03 8.893656625220000000e-01
3.571709765399999924e+03 8.899753515430000039e-01
3.572600938420000148e+03 8.894373432380000555e-01
3.573492111439999917e+03 8.855012856249999675e-01
3.574383284460000141e+03 8.814579922580000337e-01
3.575274457479999910e+03 8.793415079299999881e-01
3.576165630500000134e+03 8.791961827919999584e-01
3.577056803519999903e+03 8.800165330970000088e-01
3.577947976540000127e+03 8.829299214550000441e-01
3.578839149559999896e+03 8.856770219059999505e-01
3.579730322580000120e+03 8.880472052900000302e-01
3.580621495599999889e+03 8.885715800700000333e-01
3.581512668620000113e+03 8.865957814429999972e-01
3.582403841639999882e+03 8.824782198180000092e-01
3.583295014660000106e+03 8.845204073310000137e-01
3.584186187679999875e+03 8.863040768500000111e-01
3.585077360700000099e+03 8.837365318009999804e-01
3.585968533719999868e+03 8.866170867270000144e-01
3.586859706740000092e+03 8.878436590620000235e-01
3.587750879770000211e+03 8.851523140470000106e-01
3.588642052789999980e+03 8.815875871439999845e-01
3.589533225810000204e+03 8.831557987100000506e-01
3.590424398829999973e+03 8.859480523520000261e-01
3.591315571850000197e+03 8.842111634839999734e-01
3.592206744869999966e+03 8.848878759530000027e-01
3.593097917890000190e+03 8.852099266980000269e-01
3.593989090909999959e+03 8.851824676359999478e-01
3.594880263930000183e+03 8.841810731670000090e-01
3.595771436949999952e+03 8.865792143109999524e-01
3.596662609970000176e+03 8.926650061580000406e-01
3.597553782989999945e+03 8.944304542050000029e-01
3.598444956010000169e+03 8.953094789500000150e-01
3.599336129029999938e+03 8.945494156130000540e-01
3.600227302050000162e+03 8.912608709270000151e-01
3.601118475069999931e+03 8.816555705569999457e-01
3.602009648090000155e+03 8.764472192669999773e-01
3.602900821109999924e+03 8.759335606799999452e-01
3.603791994130000148e+03 8.727620081760000259e-01
3.604683167159999812e+03 8.706594445980000430e-01
3.605574340180000036e+03 8.747404832840000033e-01
3.606465513199999805e+03 8.792423456769999923e-01
3.607356686220000029e+03 8.786966757359999658e-01
3.608247859239999798e+03 8.822805664159999450e-01
3.609139032260000022e+03 8.845254563229999478e-01
3.610030205279999791e+03 8.872218801169999836e-01
3.610921378300000015e+03 8.846358080120000356e-01
3.611812551319999784e+03 8.865544823580000511e-01
3.612703724340000008e+03 8.891552305450000082e-01
3.613594897359999777e+03 8.902680967510000487e-01
3.614486070380000001e+03 8.929984107920000413e-01
3.615377243400000225e+03 8.902840506979999846e-01
3.616268416419999994e+03 8.908523712260000282e-01
3.617159589440000218e+03 8.898360411850000373e-01
3.618050762459999987e+03 8.876765890500000200e-01
3.618941935480000211e+03 8.868153509680000157e-01
3.619833108499999980e+03 8.871832147920000189e-01
3.620724281520000204e+03 8.905513897950000368e-01
3.621615454549999868e+03 8.906769101820000145e-01
3.622506627570000092e+03 8.898154719409999691e-01
3.623397800589999861e+03 8.909544603519999884e-01
3.624288973610000085e+03 8.894674648450000554e-01
3.625180146629999854e+03 8.843106516600000022e-01
3.626071319650000078e+03 8.839202863699999746e-01
3.626962492669999847e+03 8.775983929089999913e-01
3.627853665690000071e+03 8.734376879770000546e-01
3.628744838709999840e+03 8.683974999350000390e-01
3.629636011730000064e+03 8.646242918480000483e-01
3.630527184749999833e+03 8.611364865280000114e-01
3.631418357770000057e+03 8.608623236129999690e-01
3.632309530789999826e+03 8.692740987979999945e-01
3.633200703810000050e+03 8.714362571379999922e-01
3.634091876829999819e+03 8.762044646509999923e-01
3.634983049850000043e+03 8.829148279880000283e-01
3.635874222869999812e+03 8.847823282990000537e-01
3.636765395890000036e+03 8.856055820529999956e-01
3.637656568909999805e+03 8.866353149090000496e-01
3.638547741939999923e+03 8.872822916129999848e-01
3.639438914960000147e+03 8.846512827329999773e-01
3.640330087979999917e+03 8.822801949330000282e-01
3.641221261000000140e+03 8.866952131959999761e-01
3.642112434019999910e+03 8.866048437300000362e-01
3.643003607040000134e+03 8.875588963749999616e-01
3.643894780059999903e+03 8.919432214779999812e-01
3.644785953080000127e+03 8.937334099820000155e-01
3.645677126099999896e+03 8.920828226979999886e-01
3.646568299120000120e+03 8.876605074019999764e-01
3.647459472139999889e+03 8.833645343699999541e-01
3.648350645160000113e+03 8.777474301290000280e-01
3.649241818179999882e+03 8.734011378179999951e-01
3.650132991200000106e+03 8.735201856009999766e-01
3.651024164219999875e+03 8.751345281410000121e-01
3.651915337240000099e+03 8.760597978940000141e-01
3.652806510259999868e+03 8.780505870029999826e-01
3.653697683280000092e+03 8.774363174249999453e-01
3.654588856299999861e+03 8.762126739590000435e-01
3.655480029329999979e+03 8.732607574840000053e-01
3.656371202350000203e+03 8.734148205870000403e-01
3.657262375369999972e+03 8.758181969620000284e-01
3.658153548390000196e+03 8.798905625809999576e-01
3.659044721409999966e+03 8.855273473900000525e-01
3.659935894430000189e+03 8.887242945340000366e-01
3.660827067449999959e+03 8.899479153260000386e-01
3.661718240470000183e+03 8.880724945810000159e-01
3.662609413489999952e+03 8.859544471379999786e-01
3.663500586510000176e+03 8.818228972430000034e-01
3.664391759529999945e+03 8.824036398010000060e-01
3.665282932550000169e+03 8.819619870029999920e-01
3.666174105569999938e+03 8.842296721229999656e-01
3.667065278590000162e+03 8.863295519999999650e-01
3.667956451609999931e+03 8.871990661290000135e-01
3.668847624630000155e+03 8.853737750969999931e-01
3.669738797649999924e+03 8.838685176010000477e-01
3.670629970670000148e+03 8.857354776660000262e-01
3.671521143699999811e+03 8.868544622759999552e-01
3.672412316720000035e+03 8.838664328449999941e-01
3.673303489739999804e+03 8.808892329440000113e-01
3.674194662760000028e+03 8.789829129380000161e-01
3.675085835779999798e+03 8.742102111380000151e-01
3.675977008800000021e+03 8.689586788969999587e-01
3.676868181819999791e+03 8.654343190909999928e-01
3.677759354840000015e+03 8.638494415480000299e-01
3.678650527859999784e+03 8.665318309089999893e-01
3.679541700880000008e+03 8.720311922700000329e-01
3.680432873899999777e+03 8.782510449379999917e-01
3.681324046920000001e+03 8.813096544870000493e-01
3.682215219940000225e+03 8.832736456069999464e-01
3.683106392959999994e+03 8.852900460179999875e-01
3.683997565980000218e+03 8.825031031729999587e-01
3.684888738999999987e+03 8.783566178180000072e-01
3.685779912020000211e+03 8.749042197359999662e-01
3.686671085039999980e+03 8.701991520940000058e-01
3.687562258060000204e+03 8.693869645809999547e-01
3.688453431089999867e+03 8.696683493610000149e-01
3.689344604110000091e+03 8.730988168969999741e-01
3.690235777129999860e+03 8.759775445159999618e-01
3.691126950150000084e+03 8.778364469620000277e-01
3.692018123169999853e+03 8.801066815600000481e-01
3.692909296190000077e+03 8.780946029089999882e-01
3.693800469209999846e+03 8.750467620290000026e-01
3.694691642230000070e+03 8.678268997950000507e-01
3.695582815249999840e+03 8.646956088449999633e-01
3.696473988270000063e+03 8.682325935010000162e-01
3.697365161289999833e+03 8.705365895479999505e-01
3.698256334310000057e+03 8.724859453200000114e-01
3.699147507329999826e+03 8.740318712019999881e-01
3.700038680350000050e+03 8.787322568450000038e-01
3.700929853369999819e+03 8.751309390499999452e-01
3.701821026390000043e+03 8.710867194129999769e-01
3.702712199409999812e+03 8.703967571499999778e-01
3.703603372430000036e+03 8.702810054249999761e-01
3.704494545449999805e+03 8.712617443639999459e-01
3.705385718479999923e+03 8.720275184689999515e-01
3.706276891500000147e+03 8.749148294309999629e-01
3.707168064519999916e+03 8.754927512900000375e-01
3.708059237540000140e+03 8.764308084459999648e-01
3.708950410559999909e+03 8.745172118589999988e-01
3.709841583580000133e+03 8.697297367740000062e-01
3.710732756599999902e+03 8.691402166859999445e-01
3.711623929620000126e+03 8.664215899470000259e-01
3.712515102639999895e+03 8.660189896479999483e-01
3.713406275660000119e+03 8.649323362459999665e-01
3.714297448679999889e+03 8.647612792669999715e-01
3.715188621700000112e+03 8.663209852550000090e-01
3.716079794719999882e+03 8.688425146980000013e-01
3.716970967740000106e+03 8.677802967740000373e-01
3.717862140759999875e+03 8.668232100230000015e-01
3.718753313780000099e+03 8.691157661470000351e-01
3.719644486799999868e+03 8.697248415539999833e-01
3.720535659820000092e+03 8.665019671910000332e-01
3.721426832839999861e+03 8.658395468039999932e-01
3.722318005869999979e+03 8.675855762459999676e-01
3.723209178890000203e+03 8.680666389560000029e-01
3.724100351909999972e+03 8.642865593780000300e-01
3.724991524930000196e+03 8.612596954079999589e-01
3.725882697949999965e+03 8.631559084459999864e-01
3.726773870970000189e+03 8.619791928390000413e-01
3.727665043989999958e+03 8.606723338530000156e-01
3.728556217010000182e+03 8.598048479409999834e-01
3.729447390029999951e+03 8.659935614899999523e-01
3.730338563050000175e+03 8.705541170670000328e-01
3.731229736069999944e+03 8.701454982640000058e-01
3.732120909090000168e+03 8.724946883640000150e-01
3.733012082109999938e+03 8.742397681289999500e-01
3.733903255130000161e+03 8.782375367210000228e-01
3.734794428149999931e+03 8.746621713779999530e-01
3.735685601170000155e+03 8.701957180589999785e-01
3.736576774189999924e+03 8.681678114840000182e-01
3.737467947210000148e+03 8.642420250150000260e-01
3.738359120229999917e+03 8.631365209970000008e-01
3.739250293260000035e+03 8.627138701469999615e-01
3.740141466279999804e+03 8.649773421940000206e-01
3.741032639300000028e+03 8.655465796250000343e-01
3.741923812319999797e+03 8.678281888209999906e-01
3.742814985340000021e+03 8.763641945569999869e-01
3.743706158359999790e+03 8.796063234019999566e-01
3.744597331380000014e+03 8.821828828040000348e-01
3.745488504399999783e+03 8.860897353079999483e-01
3.746379677420000007e+03 8.883587934190000368e-01
3.747270850439999776e+03 8.858444941699999964e-01
3.748162023460000000e+03 8.800660850729999929e-01
3.749053196480000224e+03 8.781150583700000345e-01
3.749944369499999993e+03 8.756311939709999770e-01
3.750835542520000217e+03 8.724119672960000127e-01
3.751726715539999987e+03 8.700876930149999966e-01
3.752617888560000210e+03 8.690549234019999680e-01
3.753509061579999980e+03 8.684082965039999769e-01
3.754400234600000203e+03 8.674366627920000461e-01
3.755291407619999973e+03 8.682474276130000002e-01
3.756182580650000091e+03 8.705916549679999505e-01
3.757073753669999860e+03 8.730907899119999538e-01
3.757964926690000084e+03 8.757509855130000131e-01
3.758856099709999853e+03 8.749464567620000022e-01
3.759747272730000077e+03 8.726888465450000076e-01
3.760638445749999846e+03 8.706310483339999573e-01
3.761529618770000070e+03 8.674900140760000156e-01
3.762420791789999839e+03 8.647213854549999912e-01
3.763311964810000063e+03 8.635513600590000172e-01
3.764203137829999832e+03 8.602261149150000064e-01
3.765094310850000056e+03 8.616072661000000465e-01
3.765985483869999825e+03 8.643718251609999736e-01
3.766876656890000049e+03 8.837622656189999537e-01
3.767767829909999818e+03 9.052369951850000040e-01
3.768659002930000042e+03 9.295967038710000185e-01
3.769550175949999812e+03 9.551012236539999645e-01
3.770441348970000035e+03 9.774382026390000533e-01
3.771332521989999805e+03 9.950511822580000443e-01
3.772223695010000029e+03 9.978200458770000170e-01
3.773114868040000147e+03 9.981840331669999955e-01
3.774006041059999916e+03 9.984510054549999847e-01
3.774897214080000140e+03 9.986688387979999471e-01
3.775788387099999909e+03 9.988458562580000422e-01
3.776679560120000133e+03 9.989940967860000409e-01
3.777570733139999902e+03 9.991185962819999489e-01
3.778461906160000126e+03 9.992234582460000070e-01
3.779353079179999895e+03 9.994001344280000199e-01
3.780244252200000119e+03 9.995586724160000491e-01
3.781135425219999888e+03 9.996983075069999503e-01
3.782026598240000112e+03 9.998220084109999961e-01
3.782917771259999881e+03 9.999324156829999533e-01
3.783808944280000105e+03 9.999985053669999679e-01
3.784700117299999874e+03 9.999989600469999518e-01
3.785591290320000098e+03 9.999993165160000475e-01
3.786482463339999867e+03 9.999996729850000321e-01
3.787373636360000091e+03 1.000000000000000000e+00
3.788264809379999861e+03 1.000000000000000000e+00
3.789155982400000084e+03 1.000000000000000000e+00
3.790047155430000203e+03 1.000000000000000000e+00
3.790938328449999972e+03 1.000000000000000000e+00
3.791829501470000196e+03 1.000000000000000000e+00
3.792720674489999965e+03 1.000000000000000000e+00
3.793611847510000189e+03 1.000000000000000000e+00
3.794503020529999958e+03 1.000000000000000000e+00
3.795394193550000182e+03 1.000000000000000000e+00
3.796285366569999951e+03 1.000000000000000000e+00
3.797176539590000175e+03 1.000000000000000000e+00
3.798067712609999944e+03 1.000000000000000000e+00
3.798958885630000168e+03 1.000000000000000000e+00
3.799850058649999937e+03 1.000000000000000000e+00
3.800741231670000161e+03 1.000000000000000000e+00
3.801632404689999930e+03 1.000000000000000000e+00
3.802523577710000154e+03 1.000000000000000000e+00
3.803414750729999923e+03 1.000000000000000000e+00
3.804305923750000147e+03 1.000000000000000000e+00
3.805197096769999916e+03 1.000000000000000000e+00
3.806088269790000140e+03 1.000000000000000000e+00
3.806979442819999804e+03 1.000000000000000000e+00
3.807870615840000028e+03 1.000000000000000000e+00
3.808761788859999797e+03 1.000000000000000000e+00
3.809652961880000021e+03 1.000000000000000000e+00
3.810544134899999790e+03 1.000000000000000000e+00
3.811435307920000014e+03 1.000000000000000000e+00
3.812326480939999783e+03 1.000000000000000000e+00
3.813217653960000007e+03 1.000000000000000000e+00
3.814108826979999776e+03 1.000000000000000000e+00
3.815000000000000000e+03 1.000000000000000000e+00
