# Wavelength (Angstroms)     Mean
2.909190000000000055e+03 6.647756000000000220e-01
2.910319824050000079e+03 6.642546431320000000e-01
2.911449648090000210e+03 6.648529273550000118e-01
2.912579472139999780e+03 6.661595926979999582e-01
2.913709296189999804e+03 6.703840621700000169e-01
2.914839120229999935e+03 6.752959944280000348e-01
2.915968944279999960e+03 6.759402114839999642e-01
2.917098768329999984e+03 6.799797966920000380e-01
2.918228592380000009e+03 6.836595572429999823e-01
2.919358416420000140e+03 6.830773409029999854e-01
2.920488240470000164e+03 6.833577124930000357e-01
2.921618064520000189e+03 6.823113899999999621e-01
2.922747888559999865e+03 6.849526566920000059e-01
2.923877712609999890e+03 6.863450357889999687e-01
2.925007536659999914e+03 6.864849067210000433e-01
2.926137360700000045e+03 6.880584101760000015e-01
2.927267184750000069e+03 6.892779453609999551e-01
2.928397008800000094e+03 6.919974567209999927e-01
2.929526832840000225e+03 6.935169959410000251e-01
2.930656656889999795e+03 6.971249821289999815e-01
2.931786480939999819e+03 6.948496962460000148e-01
2.932916304989999844e+03 6.943343372489999554e-01
2.934046129029999975e+03 6.944620529030000045e-01
2.935175953079999999e+03 6.989509337599999483e-01
2.936305777130000024e+03 7.005091207739999604e-01
2.937435601170000155e+03 7.029079812899999835e-01
2.938565425220000179e+03 7.076231408330000416e-01
2.939695249270000204e+03 7.115038034899999753e-01
2.940825073309999880e+03 7.078584996010000019e-01
2.941954897359999904e+03 7.121518524109999859e-01
2.943084721409999929e+03 7.168395382400000182e-01
2.944214545450000060e+03 7.197435452729999961e-01
2.945344369500000084e+03 7.226779315539999526e-01
2.946474193550000109e+03 7.237568673549999998e-01
2.947604017600000134e+03 7.235779741579999591e-01
2.948733841639999810e+03 7.177341734309999888e-01
2.949863665689999834e+03 7.139202325979999708e-01
2.950993489739999859e+03 7.193971172490000177e-01
2.952123313779999989e+03 7.199139740650000174e-01
2.953253137830000014e+03 7.197577517069999598e-01
2.954382961880000039e+03 7.221561061579999663e-01
2.955512785920000169e+03 7.178087661409999765e-01
2.956642609970000194e+03 7.197623954020000436e-01
2.957772434020000219e+03 7.231523736889999832e-01
2.958902258059999895e+03 7.276788492900000405e-01
2.960032082109999919e+03 7.346579626689999643e-01
2.961161906159999944e+03 7.381916972199999982e-01
2.962291730209999969e+03 7.381438073960000512e-01
2.963421554250000099e+03 7.374716923170000493e-01
2.964551378300000124e+03 7.394073737180000272e-01
2.965681202350000149e+03 7.386159423460000317e-01
2.966811026389999824e+03 7.420506701879999722e-01
2.967940850439999849e+03 7.471607836250000467e-01
2.969070674489999874e+03 7.486651397650000428e-01
2.970200498530000004e+03 7.483788541000000460e-01
2.971330322580000029e+03 7.476299312899999938e-01
2.972460146630000054e+03 7.473169850209999687e-01
2.973589970670000184e+03 7.530221864870000337e-01
2.974719794720000209e+03 7.554502760819999940e-01
2.975849618769999779e+03 7.579389365980000459e-01
2.976979442819999804e+03 7.584184943109999466e-01
2.978109266859999934e+03 7.588252451789999631e-01
2.979239090909999959e+03 7.651581781820000483e-01
2.980368914959999984e+03 7.727878772020000397e-01
2.981498739000000114e+03 7.813638054779999953e-01
2.982628563050000139e+03 7.831442825809999952e-01
2.983758387100000164e+03 7.779226838710000536e-01
2.984888211139999839e+03 7.765212087160000554e-01
2.986018035189999864e+03 7.737464192259999596e-01
2.987147859239999889e+03 7.758351157239999907e-01
2.988277683280000019e+03 7.789946596479999652e-01
2.989407507330000044e+03 7.880150489680000092e-01
2.990537331380000069e+03 7.941933818999999950e-01
2.991667155430000093e+03 7.985012891030000004e-01
2.992796979470000224e+03 8.029048146510000539e-01
2.993926803519999794e+03 8.018430278300000547e-01
2.995056627569999819e+03 7.986153242460000135e-01
2.996186451609999949e+03 8.003324732900000127e-01
2.997316275659999974e+03 7.989260550500000280e-01
2.998446099709999999e+03 7.992004361700000281e-01
2.999575923750000129e+03 8.006849721409999843e-01
3.000705747800000154e+03 7.970823935249999881e-01
3.001835571850000179e+03 8.017105279239999938e-01
3.002965395889999854e+03 8.028280509680000288e-01
3.004095219939999879e+03 8.067365172379999949e-01
3.005225043989999904e+03 8.068290454190000238e-01
3.006354868039999928e+03 8.071277807679999583e-01
3.007484692080000059e+03 8.074755218650000455e-01
3.008614516130000084e+03 8.112051529029999930e-01
3.009744340180000108e+03 8.153962321990000373e-01
3.010874164219999784e+03 8.168533257650000268e-01
3.012003988269999809e+03 8.129063363399999798e-01
3.013133812319999834e+03 8.127969987330000423e-01
3.014263636359999964e+03 8.060454981819999976e-01
3.015393460409999989e+03 8.061280211089999481e-01
3.016523284460000013e+03 8.107309263580000369e-01
3.017653108500000144e+03 8.140190012489999516e-01
3.018782932550000169e+03 8.141366084569999773e-01
3.019912756600000193e+03 8.169903449850000055e-01
3.021042580650000218e+03 8.137283298059999614e-01
3.022172404689999894e+03 8.070063749789999630e-01
3.023302228739999919e+03 8.096959772199999739e-01
3.024432052789999943e+03 8.119562844340000307e-01
3.025561876830000074e+03 8.143651293839999639e-01
3.026691700880000099e+03 8.196762206330000522e-01
3.027821524930000123e+03 8.159563823340000299e-01
3.028951348969999799e+03 8.137232939299999801e-01
3.030081173019999824e+03 8.075915951090000267e-01
3.031210997069999848e+03 8.075253180060000258e-01
3.032340821109999979e+03 8.118404085510000368e-01
3.033470645160000004e+03 8.134500237420000390e-01
3.034600469210000028e+03 8.103243768090000465e-01
3.035730293260000053e+03 8.090326850910000145e-01
3.036860117300000184e+03 8.050357162460000104e-01
3.037989941350000208e+03 8.070708452379999898e-01
3.039119765399999778e+03 8.106455331730000324e-01
3.040249589439999909e+03 8.161619803990000088e-01
3.041379413489999934e+03 8.173707131140000026e-01
3.042509237539999958e+03 8.211229818180000306e-01
3.043639061580000089e+03 8.195563930210000292e-01
3.044768885630000113e+03 8.163741131089999881e-01
3.045898709680000138e+03 8.156137563869999552e-01
3.047028533719999814e+03 8.189075936719999449e-01
3.048158357769999839e+03 8.182515083870000039e-01
3.049288181819999863e+03 8.193434034550000078e-01
3.050418005869999888e+03 8.179934409850000421e-01
3.051547829910000019e+03 8.117225204629999746e-01
3.052677653960000043e+03 8.077437436009999860e-01
3.053807478010000068e+03 8.095116659819999727e-01
3.054937302050000199e+03 8.128796839769999449e-01
3.056067126100000223e+03 8.197759407569999990e-01
3.057196950149999793e+03 8.240786952490000150e-01
3.058326774189999924e+03 8.241581950969999459e-01
3.059456598239999948e+03 8.249473960700000053e-01
3.060586422289999973e+03 8.256110488969999883e-01
3.061716246330000104e+03 8.280772341469999631e-01
3.062846070380000128e+03 8.260193895659999619e-01
3.063975894430000153e+03 8.308659146389999473e-01
3.065105718480000178e+03 8.341384939589999714e-01
3.066235542519999854e+03 8.340594242579999484e-01
3.067365366569999878e+03 8.350251824459999916e-01
3.068495190619999903e+03 8.337485769150000392e-01
3.069625014660000033e+03 8.309542321880000193e-01
3.070754838710000058e+03 8.316078877420000071e-01
3.071884662760000083e+03 8.319029684519999579e-01
3.073014486800000213e+03 8.304043720699999520e-01
3.074144310849999783e+03 8.318070595309999815e-01
3.075274134899999808e+03 8.326783837419999834e-01
3.076403958939999939e+03 8.317824154549999793e-01
3.077533782989999963e+03 8.315139437770000530e-01
3.078663607039999988e+03 8.335907140760000500e-01
3.079793431090000013e+03 8.276480514370000430e-01
3.080923255130000143e+03 8.296435516010000066e-01
3.082053079180000168e+03 8.321818788860000371e-01
3.083182903230000193e+03 8.260761594840000388e-01
3.084312727269999868e+03 8.262360374549999609e-01
3.085442551319999893e+03 8.242974380819999558e-01
3.086572375369999918e+03 8.215226121290000183e-01
3.087702199410000048e+03 8.238517829029999850e-01
3.088832023460000073e+03 8.304712262640000509e-01
3.089961847510000098e+03 8.361569848680000527e-01
3.091091671549999774e+03 8.363599532900000133e-01
3.092221495599999798e+03 8.372567359939999676e-01
3.093351319649999823e+03 8.395332987100000421e-01
3.094481143699999848e+03 8.376334360880000052e-01
3.095610967739999978e+03 8.396778042579999823e-01
3.096740791790000003e+03 8.430650030030000242e-01
3.097870615840000028e+03 8.469110553780000439e-01
3.099000439880000158e+03 8.401533406740000487e-01
3.100130263930000183e+03 8.409958309439999891e-01
3.101260087980000208e+03 8.379096626280000404e-01
3.102389912019999883e+03 8.364982847040000058e-01
3.103519736069999908e+03 8.363708137009999710e-01
3.104649560119999933e+03 8.391855804109999983e-01
3.105779384160000063e+03 8.453052185689999831e-01
3.106909208210000088e+03 8.437004337829999701e-01
3.108039032260000113e+03 8.417342548389999957e-01
3.109168856299999788e+03 8.417424819469999653e-01
3.110298680349999813e+03 8.354957048969999800e-01
3.111428504399999838e+03 8.330590197649999640e-01
3.112558328449999863e+03 8.335940216660000512e-01
3.113688152489999993e+03 8.362285860879999921e-01
3.114817976540000018e+03 8.347724500409999804e-01
3.115947800590000043e+03 8.334064635190000514e-01
3.117077624630000173e+03 8.356902500880000195e-01
3.118207448680000198e+03 8.360941004569999446e-01
3.119337272730000223e+03 8.312174063639999888e-01
3.120467096769999898e+03 8.308398896769999542e-01
3.121596920819999923e+03 8.338521863050000205e-01
3.122726744869999948e+03 8.338160887159999923e-01
3.123856568910000078e+03 8.365764334190000096e-01
3.124986392960000103e+03 8.366474181580000336e-01
3.126116217010000128e+03 8.378233526510000528e-01
3.127246041060000152e+03 8.377164712610000175e-01
3.128375865099999828e+03 8.350989001409999668e-01
3.129505689149999853e+03 8.354815555660000115e-01
3.130635513199999878e+03 8.407953632200000360e-01
3.131765337240000008e+03 8.432754888329999643e-01
3.132895161290000033e+03 8.440070935479999648e-01
3.134024985340000057e+03 8.508525474020000035e-01
3.135154809380000188e+03 8.506009780650000129e-01
3.136284633430000213e+03 8.541268277539999509e-01
3.137414457479999783e+03 8.619786302759999685e-01
3.138544281519999913e+03 8.639902058059999446e-01
3.139674105569999938e+03 8.643365904869999561e-01
3.140803929619999963e+03 8.647452144630000115e-01
3.141933753669999987e+03 8.620824976299999998e-01
3.143063577710000118e+03 8.621805968679999710e-01
3.144193401760000143e+03 8.628595647210000052e-01
3.145323225810000167e+03 8.603663016770000116e-01
3.146453049849999843e+03 8.523555825569999467e-01
3.147582873899999868e+03 8.481399159300000434e-01
3.148712697949999892e+03 8.453315511260000026e-01
3.149842521990000023e+03 8.468745841639999661e-01
3.150972346040000048e+03 8.528595766800000089e-01
3.152102170090000072e+03 8.567737363640000048e-01
3.153231994130000203e+03 8.580481067099999803e-01
3.154361818179999773e+03 8.560402018180000017e-01
3.155491642229999798e+03 8.513598044869999937e-01
3.156621466279999822e+03 8.517989072489999813e-01
3.157751290319999953e+03 8.512382238710000104e-01
3.158881114369999977e+03 8.539276151089999489e-01
3.160010938420000002e+03 8.554069769740000329e-01
3.161140762460000133e+03 8.579487469209999828e-01
3.162270586510000157e+03 8.595112574369999647e-01
3.163400410560000182e+03 8.578374390849999864e-01
3.164530234599999858e+03 8.583294631090000459e-01
3.165660058649999883e+03 8.529932854080000126e-01
3.166789882699999907e+03 8.510048939300000059e-01
3.167919706740000038e+03 8.531434828620000355e-01
3.169049530790000063e+03 8.477558220180000381e-01
3.170179354840000087e+03 8.478074570320000003e-01
3.171309178890000112e+03 8.454471944810000306e-01
3.172439002929999788e+03 8.357026927270000405e-01
3.173568826979999812e+03 8.363118501880000277e-01
3.174698651029999837e+03 8.417355647619999548e-01
3.175828475069999968e+03 8.461369068799999837e-01
3.176958299119999992e+03 8.534324242699999896e-01
3.178088123170000017e+03 8.556005516129999711e-01
3.179217947210000148e+03 8.471374902520000250e-01
3.180347771260000172e+03 8.440250023699999993e-01
3.181477595310000197e+03 8.436316073549999794e-01
3.182607419349999873e+03 8.409059468389999958e-01
3.183737243399999898e+03 8.463494845750000328e-01
3.184867067449999922e+03 8.515648547390000100e-01
3.185996891499999947e+03 8.484476055009999573e-01
3.187126715540000077e+03 8.469439589970000348e-01
3.188256539590000102e+03 8.471170233779999892e-01
3.189386363640000127e+03 8.461486327270000274e-01
3.190516187679999803e+03 8.464929221000000448e-01
3.191646011729999827e+03 8.530067625280000065e-01
3.192775835779999852e+03 8.563094120230000383e-01
3.193905659819999983e+03 8.617391259179999485e-01
3.195035483870000007e+03 8.594889922580000174e-01
3.196165307920000032e+03 8.556538657540000425e-01
3.197295131960000163e+03 8.469801391440000549e-01
3.198424956010000187e+03 8.408580887509999879e-01
3.199554780060000212e+03 8.431568827330000460e-01
3.200684604109999782e+03 8.448601221989999743e-01
3.201814428149999912e+03 8.452331698299999641e-01
3.202944252199999937e+03 8.491922975429999632e-01
3.204074076249999962e+03 8.482641497239999939e-01
3.205203900290000092e+03 8.517715444929999657e-01
3.206333724340000117e+03 8.533331666860000109e-01
3.207463548390000142e+03 8.587690410320000245e-01
3.208593372429999818e+03 8.618015349209999787e-01
3.209723196479999842e+03 8.619823467449999610e-01
3.210853020529999867e+03 8.697450306389999941e-01
3.211982844569999997e+03 8.747926563929999677e-01
3.213112668620000022e+03 8.777751210319999498e-01
3.214242492670000047e+03 8.817161104809999594e-01
3.215372316720000072e+03 8.857966980650000544e-01
3.216502140760000202e+03 8.849995409380000400e-01
3.217631964810000227e+03 8.794054541350000420e-01
3.218761788859999797e+03 8.706955257299999751e-01
3.219891612899999927e+03 8.640538034839999604e-01
3.221021436949999952e+03 8.622379624220000149e-01
3.222151260999999977e+03 8.622073627099999804e-01
3.223281085040000107e+03 8.697559234020000307e-01
3.224410909090000132e+03 8.732765850910000349e-01
3.225540733140000157e+03 8.673412560000000049e-01
3.226670557179999832e+03 8.626607503580000502e-01
3.227800381229999857e+03 8.627041984990000412e-01
3.228930205279999882e+03 8.684079700290000536e-01
3.230060029329999907e+03 8.742628404050000190e-01
3.231189853370000037e+03 8.771034923639999814e-01
3.232319677420000062e+03 8.844805090320000396e-01
3.233449501470000087e+03 8.784091456189999647e-01
3.234579325510000217e+03 8.757297200589999608e-01
3.235709149559999787e+03 8.795427585099999668e-01
3.236838973609999812e+03 8.816716207620000079e-01
3.237968797649999942e+03 8.802047052079999823e-01
3.239098621699999967e+03 8.789002414190000279e-01
3.240228445749999992e+03 8.775908975949999746e-01
3.241358269790000122e+03 8.735816896770000062e-01
3.242488093840000147e+03 8.700177129620000338e-01
3.243617917890000172e+03 8.709360948559999871e-01
3.244747741940000196e+03 8.684306183229999476e-01
3.245877565979999872e+03 8.691379763050000040e-01
3.247007390029999897e+03 8.693240828389999786e-01
3.248137214079999922e+03 8.658358801519999703e-01
3.249267038120000052e+03 8.620558398009999790e-01
3.250396862170000077e+03 8.558554311320000219e-01
3.251526686220000101e+03 8.537453690909999615e-01
3.252656510259999777e+03 8.558173513429999657e-01
3.253786334309999802e+03 8.580402901350000500e-01
3.254916158359999827e+03 8.627955109620000229e-01
3.256045982399999957e+03 8.667096011729999994e-01
3.257175806449999982e+03 8.655104551610000030e-01
3.258305630500000007e+03 8.709908006800000102e-01
3.259435454550000031e+03 8.750852250909999519e-01
3.260565278590000162e+03 8.735738965399999501e-01
3.261695102640000187e+03 8.740984436769999588e-01
3.262824926690000211e+03 8.737463117889999742e-01
3.263954750729999887e+03 8.714007589440000423e-01
3.265084574779999912e+03 8.666974431549999691e-01
3.266214398829999936e+03 8.681286281700000274e-01
3.267344222870000067e+03 8.686969817130000271e-01
3.268474046920000092e+03 8.643282033720000035e-01
3.269603870970000116e+03 8.665469772899999645e-01
3.270733695009999792e+03 8.708241063230000023e-01
3.271863519059999817e+03 8.675602421700000511e-01
3.272993343109999842e+03 8.666436327569999598e-01
3.274123167159999866e+03 8.687945989440000183e-01
3.275252991199999997e+03 8.686907077650000142e-01
3.276382815250000021e+03 8.668582101230000170e-01
3.277512639300000046e+03 8.676515538119999871e-01
3.278642463340000177e+03 8.665696610909999764e-01
3.279772287390000201e+03 8.641369204109999869e-01
3.280902111440000226e+03 8.608694723399999971e-01
3.282031935479999902e+03 8.612552151610000095e-01
3.283161759529999927e+03 8.607262966800000026e-01
3.284291583579999951e+03 8.620407671140000172e-01
3.285421407620000082e+03 8.603347857480000416e-01
3.286551231670000107e+03 8.649946668500000380e-01
3.287681055720000131e+03 8.630099161880000480e-01
3.288810879770000156e+03 8.612481100940000411e-01
3.289940703809999832e+03 8.630201368209999835e-01
3.291070527859999856e+03 8.602176808210000303e-01
3.292200351909999881e+03 8.579550493259999744e-01
3.293330175950000012e+03 8.574667330559999634e-01
3.294460000000000036e+03 8.567115680000000344e-01
3.295589824050000061e+03 8.587420813199999614e-01
3.296719648090000192e+03 8.601015143700000420e-01
3.297849472140000216e+03 8.644060612260000553e-01
3.298979296189999786e+03 8.682598270500000437e-01
3.300109120229999917e+03 8.660147502759999449e-01
3.301238944279999942e+03 8.620240392379999728e-01
3.302368768329999966e+03 8.615398928740000128e-01
3.303498592379999991e+03 8.588668549679999709e-01
3.304628416420000121e+03 8.592556496250000064e-01
3.305758240470000146e+03 8.605406880939999725e-01
3.306888064520000171e+03 8.595625669030000360e-01
3.308017888559999847e+03 8.572093957769999495e-01
3.309147712609999871e+03 8.599925386450000264e-01
3.310277536659999896e+03 8.592026085039999872e-01
3.311407360700000027e+03 8.588240923990000386e-01
3.312537184750000051e+03 8.587235371139999573e-01
3.313667008800000076e+03 8.577156134310000013e-01
3.314796832840000206e+03 8.602681655720000320e-01
3.315926656889999776e+03 8.576907967619999962e-01
3.317056480939999801e+03 8.616876139239999510e-01
3.318186304989999826e+03 8.598723935950000063e-01
3.319316129029999956e+03 8.542234148389999948e-01
3.320445953079999981e+03 8.603932254249999634e-01
3.321575777130000006e+03 8.592662888209999794e-01
3.322705601170000136e+03 8.624983548969999969e-01
3.323835425220000161e+03 8.630579039300000366e-01
3.324965249270000186e+03 8.566735809379999456e-01
3.326095073309999862e+03 8.470362179000000546e-01
3.327224897359999886e+03 8.389709433959999796e-01
3.328354721409999911e+03 8.407161339119999521e-01
3.329484545450000041e+03 8.445461207269999715e-01
3.330614369500000066e+03 8.498372643989999808e-01
3.331744193550000091e+03 8.619519017419999818e-01
3.332874017600000116e+03 8.615337107449999587e-01
3.334003841639999791e+03 8.582290534080000421e-01
3.335133665689999816e+03 8.566893202580000422e-01
3.336263489739999841e+03 8.534240789739999666e-01
3.337393313779999971e+03 8.526649058649999890e-01
3.338523137829999996e+03 8.552463062289999973e-01
3.339652961880000021e+03 8.573372747680000350e-01
3.340782785920000151e+03 8.563845179589999468e-01
3.341912609970000176e+03 8.556390514370000311e-01
3.343042434020000201e+03 8.530798072380000319e-01
3.344172258059999876e+03 8.456902584519999655e-01
3.345302082109999901e+03 8.468651862170000211e-01
3.346431906159999926e+03 8.431747453140000514e-01
3.347561730209999951e+03 8.427273396479999512e-01
3.348691554250000081e+03 8.428473548039999708e-01
3.349821378300000106e+03 8.427493453550000124e-01
3.350951202350000131e+03 8.427787064280000129e-01
3.352081026389999806e+03 8.417407811789999750e-01
3.353210850439999831e+03 8.417445737830000496e-01
3.354340674489999856e+03 8.461856962170000163e-01
3.355470498529999986e+03 8.484171054900000453e-01
3.356600322580000011e+03 8.513012838710000141e-01
3.357730146630000036e+03 8.540164874840000531e-01
3.358859970670000166e+03 8.564774627860000100e-01
3.359989794720000191e+03 8.542905008800000255e-01
3.361119618770000216e+03 8.515291404520000107e-01
3.362249442819999786e+03 8.523808209380000500e-01
3.363379266859999916e+03 8.518651434370000386e-01
3.364509090909999941e+03 8.523219854550000418e-01
3.365638914959999966e+03 8.516377501230000258e-01
3.366768739000000096e+03 8.556641511789999655e-01
3.367898563050000121e+03 8.597311723930000094e-01
3.369028387100000145e+03 8.555137416770000058e-01
3.370158211139999821e+03 8.590624328150000544e-01
3.371288035189999846e+03 8.570163646220000375e-01
3.372417859239999871e+03 8.497024789789999755e-01
3.373547683280000001e+03 8.442595214429999828e-01
3.374677507330000026e+03 8.425382605279999604e-01
3.375807331380000051e+03 8.389639457480000395e-01
3.376937155430000075e+03 8.412775191439999523e-01
3.378066979470000206e+03 8.484503002819999695e-01
3.379196803519999776e+03 8.523104412380000383e-01
3.380326627569999800e+03 8.561121837540000001e-01
3.381456451609999931e+03 8.613868635479999813e-01
3.382586275659999956e+03 8.646719072609999612e-01
3.383716099709999980e+03 8.703957274660000243e-01
3.384845923750000111e+03 8.832833734189999841e-01
3.385975747800000136e+03 8.923309257070000111e-01
3.387105571850000160e+03 9.025702356010000260e-01
3.388235395889999836e+03 9.070431974489999716e-01
3.389365219939999861e+03 9.080508018530000225e-01
3.390495043989999886e+03 9.043924252959999466e-01
3.391624868039999910e+03 9.060973720589999836e-01
3.392754692080000041e+03 9.036912501760000493e-01
3.393884516130000065e+03 9.019918161290000347e-01
3.395014340180000090e+03 9.000129755129999687e-01
3.396144164220000221e+03 9.014145954369999769e-01
3.397273988269999791e+03 9.027519401169999957e-01
3.398403812319999815e+03 9.089690885040000445e-01
3.399533636359999946e+03 9.085770732729999688e-01
3.400663460409999971e+03 9.056811650439999806e-01
3.401793284459999995e+03 9.043292328330000407e-01
3.402923108500000126e+03 9.029479586509999711e-01
3.404052932550000151e+03 9.032632716420000429e-01
3.405182756600000175e+03 9.086220610440000067e-01
3.406312580650000200e+03 9.147462659349999692e-01
3.407442404689999876e+03 9.171543801520000150e-01
3.408572228739999900e+03 9.189612474249999607e-01
3.409702052789999925e+03 9.169139426979999730e-01
3.410831876830000056e+03 9.132631456359999733e-01
3.411961700880000080e+03 9.117078806330000118e-01
3.413091524930000105e+03 9.103981996829999535e-01
3.414221348969999781e+03 9.118277874600000388e-01
3.415351173019999806e+03 9.105062871260000135e-01
3.416480997069999830e+03 9.084639088679999919e-01
3.417610821109999961e+03 9.058945176539999755e-01
3.418740645159999985e+03 9.069837073550000017e-01
3.419870469210000010e+03 9.089387574780000145e-01
3.421000293260000035e+03 9.129882664520000413e-01
3.422130117300000165e+03 9.096580549499999613e-01
3.423259941350000190e+03 9.092267473780000220e-01
3.424389765400000215e+03 9.063440766389999625e-01
3.425519589439999891e+03 9.028695395779999799e-01
3.426649413489999915e+03 9.003002185339999963e-01
3.427779237539999940e+03 9.000493337710000485e-01
3.428909061580000071e+03 9.006161066279999572e-01
3.430038885630000095e+03 9.014694317420000047e-01
3.431168709680000120e+03 9.004207892900000232e-01
3.432298533719999796e+03 9.032267783580000264e-01
3.433428357769999820e+03 8.997941124460000495e-01
3.434558181819999845e+03 9.005452672729999941e-01
3.435688005869999870e+03 9.052453050669999612e-01
3.436817829910000000e+03 9.111255687510000367e-01
3.437947653960000025e+03 9.099246206450000152e-01
3.439077478010000050e+03 9.105493595889999625e-01
3.440207302050000180e+03 9.079415290729999644e-01
3.441337126100000205e+03 8.990629014550000075e-01
3.442466950149999775e+03 8.937101422350000046e-01
3.443596774189999906e+03 8.948569103229999655e-01
3.444726598239999930e+03 8.963280281469999666e-01
3.445856422289999955e+03 8.969943765510000055e-01
3.446986246330000085e+03 9.031499460880000330e-01
3.448116070380000110e+03 9.037936915540000227e-01
3.449245894430000135e+03 9.034241912020000154e-01
3.450375718480000160e+03 9.002307818889999647e-01
3.451505542519999835e+03 9.006929881820000539e-01
3.452635366569999860e+03 9.039854552139999777e-01
3.453765190619999885e+03 9.050743856949999833e-01
3.454895014660000015e+03 9.084486919649999992e-01
3.456024838710000040e+03 9.062556547100000248e-01
3.457154662760000065e+03 9.031886361759999815e-01
3.458284486800000195e+03 9.027328424749999636e-01
3.459414310850000220e+03 9.004456467450000501e-01
3.460544134899999790e+03 9.027570450440000061e-01
3.461673958939999920e+03 9.069561974190000209e-01
3.462803782989999945e+03 9.023355927620000383e-01
3.463933607039999970e+03 9.038674083640000356e-01
3.465063431089999995e+03 9.028933636949999508e-01
3.466193255130000125e+03 9.001507574189999694e-01
3.467323079180000150e+03 9.073045315659999943e-01
3.468452903230000175e+03 9.057642606450000411e-01
3.469582727269999850e+03 9.052975372729999970e-01
3.470712551319999875e+03 9.034230877300000184e-01
3.471842375369999900e+03 9.002017470090000195e-01
3.472972199410000030e+03 8.988908537009999700e-01
3.474102023460000055e+03 8.979648876889999576e-01
3.475231847510000080e+03 8.963596524460000214e-01
3.476361671550000210e+03 8.955547739820000075e-01
3.477491495599999780e+03 8.959332606450000069e-01
3.478621319649999805e+03 8.936233103580000225e-01
3.479751143699999830e+03 8.945156693489999533e-01
3.480880967739999960e+03 8.930706437419999588e-01
3.482010791789999985e+03 8.900500026859999858e-01
3.483140615840000009e+03 8.942777302640000370e-01
3.484270439880000140e+03 8.976634149329999479e-01
3.485400263930000165e+03 9.012168777539999454e-01
3.486530087980000189e+03 9.053609930210000378e-01
3.487659912019999865e+03 9.020946587570000119e-01
3.488789736069999890e+03 8.950143093839999509e-01
3.489919560119999915e+03 8.887859613140000059e-01
3.491049384160000045e+03 8.912077737710000225e-01
3.492179208210000070e+03 8.872698088270000172e-01
3.493309032260000095e+03 8.861672895479999479e-01
3.494438856300000225e+03 8.918139922290000410e-01
3.495568680349999795e+03 8.962893195309999950e-01
3.496698504399999820e+03 8.986179034490000550e-01
3.497828328449999844e+03 9.028905418529999949e-01
3.498958152489999975e+03 9.031305401879999861e-01
3.500087976540000000e+03 8.966849649850000548e-01
3.501217800590000024e+03 8.936045044989999742e-01
3.502347624630000155e+03 8.905661402350000255e-01
3.503477448680000180e+03 8.914224285099999756e-01
3.504607272730000204e+03 8.960395167269999961e-01
3.505737096769999880e+03 8.970663829030000036e-01
3.506866920819999905e+03 8.995216416889999511e-01
3.507996744869999930e+03 8.988917609850000101e-01
3.509126568910000060e+03 8.981339868500000101e-01
3.510256392960000085e+03 8.959699535890000011e-01
3.511386217010000109e+03 8.928700558359999873e-01
3.512516041060000134e+03 8.943833675129999605e-01
3.513645865099999810e+03 8.927623850670000083e-01
3.514775689149999835e+03 8.934596831319999710e-01
3.515905513199999859e+03 8.972183437770000491e-01
3.517035337239999990e+03 8.983360755129999875e-01
3.518165161290000015e+03 8.988217969030000143e-01
3.519294985340000039e+03 8.991098435369999642e-01
3.520424809380000170e+03 8.955682520119999657e-01
3.521554633430000194e+03 8.906107484569999455e-01
3.522684457480000219e+03 8.879467655720000296e-01
3.523814281519999895e+03 8.865337876069999679e-01
3.524944105569999920e+03 8.887486584279999935e-01
3.526073929619999944e+03 8.865691963230000194e-01
3.527203753669999969e+03 8.858951425809999947e-01
3.528333577710000100e+03 8.824022781820000105e-01
3.529463401760000124e+03 8.838067676480000356e-01
3.530593225810000149e+03 8.823627672899999608e-01
3.531723049849999825e+03 8.876539481640000062e-01
3.532852873899999850e+03 8.944250961230000296e-01
3.533982697949999874e+03 8.950576153079999875e-01
3.535112521990000005e+03 8.957300274430000098e-01
3.536242346040000029e+03 8.949044000470000038e-01
3.537372170090000054e+03 8.914415753309999912e-01
3.538501994130000185e+03 8.897154812549999958e-01
3.539631818180000209e+03 8.898496263640000015e-01
3.540761642229999779e+03 8.937655069330000535e-01
3.541891466279999804e+03 8.991769615069999944e-01
3.543021290319999935e+03 8.968179935479999587e-01
3.544151114369999959e+03 8.955889614549999989e-01
3.545280938419999984e+03 8.948910418769999708e-01
3.546410762460000115e+03 8.932969356069999645e-01
3.547540586510000139e+03 8.942676470849999504e-01
3.548670410560000164e+03 8.940800495009999516e-01
3.549800234599999840e+03 8.952331770439999614e-01
3.550930058649999864e+03 8.945397018180000215e-01
3.552059882699999889e+03 8.897099095249999534e-01
3.553189706740000020e+03 8.891904645979999966e-01
3.554319530790000044e+03 8.876110008330000412e-01
3.555449354840000069e+03 8.854892036770000141e-01
3.556579178890000094e+03 8.874444727860000270e-01
3.557709002930000224e+03 8.915782053430000298e-01
3.558838826979999794e+03 8.935163538999999489e-01
3.559968651029999819e+03 8.940152938180000453e-01
3.561098475069999949e+03 8.940808593079999644e-01
3.562228299119999974e+03 8.969993947209999874e-01
3.563358123169999999e+03 8.982214657599999486e-01
3.564487947210000129e+03 8.987632937070000327e-01
3.565617771260000154e+03 8.977586815370000028e-01
3.566747595310000179e+03 8.944089883400000440e-01
3.567877419349999855e+03 8.908735341939999497e-01
3.569007243399999879e+03 8.878655264279999848e-01
3.570137067449999904e+03 8.913915619350000208e-01
3.571266891499999929e+03 8.910600686920000513e-01
3.572396715540000059e+03 8.912565346159999624e-01
3.573526539590000084e+03 8.885491007619999992e-01
3.574656363640000109e+03 8.859239032729999686e-01
3.575786187679999784e+03 8.859552140940000209e-01
3.576916011729999809e+03 8.857937849150000487e-01
3.578045835779999834e+03 8.868203969329999659e-01
3.579175659819999964e+03 8.891188158360000537e-01
3.580305483869999989e+03 8.902993804519999665e-01
3.581435307920000014e+03 8.850117309560000534e-01
3.582565131960000144e+03 8.828904227680000050e-01
3.583694956010000169e+03 8.849185756949999870e-01
3.584824780060000194e+03 8.873104762169999882e-01
3.585954604110000218e+03 8.902678748500000294e-01
3.587084428149999894e+03 8.960346600530000316e-01
3.588214252199999919e+03 8.964795900880000445e-01
3.589344076249999944e+03 8.951033399300000193e-01
3.590473900290000074e+03 8.948265889740000256e-01
3.591603724340000099e+03 8.895957044629999588e-01
3.592733548390000124e+03 8.880083756129999450e-01
3.593863372429999799e+03 8.887530345220000516e-01
3.594993196479999824e+03 8.867330598829999966e-01
3.596123020529999849e+03 8.873106837830000426e-01
3.597252844569999979e+03 8.866734310380000039e-01
3.598382668620000004e+03 8.832693576129999613e-01
3.599512492670000029e+03 8.799779183699999452e-01
3.600642316720000053e+03 8.822998778120000329e-01
3.601772140760000184e+03 8.795242993549999833e-01
3.602901964810000209e+03 8.824342042110000506e-01
3.604031788859999779e+03 8.856725034489999482e-01
3.605161612899999909e+03 8.884108845160000323e-01
3.606291436949999934e+03 8.915316811610000114e-01
3.607421260999999959e+03 8.967129486799999549e-01
3.608551085040000089e+03 8.906798735600000017e-01
3.609680909090000114e+03 8.875792452730000281e-01
3.610810733140000139e+03 8.864037996010000198e-01
3.611940557179999814e+03 8.826098046920000106e-01
3.613070381229999839e+03 8.829518162460000541e-01
3.614200205279999864e+03 8.822969066450000453e-01
3.615330029329999888e+03 8.838295629789999497e-01
3.616459853370000019e+03 8.868652408860000502e-01
3.617589677420000044e+03 8.888184101939999859e-01
3.618719501470000068e+03 8.916822136950000033e-01
3.619849325510000199e+03 8.913844615129999926e-01
3.620979149560000224e+03 8.864410071499999599e-01
3.622108973609999794e+03 8.818431558479999932e-01
3.623238797649999924e+03 8.778478232430000361e-01
3.624368621699999949e+03 8.762046967740000358e-01
3.625498445749999973e+03 8.773682147329999736e-01
3.626628269790000104e+03 8.818137964459999978e-01
3.627758093840000129e+03 8.859859381819999991e-01
3.628887917890000153e+03 8.892160319649999867e-01
3.630017741940000178e+03 8.905318822579999516e-01
3.631147565979999854e+03 8.856081742989999617e-01
3.632277390029999879e+03 8.839577485920000477e-01
3.633407214079999903e+03 8.835885465099999614e-01
3.634537038120000034e+03 8.867750446859999913e-01
3.635666862170000059e+03 8.876939000000000357e-01
3.636796686220000083e+03 8.858072264109999594e-01
3.637926510260000214e+03 8.798219204220000256e-01
3.639056334309999784e+03 8.728219484160000263e-01
3.640186158359999808e+03 8.674975037769999675e-01
3.641315982399999939e+03 8.705592968040000157e-01
3.642445806449999964e+03 8.775570510969999960e-01
3.643575630499999988e+03 8.785439360000000253e-01
3.644705454550000013e+03 8.812756661820000392e-01
3.645835278590000144e+03 8.841680571029999491e-01
3.646965102640000168e+03 8.825125840469999483e-01
3.648094926690000193e+03 8.860633999820000106e-01
3.649224750729999869e+03 8.842557651029999688e-01
3.650354574779999894e+03 8.806350885220000091e-01
3.651484398829999918e+03 8.777047008330000066e-01
3.652614222870000049e+03 8.738844475949999469e-01
3.653744046920000073e+03 8.737944803639999813e-01
3.654873870970000098e+03 8.773914300649999776e-01
3.656003695009999774e+03 8.829071488559999681e-01
3.657133519059999799e+03 8.855801717889999480e-01
3.658263343109999823e+03 8.887114386509999964e-01
3.659393167159999848e+03 8.875763662169999790e-01
3.660522991199999979e+03 8.833049596359999756e-01
3.661652815250000003e+03 8.808141775129999518e-01
3.662782639300000028e+03 8.789940798940000244e-01
3.663912463340000158e+03 8.792861994130000136e-01
3.665042287390000183e+03 8.805154074130000508e-01
3.666172111440000208e+03 8.812460724630000186e-01
3.667301935479999884e+03 8.794360929029999552e-01
3.668431759529999908e+03 8.771333502289999640e-01
3.669561583579999933e+03 8.789162678009999619e-01
3.670691407620000064e+03 8.795582398360000109e-01
3.671821231670000088e+03 8.843035474020000120e-01
3.672951055720000113e+03 8.841372583869999691e-01
3.674080879770000138e+03 8.865010857130000144e-01
3.675210703809999814e+03 8.849256120530000214e-01
3.676340527859999838e+03 8.814545743809999445e-01
3.677470351909999863e+03 8.832759607919999922e-01
3.678600175949999993e+03 8.826498954720000123e-01
3.679730000000000018e+03 8.809936179999999784e-01
3.680859824050000043e+03 8.831601256300000147e-01
3.681989648090000173e+03 8.804195575009999830e-01
3.683119472140000198e+03 8.794864154020000102e-01
3.684249296190000223e+03 8.785054661229999562e-01
3.685379120229999899e+03 8.747451567159999497e-01
3.686508944279999923e+03 8.751395846920000388e-01
3.687638768329999948e+03 8.750041563279999934e-01
3.688768592379999973e+03 8.775501874600000196e-01
3.689898416420000103e+03 8.769852236949999824e-01
3.691028240470000128e+03 8.774603381759999987e-01
3.692158064520000153e+03 8.786791283870000191e-01
3.693287888559999828e+03 8.754644078890000403e-01
3.694417712609999853e+03 8.727913937240000530e-01
3.695547536659999878e+03 8.738922556660000396e-01
3.696677360700000008e+03 8.747999871549999584e-01
3.697807184750000033e+03 8.750601923749999900e-01
3.698937008800000058e+03 8.776027491850000306e-01
3.700066832840000188e+03 8.773158176069999481e-01
3.701196656890000213e+03 8.789880478239999739e-01
3.702326480939999783e+03 8.790874032669999671e-01
3.703456304989999808e+03 8.807047668620000547e-01
3.704586129029999938e+03 8.854616818710000503e-01
3.705715953079999963e+03 8.867222685279999572e-01
3.706845777129999988e+03 8.821618262349999462e-01
3.707975601170000118e+03 8.820141117540000186e-01
3.709105425220000143e+03 8.795542386800000445e-01
3.710235249270000168e+03 8.792381090209999694e-01
3.711365073309999843e+03 8.825112056770000324e-01
3.712494897359999868e+03 8.799844882230000165e-01
3.713624721409999893e+03 8.744283415310000196e-01
3.714754545450000023e+03 8.727174672730000360e-01
3.715884369500000048e+03 8.679217515660000437e-01
3.717014193550000073e+03 8.724059432259999580e-01
3.718144017600000097e+03 8.809902360000000376e-01
3.719273841639999773e+03 8.841652440470000318e-01
3.720403665689999798e+03 8.841375495890000380e-01
3.721533489739999823e+03 8.832402642350000166e-01
3.722663313779999953e+03 8.816536878830000257e-01
3.723793137829999978e+03 8.803434658650000078e-01
3.724922961880000003e+03 8.794634683459999769e-01
3.726052785920000133e+03 8.863432355429999854e-01
3.727182609970000158e+03 8.887806819650000412e-01
3.728312434020000182e+03 8.887748656299999661e-01
3.729442258059999858e+03 8.841320549029999531e-01
3.730572082109999883e+03 8.793085226389999454e-01
3.731701906159999908e+03 8.715020960410000406e-01
3.732831730209999932e+03 8.625577821230000497e-01
3.733961554250000063e+03 8.618551641289999843e-01
3.735091378300000088e+03 8.594964700530000057e-01
3.736221202350000112e+03 8.516468824159999507e-01
3.737351026389999788e+03 8.558089675069999736e-01
3.738480850439999813e+03 8.641527638360000374e-01
3.739610674489999838e+03 8.668258921060000288e-01
3.740740498529999968e+03 8.741477986160000047e-01
3.741870322579999993e+03 8.800795731610000505e-01
3.743000146630000017e+03 8.788271512899999971e-01
3.744129970670000148e+03 8.759834225220000103e-01
3.745259794720000173e+03 8.718347498299999776e-01
3.746389618770000197e+03 8.725741989090000095e-01
3.747519442820000222e+03 8.742937433780000323e-01
3.748649266859999898e+03 8.706162451029999527e-01
3.749779090909999923e+03 8.716456283639999469e-01
3.750908914959999947e+03 8.716718382639999652e-01
3.752038739000000078e+03 8.674992633550000498e-01
3.753168563050000103e+03 8.679598990850000417e-01
3.754298387100000127e+03 8.677186238709999611e-01
3.755428211139999803e+03 8.621119639180000460e-01
3.756558035189999828e+03 8.594481804160000182e-01
3.757687859239999852e+03 8.590025204810000092e-01
3.758817683279999983e+03 8.621929774840000338e-01
3.759947507330000008e+03 8.625183088560000044e-01
3.761077331380000032e+03 8.658882147209999713e-01
3.762207155430000057e+03 8.701132925400000273e-01
3.763336979470000188e+03 8.715282762460000443e-01
3.764466803520000212e+03 8.720136320000000385e-01
3.765596627569999782e+03 8.764708214659999719e-01
3.766726451609999913e+03 8.766576303230000367e-01
3.767856275659999937e+03 8.766209671610000198e-01
3.768986099709999962e+03 8.709594089150000107e-01
3.770115923750000093e+03 8.740509540819999534e-01
3.771245747800000117e+03 8.742818780059999906e-01
3.772375571850000142e+03 8.687884803230000452e-01
3.773505395889999818e+03 8.707532074489999774e-01
3.774635219939999843e+03 8.693068583930000370e-01
3.775765043989999867e+03 8.653126234600000410e-01
3.776894868039999892e+03 8.676549136360000025e-01
3.778024692080000023e+03 8.678198583459999504e-01
3.779154516130000047e+03 8.712918730969999581e-01
3.780284340180000072e+03 8.670587876599999966e-01
3.781414164220000202e+03 8.688295466040000248e-01
3.782543988270000227e+03 8.705478614080000010e-01
3.783673812319999797e+03 8.714403295010000328e-01
3.784803636359999928e+03 8.723190792730000087e-01
3.785933460409999952e+03 8.751989917419999987e-01
3.787063284459999977e+03 8.711082248910000381e-01
3.788193108500000108e+03 8.693711761579999697e-01
3.789322932550000132e+03 8.672587998240000040e-01
3.790452756600000157e+03 8.667983288680000120e-01
3.791582580650000182e+03 8.687806030970000037e-01
3.792712404689999858e+03 8.680172303109999765e-01
3.793842228739999882e+03 8.660274757770000109e-01
3.794972052789999907e+03 8.667078075480000310e-01
3.796101876830000037e+03 8.676147861470000500e-01
3.797231700880000062e+03 8.665788116189999668e-01
3.798361524930000087e+03 8.695795960940000402e-01
3.799491348970000217e+03 8.637825292959999679e-01
3.800621173019999787e+03 8.576582093140000529e-01
3.801750997069999812e+03 8.584541741290000472e-01
3.802880821109999943e+03 8.555767590149999657e-01
3.804010645159999967e+03 8.586592674840000106e-01
3.805140469209999992e+03 8.663151385920000447e-01
3.806270293260000017e+03 8.665955228089999851e-01
3.807400117300000147e+03 8.672489052199999771e-01
3.808529941350000172e+03 8.698457195480000514e-01
3.809659765400000197e+03 8.697947819119999924e-01
3.810789589439999872e+03 8.733879947510000408e-01
3.811919413489999897e+03 8.735340334550000252e-01
3.813049237539999922e+03 8.716296740119999775e-01
3.814179061580000052e+03 8.626932787329999464e-01
3.815308885630000077e+03 8.579737138299999843e-01
3.816438709680000102e+03 8.521275438709999817e-01
3.817568533719999778e+03 8.487300124990000416e-01
3.818698357769999802e+03 8.490880087740000359e-01
3.819828181819999827e+03 8.484492330909999547e-01
3.820958005869999852e+03 8.503383403399999985e-01
3.822087829909999982e+03 8.522116401760000404e-01
3.823217653960000007e+03 8.546663305220000284e-01
3.824347478010000032e+03 8.611418114190000361e-01
3.825477302050000162e+03 8.591386166919999789e-01
3.826607126100000187e+03 8.613919534720000382e-01
3.827736950150000212e+03 8.657905299120000064e-01
3.828866774189999887e+03 8.657686620000000222e-01
3.829996598239999912e+03 8.659685473670000189e-01
3.831126422289999937e+03 8.677039390499999838e-01
3.832256246330000067e+03 8.632956121879999944e-01
3.833386070380000092e+03 8.545157009089999756e-01
3.834515894430000117e+03 8.510501049149999941e-01
3.835645718480000141e+03 8.506371086330000164e-01
3.836775542519999817e+03 8.557749977240000083e-01
3.837905366569999842e+03 8.596677023109999816e-01
3.839035190619999867e+03 8.627434316130000447e-01
3.840165014659999997e+03 8.623693735309999608e-01
3.841294838710000022e+03 8.596645695479999683e-01
3.842424662760000047e+03 8.565426008090000209e-01
3.843554486800000177e+03 8.610561854429999995e-01
3.844684310850000202e+03 8.651567027569999624e-01
3.845814134900000226e+03 8.609523347680000382e-01
3.846943958939999902e+03 8.632871857830000106e-01
3.848073782989999927e+03 8.603096066509999806e-01
3.849203607039999952e+03 8.543060481940000228e-01
3.850333431089999976e+03 8.586151372429999817e-01
3.851463255130000107e+03 8.581834161169999975e-01
3.852593079180000132e+03 8.561127907679999538e-01
3.853722903230000156e+03 8.541955072260000170e-01
3.854852727269999832e+03 8.567459149089999837e-01
3.855982551319999857e+03 8.539147313489999780e-01
3.857112375369999882e+03 8.552057281410000433e-01
3.858242199410000012e+03 8.542401751029999879e-01
3.859372023460000037e+03 8.536910771850000357e-01
3.860501847510000061e+03 8.509108272550000018e-01
3.861631671550000192e+03 8.522512041059999710e-01
3.862761495600000217e+03 8.589826493609999947e-01
3.863891319649999787e+03 8.606078920120000531e-01
3.865021143699999811e+03 8.618461069970000388e-01
3.866150967739999942e+03 8.622954006449999875e-01
3.867280791789999967e+03 8.595570482400000101e-01
3.868410615839999991e+03 8.582077818769999755e-01
3.869540439880000122e+03 8.516886445219999935e-01
3.870670263930000147e+03 8.512085761880000545e-01
3.871800087980000171e+03 8.495508507329999626e-01
3.872929912019999847e+03 8.481593464519999737e-01
3.874059736069999872e+03 8.500365424160000183e-01
3.875189560119999896e+03 8.548329483519999661e-01
3.876319384160000027e+03 8.533180300589999767e-01
3.877449208210000052e+03 8.518529040819999842e-01
3.878579032260000076e+03 8.532283099999999898e-01
3.879708856300000207e+03 8.583192697239999669e-01
3.880838680349999777e+03 8.595296157480000199e-01
3.881968504399999802e+03 8.604499703810000177e-01
3.883098328449999826e+03 8.609258428389999773e-01
3.884228152489999957e+03 8.601542652789999632e-01
3.885357976539999981e+03 8.539194094659999790e-01
3.886487800590000006e+03 8.515848233780000109e-01
3.887617624630000137e+03 8.479131144929999975e-01
3.888747448680000161e+03 8.471572634720000439e-01
3.889877272730000186e+03 8.484050127269999741e-01
3.891007096769999862e+03 8.469749021939999567e-01
3.892136920819999887e+03 8.504029609380000521e-01
3.893266744869999911e+03 8.551907533839999687e-01
3.894396568910000042e+03 8.506753645160000099e-01
3.895526392960000067e+03 8.529134024050000207e-01
3.896656217010000091e+03 8.503440615889999998e-01
3.897786041060000116e+03 8.436019369739999885e-01
3.898915865099999792e+03 8.404146158940000166e-01
3.900045689149999816e+03 8.390997380529999772e-01
3.901175513199999841e+03 8.417216834020000427e-01
3.902305337239999972e+03 8.471465629440000367e-01
3.903435161289999996e+03 8.487648861940000344e-01
3.904564985340000021e+03 8.530236120940000166e-01
3.905694809380000152e+03 8.550801696540000219e-01
3.906824633430000176e+03 8.510322100880000074e-01
3.907954457480000201e+03 8.500293593840000383e-01
3.909084281519999877e+03 8.526903146630000485e-01
3.910214105569999901e+03 8.529989036720000417e-01
3.911343929619999926e+03 8.506460430029999520e-01
3.912473753669999951e+03 8.498270672429999451e-01
3.913603577710000081e+03 8.473380200819999875e-01
3.914733401760000106e+03 8.454352372490000489e-01
3.915863225810000131e+03 8.513006780649999827e-01
3.916993049849999807e+03 8.500075650789999937e-01
3.918122873899999831e+03 8.524065702049999915e-01
3.919252697949999856e+03 8.490450894080000532e-01
3.920382521989999987e+03 8.467352128799999766e-01
3.921512346040000011e+03 8.498766757710000119e-01
3.922642170090000036e+03 8.549279826629999635e-01
3.923771994130000166e+03 8.548968226099999956e-01
3.924901818180000191e+03 8.574003843640000122e-01
3.926031642230000216e+03 8.540684376889999818e-01
3.927161466279999786e+03 8.474834436360000334e-01
3.928291290319999916e+03 8.474254854839999851e-01
3.929421114369999941e+03 8.493287325510000541e-01
3.930550938419999966e+03 8.457437421639999453e-01
3.931680762460000096e+03 8.456258309330000333e-01
3.932810586510000121e+03 8.502470892669999891e-01
3.933940410560000146e+03 8.450631095010000537e-01
3.935070234599999822e+03 8.438235702640000113e-01
3.936200058649999846e+03 8.481318119880000284e-01
3.937329882699999871e+03 8.462625036769999554e-01
3.938459706740000001e+03 8.488868914599999593e-01
3.939589530790000026e+03 8.517606842870000250e-01
3.940719354840000051e+03 8.457251206450000502e-01
3.941849178890000076e+03 8.450414601579999685e-01
3.942979002930000206e+03 8.365023257949999458e-01
3.944108826979999776e+03 8.347365400699999771e-01
3.945238651029999801e+03 8.381502816889999652e-01
3.946368475069999931e+03 8.404054984459999877e-01
3.947498299119999956e+03 8.475910638120000007e-01
3.948628123169999981e+03 8.502018763580000416e-01
3.949757947210000111e+03 8.490523665339999582e-01
3.950887771260000136e+03 8.512404722819999492e-01
3.952017595310000161e+03 8.477341139590000019e-01
3.953147419349999836e+03 8.447564165809999803e-01
3.954277243399999861e+03 8.423238075660000046e-01
3.955407067449999886e+03 8.397062907210000038e-01
3.956536891499999911e+03 8.407678963519999993e-01
3.957666715540000041e+03 8.442739004989999740e-01
3.958796539590000066e+03 8.427809998009999637e-01
3.959926363640000091e+03 8.437506803640000275e-01
3.961056187680000221e+03 8.443784038939999848e-01
3.962186011729999791e+03 8.436132666160000015e-01
3.963315835779999816e+03 8.429276822869999908e-01
3.964445659819999946e+03 8.429158268619999506e-01
3.965575483869999971e+03 8.396855304520000063e-01
3.966705307919999996e+03 8.363775448269999968e-01
3.967835131960000126e+03 8.353084432380000202e-01
3.968964956010000151e+03 8.321038168040000294e-01
3.970094780060000176e+03 8.342677531609999919e-01
3.971224604110000200e+03 8.349576449150000190e-01
3.972354428149999876e+03 8.349259958589999586e-01
3.973484252199999901e+03 8.367063874900000364e-01
3.974614076249999925e+03 8.393139175949999586e-01
3.975743900290000056e+03 8.438938591500000364e-01
3.976873724340000081e+03 8.510070028739999959e-01
3.978003548390000105e+03 8.546437834840000525e-01
3.979133372429999781e+03 8.574588486219999472e-01
3.980263196479999806e+03 8.545384463340000014e-01
3.981393020529999831e+03 8.466669773839999857e-01
3.982522844569999961e+03 8.404012935369999937e-01
3.983652668619999986e+03 8.312490133840000350e-01
3.984782492670000011e+03 8.282576354430000176e-01
3.985912316720000035e+03 8.272819842819999492e-01
3.987042140760000166e+03 8.322255878240000238e-01
3.988171964810000190e+03 8.394924721169999549e-01
3.989301788860000215e+03 8.442256625749999799e-01
3.990431612899999891e+03 8.443871169029999457e-01
3.991561436949999916e+03 8.459477765399999738e-01
3.992691260999999940e+03 8.459866358359999783e-01
3.993821085040000071e+03 8.456655651440000421e-01
3.994950909090000096e+03 8.459307101819999453e-01
3.996080733140000120e+03 8.431873657359999497e-01
3.997210557179999796e+03 8.315315706739999646e-01
3.998340381229999821e+03 8.241497159999999766e-01
3.999470205279999846e+03 8.216318807619999998e-01
4.000600029329999870e+03 8.206819429739999894e-01
4.001729853370000001e+03 8.233672542640000369e-01
4.002859677420000025e+03 8.315896412900000145e-01
4.003989501470000050e+03 8.338287315889999496e-01
4.005119325510000181e+03 8.391758882290000221e-01
4.006249149560000205e+03 8.433777580760000170e-01
4.007378973609999775e+03 8.507189084749999797e-01
4.008508797649999906e+03 8.615232562460000132e-01
4.009638621699999931e+03 8.714315749269999634e-01
4.010768445749999955e+03 9.042663731379999570e-01
4.011898269790000086e+03 9.343059957770000201e-01
4.013028093840000111e+03 9.625041088450000393e-01
4.014157917890000135e+03 9.929458665689999686e-01
4.015287741940000160e+03 9.998008202579999892e-01
4.016417565979999836e+03 9.999453183230000430e-01
4.017547390029999860e+03 9.999696381579999960e-01
4.018677214079999885e+03 9.999799850560000536e-01
4.019807038120000016e+03 9.999861095600000027e-01
4.020936862170000040e+03 9.999901200759999664e-01
4.022066686220000065e+03 9.999939400589999972e-01
4.023196510260000196e+03 9.999965344160000047e-01
4.024326334310000220e+03 9.999982168679999450e-01
4.025456158359999790e+03 9.999995561579999581e-01
4.026585982399999921e+03 1.000000000000000000e+00
4.027715806449999945e+03 1.000000000000000000e+00
4.028845630499999970e+03 1.000000000000000000e+00
4.029975454549999995e+03 1.000000000000000000e+00
4.031105278590000125e+03 1.000000000000000000e+00
4.032235102640000150e+03 1.000000000000000000e+00
4.033364926690000175e+03 1.000000000000000000e+00
4.034494750729999851e+03 1.000000000000000000e+00
4.035624574779999875e+03 1.000000000000000000e+00
4.036754398829999900e+03 1.000000000000000000e+00
4.037884222870000031e+03 1.000000000000000000e+00
4.039014046920000055e+03 1.000000000000000000e+00
4.040143870970000080e+03 1.000000000000000000e+00
4.041273695010000210e+03 1.000000000000000000e+00
4.042403519059999780e+03 1.000000000000000000e+00
4.043533343109999805e+03 1.000000000000000000e+00
4.044663167159999830e+03 1.000000000000000000e+00
4.045792991199999960e+03 1.000000000000000000e+00
4.046922815249999985e+03 1.000000000000000000e+00
4.048052639300000010e+03 1.000000000000000000e+00
4.049182463340000140e+03 1.000000000000000000e+00
4.050312287390000165e+03 1.000000000000000000e+00
4.051442111440000190e+03 1.000000000000000000e+00
4.052571935479999865e+03 1.000000000000000000e+00
4.053701759529999890e+03 1.000000000000000000e+00
4.054831583579999915e+03 1.000000000000000000e+00
4.055961407620000045e+03 1.000000000000000000e+00
4.057091231670000070e+03 1.000000000000000000e+00
4.058221055720000095e+03 1.000000000000000000e+00
4.059350879770000120e+03 1.000000000000000000e+00
4.060480703809999795e+03 1.000000000000000000e+00
4.061610527859999820e+03 1.000000000000000000e+00
4.062740351909999845e+03 1.000000000000000000e+00
4.063870175949999975e+03 1.000000000000000000e+00
4.065000000000000000e+03 1.000000000000000000e+00
