# Wavelength (Angstroms)     Mean
2.900099999999999909e+03 9.126129600000000286e-01
2.900872140760000093e+03 9.064945334899999763e-01
2.901644281519999822e+03 9.045541275070000387e-01
2.902416422289999900e+03 9.050436305569999895e-01
2.903188563050000084e+03 9.024377158359999651e-01
2.903960703809999814e+03 8.997185398239999632e-01
2.904732844569999997e+03 8.953172608210000494e-01
2.905504985340000076e+03 8.941720577709999507e-01
2.906277126099999805e+03 8.920161127269999879e-01
2.907049266859999989e+03 8.876369286220000543e-01
2.907821407620000173e+03 8.859705812320000096e-01
2.908593548389999796e+03 8.877951225810000180e-01
2.909365689149999980e+03 8.921274856890000216e-01
2.910137829910000164e+03 8.948591782400000527e-01
2.910909970669999893e+03 8.942951487389999565e-01
2.911682111439999971e+03 8.947192676249999810e-01
2.912454252200000155e+03 8.949346513779999901e-01
2.913226392959999885e+03 8.924468727269999624e-01
2.913998533720000069e+03 8.890650443990000262e-01
2.914770674490000147e+03 8.876572841059999774e-01
2.915542815249999876e+03 8.871733771850000005e-01
2.916314956010000060e+03 8.912868019349999837e-01
2.917087096769999789e+03 8.967143864519999674e-01
2.917859237539999867e+03 8.993663134310000418e-01
2.918631378300000051e+03 9.029399857480000513e-01
2.919403519059999780e+03 9.063992521410000336e-01
2.920175659819999964e+03 9.089428699710000448e-01
2.920947800590000043e+03 9.093642018769999558e-01
2.921719941350000227e+03 9.069844814080000317e-01
2.922492082109999956e+03 9.069372133719999507e-01
2.923264222870000140e+03 9.078817401169999579e-01
2.924036363640000218e+03 9.090361654549999892e-01
2.924808504399999947e+03 9.121174905569999769e-01
2.925580645160000131e+03 9.132595141939999772e-01
2.926352785919999860e+03 9.146805843399999914e-01
2.927124926689999938e+03 9.136411388859999594e-01
2.927897067450000122e+03 9.101538480940000175e-01
2.928669208209999852e+03 9.078789876249999669e-01
2.929441348970000035e+03 9.050971615249999713e-01
2.930213489740000114e+03 9.049031363639999936e-01
2.930985630499999843e+03 9.060757888560000417e-01
2.931757771260000027e+03 9.058434904400000098e-01
2.932529912020000211e+03 9.090853194129999704e-01
2.933302052789999834e+03 9.111914661000000137e-01
2.934074193550000018e+03 9.126386754840000171e-01
2.934846334310000202e+03 9.130792893260000209e-01
2.935618475069999931e+03 9.129919340180000509e-01
2.936390615840000009e+03 9.116570426390000481e-01
2.937162756600000193e+03 9.124161035779999596e-01
2.937934897359999923e+03 9.122179388269999745e-01
2.938707038120000107e+03 9.130693960700000389e-01
2.939479178890000185e+03 9.124735975369999696e-01
2.940251319649999914e+03 9.118042251029999656e-01
2.941023460410000098e+03 9.095093773019999883e-01
2.941795601169999827e+03 9.052607814080000370e-01
2.942567741939999905e+03 9.004854025809999607e-01
2.943339882700000089e+03 8.985053295010000385e-01
2.944112023459999818e+03 8.987407190030000104e-01
2.944884164220000002e+03 8.993526185919999971e-01
2.945656304990000081e+03 9.019219853959999922e-01
2.946428445749999810e+03 9.053671036949999529e-01
2.947200586509999994e+03 9.087722849849999562e-01
2.947972727270000178e+03 9.090213036359999776e-01
2.948744868039999801e+03 9.079865318480000447e-01
2.949517008799999985e+03 9.054202576540000269e-01
2.950289149560000169e+03 9.031264107919999562e-01
2.951061290319999898e+03 8.993762980649999683e-01
2.951833431089999976e+03 9.004967826390000152e-01
2.952605571850000160e+03 9.020834565399999949e-01
2.953377712609999890e+03 9.027941672729999922e-01
2.954149853370000073e+03 9.035885981229999642e-01
2.954921994129999803e+03 9.051585426389999745e-01
2.955694134899999881e+03 9.065748699710000080e-01
2.956466275660000065e+03 9.070773414080000041e-01
2.957238416419999794e+03 9.063620871549999958e-01
2.958010557179999978e+03 9.079119899119999504e-01
2.958782697950000056e+03 9.103054956010000476e-01
2.959554838709999785e+03 9.101163451610000399e-01
2.960326979469999969e+03 9.098235648089999517e-01
2.961099120230000153e+03 9.117152480939999526e-01
2.961871260999999777e+03 9.127346775950000435e-01
2.962643401759999961e+03 9.103531119650000170e-01
2.963415542520000145e+03 9.084432163050000231e-01
2.964187683279999874e+03 9.075606809380000195e-01
2.964959824049999952e+03 9.071523890320000172e-01
2.965731964810000136e+03 9.059499254549999714e-01
2.966504105569999865e+03 9.046681835190000243e-01
2.967276246330000049e+03 9.044309268619999953e-01
2.968048387100000127e+03 9.023717148390000276e-01
2.968820527859999856e+03 9.003592838120000330e-01
2.969592668620000040e+03 8.968263523749999688e-01
2.970364809380000224e+03 8.952658530789999736e-01
2.971136950149999848e+03 8.945600154839999929e-01
2.971909090910000032e+03 8.959570127270000128e-01
2.972681231670000216e+03 8.973747214080000090e-01
2.973453372429999945e+03 8.985311020530000192e-01
2.974225513200000023e+03 9.005804147799999493e-01
2.974997653960000207e+03 9.054465882700000190e-01
2.975769794719999936e+03 9.080066533139999896e-01
2.976541935480000120e+03 9.085987329029999726e-01
2.977314076250000198e+03 9.074666638120000295e-01
2.978086217009999928e+03 9.073042758939999786e-01
2.978858357770000111e+03 9.059030177710000187e-01
2.979630498529999841e+03 9.043271941349999565e-01
2.980402639299999919e+03 9.027204032840000503e-01
2.981174780060000103e+03 9.007411661580000395e-01
2.981946920819999832e+03 9.015937955430000095e-01
2.982719061580000016e+03 8.999662157179999511e-01
2.983491202350000094e+03 8.980744540759999506e-01
2.984263343109999823e+03 8.985443600000000419e-01
2.985035483870000007e+03 8.981448967740000011e-01
2.985807624630000191e+03 8.974275299120000327e-01
2.986579765399999815e+03 8.974071681519999455e-01
2.987351906159999999e+03 8.979689261000000089e-01
2.988124046920000183e+03 9.004769877420000235e-01
2.988896187679999912e+03 9.000991804110000105e-01
2.989668328449999990e+03 9.015539495600000119e-01
2.990440469210000174e+03 9.018230873900000555e-01
2.991212609969999903e+03 9.030101841059999801e-01
2.991984750730000087e+03 9.004623701470000352e-01
2.992756891500000165e+03 9.014170808210000274e-01
2.993529032259999894e+03 9.045194741940000283e-01
2.994301173020000078e+03 9.043419476249999756e-01
2.995073313779999808e+03 9.045340751910000421e-01
2.995845454549999886e+03 9.032691600000000154e-01
2.996617595310000070e+03 9.042237315540000431e-01
2.997389736069999799e+03 9.041359484459999818e-01
2.998161876829999983e+03 9.003022855719999828e-01
2.998934017600000061e+03 8.978117619940000349e-01
2.999706158359999790e+03 8.938727642820000208e-01
3.000478299119999974e+03 8.945567296190000128e-01
3.001250439880000158e+03 8.933454641639999583e-01
3.002022580649999782e+03 8.920865193550000516e-01
3.002794721409999966e+03 8.942227838120000438e-01
3.003566862170000149e+03 9.008470977129999779e-01
3.004339002929999879e+03 9.047298074490000008e-01
3.005111143699999957e+03 9.051017731379999987e-01
3.005883284460000141e+03 9.040682951909999598e-01
3.006655425219999870e+03 9.035979800000000228e-01
3.007427565980000054e+03 9.055904270969999947e-01
3.008199706739999783e+03 9.038348224050000157e-01
3.008971847509999861e+03 9.018244441639999831e-01
3.009743988270000045e+03 9.021698283869999946e-01
3.010516129029999775e+03 9.024956019350000025e-01
3.011288269789999958e+03 9.025894037539999859e-01
3.012060410560000037e+03 9.010065255720000055e-01
3.012832551320000221e+03 8.974947434019999726e-01
3.013604692079999950e+03 8.948207151320000108e-01
3.014376832840000134e+03 8.895343277420000305e-01
3.015148973610000212e+03 8.897844192960000509e-01
3.015921114369999941e+03 8.898594163049999839e-01
3.016693255130000125e+03 8.903248148389999450e-01
3.017465395889999854e+03 8.916592743700000323e-01
3.018237536659999932e+03 8.907264580060000325e-01
3.019009677420000116e+03 8.919149645160000528e-01
3.019781818179999846e+03 8.918240163639999940e-01
3.020553958940000030e+03 8.902489321409999823e-01
3.021326099710000108e+03 8.902524769499999824e-01
3.022098240469999837e+03 8.916334434599999526e-01
3.022870381230000021e+03 8.921236179470000138e-01
3.023642521990000205e+03 8.931710877420000472e-01
3.024414662759999828e+03 8.929850315539999972e-01
3.025186803520000012e+03 8.952120012900000035e-01
3.025958944280000196e+03 8.940697423460000071e-01
3.026731085039999925e+03 8.896332235189999826e-01
3.027503225810000004e+03 8.903976896769999483e-01
3.028275366570000187e+03 8.926964265100000295e-01
3.029047507329999917e+03 8.929665799410000382e-01
3.029819648090000101e+03 8.938389508499999803e-01
3.030591788860000179e+03 8.927035697359999578e-01
3.031363929619999908e+03 8.958790673309999786e-01
3.032136070380000092e+03 8.968048368909999901e-01
3.032908211139999821e+03 8.951896541939999841e-01
3.033680351909999899e+03 8.934128958360000317e-01
3.034452492670000083e+03 8.913899695010000235e-01
3.035224633429999813e+03 8.911151174779999851e-01
3.035996774189999996e+03 8.921144941940000184e-01
3.036768914960000075e+03 8.923054541349999536e-01
3.037541055719999804e+03 8.919419232259999664e-01
3.038313196479999988e+03 8.925302340180000238e-01
3.039085337240000172e+03 8.941555462169999968e-01
3.039857478009999795e+03 8.952695972430000371e-01
3.040629618769999979e+03 8.961506266280000466e-01
3.041401759530000163e+03 8.973736016419999739e-01
3.042173900289999892e+03 8.975098486220000060e-01
3.042946041059999970e+03 9.002965428739999609e-01
3.043718181820000154e+03 9.015994890909999615e-01
3.044490322579999884e+03 9.046520264520000465e-01
3.045262463340000068e+03 9.073441115539999657e-01
3.046034604110000146e+03 9.057826726100000059e-01
3.046806744869999875e+03 9.061574360120000504e-01
3.047578885630000059e+03 9.053900939590000529e-01
3.048351026389999788e+03 9.048069194129999548e-01
3.049123167159999866e+03 9.019296207620000061e-01
3.049895307920000050e+03 8.978738246330000283e-01
3.050667448679999779e+03 8.965088809969999906e-01
3.051439589439999963e+03 8.980544927269999977e-01
3.052211730210000042e+03 8.979378398830000219e-01
3.052983870970000225e+03 8.969526025809999581e-01
3.053756011729999955e+03 8.966344631670000176e-01
3.054528152490000139e+03 8.998334700290000487e-01
3.055300293260000217e+03 8.999989838120000529e-01
3.056072434019999946e+03 8.985526810559999467e-01
3.056844574780000130e+03 8.975741816419999797e-01
3.057616715539999859e+03 8.981065314959999490e-01
3.058388856300000043e+03 8.973154441059999487e-01
3.059160997070000121e+03 8.967735968910000022e-01
3.059933137829999851e+03 8.960816895009999783e-01
3.060705278590000034e+03 8.959220595310000146e-01
3.061477419350000218e+03 8.943277458060000518e-01
3.062249560119999842e+03 8.907623116130000129e-01
3.063021700880000026e+03 8.904486600590000300e-01
3.063793841640000210e+03 8.904101087389999503e-01
3.064565982399999939e+03 8.876135679769999731e-01
3.065338123170000017e+03 8.841933470970000375e-01
3.066110263930000201e+03 8.830040738419999702e-01
3.066882404689999930e+03 8.847100140179999794e-01
3.067654545450000114e+03 8.865932472730000402e-01
3.068426686220000192e+03 8.880850769500000519e-01
3.069198826979999922e+03 8.891237616420000212e-01
3.069970967740000106e+03 8.909179051610000011e-01
3.070743108499999835e+03 8.966403291500000261e-01
3.071515249269999913e+03 8.985972317299999457e-01
3.072287390030000097e+03 8.988602069790000426e-01
3.073059530789999826e+03 8.959006299709999510e-01
3.073831671550000010e+03 8.918996269790000486e-01
3.074603812320000088e+03 8.901906521410000162e-01
3.075375953079999817e+03 8.943862029329999741e-01
3.076148093840000001e+03 8.983650069209999645e-01
3.076920234600000185e+03 9.020394113199999842e-01
3.077692375369999809e+03 9.066888031669999570e-01
3.078464516129999993e+03 9.157239741939999789e-01
3.079236656890000177e+03 9.261082917299999773e-01
3.080008797649999906e+03 9.306890480349999661e-01
3.080780938419999984e+03 9.312073571850000286e-01
3.081553079180000168e+03 9.321132284459999751e-01
3.082325219939999897e+03 9.349163702049999580e-01
3.083097360700000081e+03 9.371284959529999625e-01
3.083869501470000159e+03 9.339185929030000555e-01
3.084641642229999889e+03 9.358010258059999975e-01
3.085413782990000072e+03 9.354590675659999466e-01
3.086185923749999802e+03 9.359970622869999701e-01
3.086958064519999880e+03 9.361673819350000425e-01
3.087730205280000064e+03 9.350109786510000243e-01
3.088502346039999793e+03 9.349076151320000472e-01
3.089274486799999977e+03 9.349087104400000126e-01
3.090046627570000055e+03 9.340801646330000318e-01
3.090818768329999784e+03 9.346247863929999511e-01
3.091590909089999968e+03 9.349848890909999710e-01
3.092363049850000152e+03 9.359964425810000099e-01
3.093135190619999776e+03 9.364757367739999783e-01
3.093907331379999960e+03 9.379590242230000374e-01
3.094679472140000144e+03 9.380103992380000033e-01
3.095451612899999873e+03 9.355963122579999958e-01
3.096223753669999951e+03 9.335788418770000208e-01
3.096995894430000135e+03 9.325315800000000266e-01
3.097768035189999864e+03 9.313250428739999753e-01
3.098540175950000048e+03 9.312744752489999778e-01
3.099312316720000126e+03 9.315827058650000270e-01
3.100084457479999855e+03 9.304606227570000332e-01
3.100856598240000039e+03 9.325256304400000307e-01
3.101628739000000223e+03 9.347365657480000145e-01
3.102400879769999847e+03 9.360431287389999744e-01
3.103173020530000031e+03 9.374610475069999893e-01
3.103945161290000215e+03 9.364467670970000324e-01
3.104717302049999944e+03 9.379569678589999571e-01
3.105489442820000022e+03 9.391897232260000283e-01
3.106261583580000206e+03 9.374482043990000069e-01
3.107033724339999935e+03 9.356820561290000171e-01
3.107805865100000119e+03 9.330638109090000354e-01
3.108578005870000197e+03 9.313427515540000368e-01
3.109350146629999927e+03 9.304296543700000255e-01
3.110122287390000110e+03 9.280540834599999567e-01
3.110894428149999840e+03 9.272677883280000533e-01
3.111666568910000024e+03 9.271080613490000344e-01
3.112438709680000102e+03 9.283909387100000021e-01
3.113210850439999831e+03 9.319072380649999765e-01
3.113982991200000015e+03 9.328473612319999608e-01
3.114755131960000199e+03 9.352882605279999595e-01
3.115527272729999822e+03 9.366592963640000269e-01
3.116299413490000006e+03 9.357248921990000134e-01
3.117071554250000190e+03 9.354984571259999937e-01
3.117843695009999919e+03 9.336979419349999976e-01
3.118615835779999998e+03 9.320075616420000486e-01
3.119387976540000182e+03 9.327178968329999931e-01
3.120160117299999911e+03 9.316774795309999968e-01
3.120932258060000095e+03 9.312108090320000420e-01
3.121704398830000173e+03 9.336749083869999577e-01
3.122476539589999902e+03 9.328547758940000101e-01
3.123248680350000086e+03 9.337755829910000527e-01
3.124020821109999815e+03 9.306819724339999711e-01
3.124792961879999893e+03 9.277486184750000087e-01
3.125565102640000077e+03 9.301817576540000188e-01
3.126337243399999807e+03 9.277337340179999670e-01
3.127109384159999991e+03 9.258898748970000314e-01
3.127881524930000069e+03 9.250583449849999473e-01
3.128653665689999798e+03 9.274709178300000190e-01
3.129425806449999982e+03 9.291182832259999858e-01
3.130197947210000166e+03 9.281395167160000348e-01
3.130970087979999789e+03 9.293205724340000140e-01
3.131742228739999973e+03 9.295646792380000134e-01
3.132514369500000157e+03 9.279829658060000375e-01
3.133286510259999886e+03 9.267659828740000272e-01
3.134058651029999965e+03 9.259769083279999480e-01
3.134830791790000148e+03 9.256446851030000200e-01
3.135602932549999878e+03 9.243569384159999736e-01
3.136375073310000062e+03 9.237534438119999747e-01
3.137147214080000140e+03 9.207243053370000041e-01
3.137919354839999869e+03 9.203369548390000210e-01
3.138691495600000053e+03 9.214735622290000094e-01
3.139463636359999782e+03 9.225682563639999723e-01
3.140235777129999860e+03 9.224537075659999807e-01
3.141007917890000044e+03 9.223628469210000125e-01
3.141780058649999773e+03 9.244421056299999551e-01
3.142552199409999957e+03 9.274277696770000246e-01
3.143324340180000036e+03 9.268635951910000337e-01
3.144096480940000220e+03 9.254451310850000390e-01
3.144868621699999949e+03 9.246971528449999811e-01
3.145640762460000133e+03 9.255472418179999661e-01
3.146412903230000211e+03 9.240271070969999778e-01
3.147185043989999940e+03 9.233831210559999558e-01
3.147957184750000124e+03 9.213206290319999603e-01
3.148729325509999853e+03 9.179235310850000218e-01
3.149501466279999931e+03 9.203841301470000458e-01
3.150273607040000115e+03 9.220395103230000222e-01
3.151045747799999845e+03 9.230598137829999494e-01
3.151817888560000029e+03 9.240120039879999858e-01
3.152590029330000107e+03 9.238630172430000176e-01
3.153362170089999836e+03 9.251527411140000323e-01
3.154134310850000020e+03 9.257460097949999911e-01
3.154906451610000204e+03 9.246023083869999715e-01
3.155678592379999827e+03 9.236512020529999978e-01
3.156450733140000011e+03 9.237232427570000182e-01
3.157222873900000195e+03 9.262015121409999940e-01
3.157995014659999924e+03 9.295353765980000071e-01
3.158767155430000003e+03 9.305500842230000069e-01
3.159539296190000186e+03 9.320062869209999601e-01
3.160311436949999916e+03 9.312401131380000363e-01
3.161083577710000100e+03 9.285058751320000026e-01
3.161855718480000178e+03 9.258553665690000267e-01
3.162627859239999907e+03 9.240407651030000391e-01
3.163400000000000091e+03 9.238463799999999670e-01
3.164172140759999820e+03 9.235626624049999567e-01
3.164944281520000004e+03 9.218474500290000373e-01
3.165716422290000082e+03 9.231299297360000544e-01
3.166488563049999811e+03 9.243005378890000179e-01
3.167260703809999995e+03 9.242713481519999608e-01
3.168032844570000179e+03 9.246955597649999525e-01
3.168804985339999803e+03 9.235738565400000155e-01
3.169577126099999987e+03 9.211007452199999612e-01
3.170349266860000171e+03 9.204624300289999672e-01
3.171121407619999900e+03 9.196627150730000144e-01
3.171893548389999978e+03 9.196881987099999600e-01
3.172665689150000162e+03 9.183185594130000018e-01
3.173437829909999891e+03 9.165969008209999824e-01
3.174209970670000075e+03 9.175910601760000063e-01
3.174982111440000153e+03 9.199482144870000377e-01
3.175754252199999883e+03 9.243776811730000098e-01
3.176526392960000067e+03 9.264835769500000540e-01
3.177298533719999796e+03 9.264234808800000387e-01
3.178070674489999874e+03 9.274537091500000274e-01
3.178842815250000058e+03 9.300273944870000031e-01
3.179614956009999787e+03 9.292120588269999759e-01
3.180387096769999971e+03 9.270366619350000059e-01
3.181159237540000049e+03 9.259388273899999966e-01
3.181931378299999778e+03 9.267362459239999462e-01
3.182703519059999962e+03 9.292226046920000204e-01
3.183475659820000146e+03 9.286054998239999803e-01
3.184247800590000224e+03 9.268352821109999695e-01
3.185019941349999954e+03 9.248168638710000389e-01
3.185792082110000138e+03 9.228651775370000365e-01
3.186564222869999867e+03 9.196660893839999629e-01
3.187336363639999945e+03 9.147941236359999895e-01
3.188108504400000129e+03 9.113545856300000469e-01
3.188880645159999858e+03 9.127898780650000043e-01
3.189652785920000042e+03 9.137108049850000135e-01
3.190424926690000120e+03 9.166347114370000382e-01
3.191197067449999849e+03 9.201383650440000395e-01
3.191969208210000033e+03 9.216001419349999502e-01
3.192741348970000217e+03 9.204317951910000462e-01
3.193513489739999841e+03 9.201540439880000477e-01
3.194285630500000025e+03 9.184790454550000316e-01
3.195057771260000209e+03 9.195695065100000232e-01
3.195829912019999938e+03 9.174814835779999678e-01
3.196602052790000016e+03 9.147266775950000373e-01
3.197374193550000200e+03 9.186066245159999477e-01
3.198146334309999929e+03 9.185062354249999839e-01
3.198918475070000113e+03 9.173404846920000244e-01
3.199690615840000191e+03 9.181911283279999836e-01
3.200462756599999921e+03 9.178980767740000379e-01
3.201234897360000105e+03 9.204873402929999449e-01
3.202007038119999834e+03 9.202652990030000257e-01
3.202779178889999912e+03 9.197761419350000134e-01
3.203551319650000096e+03 9.237213297949999902e-01
3.204323460409999825e+03 9.225545082110000461e-01
3.205095601170000009e+03 9.217348729619999625e-01
3.205867741940000087e+03 9.203597406450000351e-01
3.206639882699999816e+03 9.199497253959999510e-01
3.207412023460000000e+03 9.217750124339999518e-01
3.208184164220000184e+03 9.224221431089999479e-01
3.208956304989999808e+03 9.194779965399999533e-01
3.209728445749999992e+03 9.201643007619999537e-01
3.210500586510000176e+03 9.201652684459999954e-01
3.211272727269999905e+03 9.213744109089999634e-01
3.212044868039999983e+03 9.221929187680000251e-01
3.212817008800000167e+03 9.211409629329999627e-01
3.213589149559999896e+03 9.225366260999999790e-01
3.214361290320000080e+03 9.265507296770000289e-01
3.215133431090000158e+03 9.280069677419999774e-01
3.215905571849999887e+03 9.287108787679999589e-01
3.216677712610000071e+03 9.276646469789999738e-01
3.217449853369999801e+03 9.288917397649999463e-01
3.218221994129999985e+03 9.301252607040000342e-01
3.218994134900000063e+03 9.288544841639999605e-01
3.219766275659999792e+03 9.267019723749999605e-01
3.220538416419999976e+03 9.252073824630000498e-01
3.221310557180000160e+03 9.246087466279999667e-01
3.222082697949999783e+03 9.241038019349999688e-01
3.222854838709999967e+03 9.230014625810000206e-01
3.223626979470000151e+03 9.210918597649999651e-01
3.224399120229999880e+03 9.221837679180000524e-01
3.225171260999999959e+03 9.228707711439999573e-01
3.225943401760000143e+03 9.226279445749999697e-01
3.226715542519999872e+03 9.220459720229999823e-01
3.227487683280000056e+03 9.225848925509999576e-01
3.228259824050000134e+03 9.211876285040000445e-01
3.229031964809999863e+03 9.199310282110000347e-01
3.229804105570000047e+03 9.185359009379999717e-01
3.230576246329999776e+03 9.189156637540000228e-01
3.231348387099999854e+03 9.190946974189999619e-01
3.232120527860000038e+03 9.172401493840000031e-01
3.232892668620000222e+03 9.153945899119999563e-01
3.233664809379999951e+03 9.172769457480000055e-01
3.234436950150000030e+03 9.186631508500000542e-01
3.235209090910000214e+03 9.189943927270000090e-01
3.235981231669999943e+03 9.148443828740000505e-01
3.236753372430000127e+03 9.147208290320000268e-01
3.237525513200000205e+03 9.192037910850000548e-01
3.238297653959999934e+03 9.194930459240000520e-01
3.239069794720000118e+03 9.181699864519999865e-01
3.239841935479999847e+03 9.188013825809999702e-01
3.240614076249999925e+03 9.195547716719999487e-01
3.241386217010000109e+03 9.218531240470000387e-01
3.242158357769999839e+03 9.172868295010000450e-01
3.242930498530000023e+03 9.154082307330000390e-01
3.243702639300000101e+03 9.164795781819999876e-01
3.244474780059999830e+03 9.165264415249999574e-01
3.245246920820000014e+03 9.167460513199999772e-01
3.246019061580000198e+03 9.149533301469999769e-01
3.246791202349999821e+03 9.148257526099999870e-01
3.247563343110000005e+03 9.172548999409999571e-01
3.248335483870000189e+03 9.164319496770000351e-01
3.249107624629999918e+03 9.129033771850000312e-01
3.249879765399999997e+03 9.103174792960000428e-01
3.250651906160000181e+03 9.117127891499999803e-01
3.251424046919999910e+03 9.127262401760000143e-01
3.252196187680000094e+03 9.137782375370000487e-01
3.252968328450000172e+03 9.130053808210000232e-01
3.253740469209999901e+03 9.153709473900000226e-01
3.254512609970000085e+03 9.200931770089999517e-01
3.255284750729999814e+03 9.228764266860000065e-01
3.256056891499999892e+03 9.219686941350000442e-01
3.256829032260000076e+03 9.227574245159999577e-01
3.257601173019999806e+03 9.224151531380000435e-01
3.258373313779999989e+03 9.231494612320000348e-01
3.259145454550000068e+03 9.222961872730000010e-01
3.259917595309999797e+03 9.192304300289999563e-01
3.260689736069999981e+03 9.194157822870000496e-01
3.261461876830000165e+03 9.187139744869999847e-01
3.262234017599999788e+03 9.182765541349999783e-01
3.263006158359999972e+03 9.176682717299999847e-01
3.263778299120000156e+03 9.188812789439999573e-01
3.264550439879999885e+03 9.178950458060000095e-01
3.265322580649999963e+03 9.147640264519999453e-01
3.266094721410000147e+03 9.159064344280000158e-01
3.266866862169999877e+03 9.175831384749999486e-01
3.267639002930000061e+03 9.162653259240000070e-01
3.268411143700000139e+03 9.113559459819999820e-01
3.269183284459999868e+03 9.101563581820000248e-01
3.269955425220000052e+03 9.152325252790000087e-01
3.270727565979999781e+03 9.180671321990000466e-01
3.271499706739999965e+03 9.178818522580000083e-01
3.272271847510000043e+03 9.198679270970000488e-01
3.273043988270000227e+03 9.228160365399999954e-01
3.273816129029999956e+03 9.243798574189999728e-01
3.274588269790000140e+03 9.223464595310000291e-01
3.275360410560000219e+03 9.178890873899999692e-01
3.276132551319999948e+03 9.168759768909999774e-01
3.276904692080000132e+03 9.141848251030000316e-01
3.277676832839999861e+03 9.106562926689999449e-01
3.278448973609999939e+03 9.099243884459999876e-01
3.279221114370000123e+03 9.094574536070000326e-01
3.279993255129999852e+03 9.094382851610000040e-01
3.280765395890000036e+03 9.057069780650000013e-01
3.281537536660000114e+03 9.024476696190000258e-01
3.282309677419999844e+03 9.039760419350000298e-01
3.283081818180000027e+03 9.075858927269999654e-01
3.283853958940000211e+03 9.090272617010000111e-01
3.284626099709999835e+03 9.115148334899999538e-01
3.285398240470000019e+03 9.154626210559999588e-01
3.286170381230000203e+03 9.210436978299999522e-01
3.286942521989999932e+03 9.229310072730000369e-01
3.287714662760000010e+03 9.209273954250000171e-01
3.288486803520000194e+03 9.191063221109999626e-01
3.289258944279999923e+03 9.183605961880000335e-01
3.290031085040000107e+03 9.182574071550000383e-01
3.290803225810000185e+03 9.183580974189999857e-01
3.291575366569999915e+03 9.204048973609999518e-01
3.292347507330000099e+03 9.204176090910000108e-01
3.293119648089999828e+03 9.191710389439999851e-01
3.293891788859999906e+03 9.185416819939999922e-01
3.294663929620000090e+03 9.192352985339999893e-01
3.295436070379999819e+03 9.198611828149999559e-01
3.296208211140000003e+03 9.187198826389999518e-01
3.296980351910000081e+03 9.177767520230000198e-01
3.297752492669999810e+03 9.184686163640000123e-01
3.298524633429999994e+03 9.199322046919999885e-01
3.299296774190000178e+03 9.181308419350000527e-01
3.300068914959999802e+03 9.160615747210000270e-01
3.300841055719999986e+03 9.130687042820000432e-01
3.301613196480000170e+03 9.093124495009999864e-01
3.302385337239999899e+03 9.045783618770000256e-01
3.303157478009999977e+03 9.017160290910000153e-01
3.303929618770000161e+03 9.001910875070000539e-01
3.304701759529999890e+03 9.010423444570000440e-01
3.305473900290000074e+03 9.019210370669999977e-01
3.306246041060000152e+03 9.051406177130000286e-01
3.307018181819999882e+03 9.103831472729999597e-01
3.307790322580000065e+03 9.171883032259999791e-01
3.308562463339999795e+03 9.208171493260000062e-01
3.309334604109999873e+03 9.213465407619999548e-01
3.310106744870000057e+03 9.214159016420000459e-01
3.310878885629999786e+03 9.183116845159999819e-01
3.311651026389999970e+03 9.159710398239999662e-01
3.312423167160000048e+03 9.124478829909999922e-01
3.313195307919999777e+03 9.111356330790000291e-01
3.313967448679999961e+03 9.092275580649999966e-01
3.314739589440000145e+03 9.070460556010000452e-01
3.315511730210000223e+03 9.088029141350000284e-01
3.316283870969999953e+03 9.104791122580000451e-01
3.317056011730000137e+03 9.106200602349999729e-01
3.317828152489999866e+03 9.114234686219999659e-01
3.318600293259999944e+03 9.118492341349999641e-01
3.319372434020000128e+03 9.136094050440000114e-01
3.320144574779999857e+03 9.162798330210000231e-01
3.320916715540000041e+03 9.157007422870000468e-01
3.321688856300000225e+03 9.144300440470000124e-01
3.322460997069999848e+03 9.145586417600000129e-01
3.323233137830000032e+03 9.154887016420000245e-01
3.324005278590000216e+03 9.134530588270000084e-01
3.324777419349999946e+03 9.113397193550000219e-01
3.325549560120000024e+03 9.071191694429999730e-01
3.326321700880000208e+03 9.068373142519999819e-01
3.327093841639999937e+03 9.077202992380000168e-01
3.327865982400000121e+03 9.054260381230000432e-01
3.328638123170000199e+03 9.044329809969999801e-01
3.329410263929999928e+03 9.021323175369999614e-01
3.330182404690000112e+03 9.034931976540000464e-01
3.330954545449999841e+03 9.071721745449999874e-01
3.331726686219999920e+03 9.061985529029999986e-01
3.332498826980000104e+03 9.055829300290000328e-01
3.333270967739999833e+03 9.060416625810000513e-01
3.334043108500000017e+03 9.087133186510000238e-01
3.334815249270000095e+03 9.096275773019999455e-01
3.335587390029999824e+03 9.070605907330000495e-01
3.336359530790000008e+03 9.048436590030000115e-01
3.337131671550000192e+03 9.051117268620000322e-01
3.337903812319999815e+03 9.043280194130000060e-01
3.338675953079999999e+03 9.051810129620000422e-01
3.339448093840000183e+03 9.051709167160000291e-01
3.340220234599999912e+03 9.058746753669999485e-01
3.340992375369999991e+03 9.087185010560000498e-01
3.341764516130000175e+03 9.116273270970000064e-01
3.342536656889999904e+03 9.122874252789999749e-01
3.343308797650000088e+03 9.124147601169999566e-01
3.344080938420000166e+03 9.114634747800000047e-01
3.344853079179999895e+03 9.131603204689999753e-01
3.345625219940000079e+03 9.109831348389999528e-01
3.346397360699999808e+03 9.068642590619999666e-01
3.347169501469999886e+03 9.054969827569999685e-01
3.347941642230000070e+03 9.046261548389999962e-01
3.348713782989999800e+03 9.051958875069999744e-01
3.349485923749999984e+03 9.046872920230000226e-01
3.350258064520000062e+03 9.052652206450000349e-01
3.351030205279999791e+03 9.065125748969999897e-01
3.351802346039999975e+03 9.080874619940000336e-01
3.352574486800000159e+03 9.080699622290000494e-01
3.353346627569999782e+03 9.086752546040000045e-01
3.354118768329999966e+03 9.091615889149999852e-01
3.354890909090000150e+03 9.113879036359999741e-01
3.355663049849999879e+03 9.124408133720000036e-01
3.356435190619999958e+03 9.114460638119999958e-01
3.357207331380000142e+03 9.114243111440000211e-01
3.357979472139999871e+03 9.113116207620000075e-01
3.358751612900000055e+03 9.105034148389999915e-01
3.359523753670000133e+03 9.079504328449999884e-01
3.360295894429999862e+03 9.051342315539999683e-01
3.361068035190000046e+03 9.047073319649999723e-01
3.361840175949999775e+03 9.061408817010000449e-01
3.362612316719999853e+03 9.061517540760000156e-01
3.363384457480000037e+03 9.062678072730000478e-01
3.364156598240000221e+03 9.074647236949999751e-01
3.364928738999999950e+03 9.108090214659999573e-01
3.365700879770000029e+03 9.115487900880000494e-01
3.366473020530000213e+03 9.126571025809999682e-01
3.367245161289999942e+03 9.160321296769999844e-01
3.368017302050000126e+03 9.179256511440000432e-01
3.368789442820000204e+03 9.186891082700000544e-01
3.369561583579999933e+03 9.169217212319999977e-01
3.370333724340000117e+03 9.176037785339999919e-01
3.371105865099999846e+03 9.170314361289999550e-01
3.371878005869999924e+03 9.143826012900000411e-01
3.372650146630000108e+03 9.127940468040000033e-01
3.373422287389999838e+03 9.100505896189999833e-01
3.374194428150000022e+03 9.060383347210000382e-01
3.374966568910000206e+03 9.047917214080000159e-01
3.375738709679999829e+03 9.034977974190000483e-01
3.376510850440000013e+03 9.020060707920000143e-01
3.377282991200000197e+03 9.000471939590000137e-01
3.378055131959999926e+03 9.016400323750000112e-01
3.378827272730000004e+03 9.063304272729999500e-01
3.379599413490000188e+03 9.083363889150000148e-01
3.380371554249999917e+03 9.114530083870000521e-01
3.381143695010000101e+03 9.144841625220000436e-01
3.381915835780000180e+03 9.172256516129999593e-01
3.382687976539999909e+03 9.173491071549999543e-01
3.383460117300000093e+03 9.157876236359999700e-01
3.384232258059999822e+03 9.141774619350000464e-01
3.385004398829999900e+03 9.104674039879999681e-01
3.385776539590000084e+03 9.079318310259999469e-01
3.386548680349999813e+03 9.056234685630000225e-01
3.387320821109999997e+03 9.053058000589999654e-01
3.388092961880000075e+03 9.072423297360000527e-01
3.388865102639999805e+03 9.045908843990000392e-01
3.389637243399999988e+03 9.065809712610000126e-01
3.390409384160000172e+03 9.097269721990000058e-01
3.391181524929999796e+03 9.120367818769999912e-01
3.391953665689999980e+03 9.120577356600000352e-01
3.392725806450000164e+03 9.090430761290000383e-01
3.393497947209999893e+03 9.100364035779999750e-01
3.394270087979999971e+03 9.099109702050000026e-01
3.395042228740000155e+03 9.076027835190000337e-01
3.395814369499999884e+03 9.072478948390000353e-01
3.396586510260000068e+03 9.041501214079999960e-01
3.397358651030000146e+03 9.040095483869999837e-01
3.398130791789999876e+03 9.015125795889999960e-01
3.398902932550000060e+03 9.005384549560000451e-01
3.399675073309999789e+03 9.006185770090000542e-01
3.400447214079999867e+03 9.001125338419999622e-01
3.401219354840000051e+03 8.988286896770000256e-01
3.401991495599999780e+03 8.989149704400000163e-01
3.402763636359999964e+03 8.990129018179999765e-01
3.403535777130000042e+03 9.029669282700000243e-01
3.404307917890000226e+03 9.054017362459999552e-01
3.405080058649999955e+03 9.068254309090000298e-01
3.405852199410000139e+03 9.071338727269999680e-01
3.406624340180000218e+03 9.098636844570000548e-01
3.407396480939999947e+03 9.122380529029999741e-01
3.408168621700000131e+03 9.112627424629999862e-01
3.408940762459999860e+03 9.073845781229999963e-01
3.409712903229999938e+03 9.047790238709999544e-01
3.410485043990000122e+03 9.037062567160000226e-01
3.411257184749999851e+03 9.054573062170000464e-01
3.412029325510000035e+03 9.056370706740000109e-01
3.412801466280000113e+03 9.081425826390000511e-01
3.413573607039999843e+03 9.080085342520000102e-01
3.414345747800000026e+03 9.078508447509999746e-01
3.415117888560000210e+03 9.095190644570000371e-01
3.415890029329999834e+03 9.081791861579999736e-01
3.416662170090000018e+03 9.082333376540000502e-01
3.417434310850000202e+03 9.085057839300000326e-01
3.418206451609999931e+03 9.083828464519999590e-01
3.418978592380000009e+03 9.107197469209999952e-01
3.419750733140000193e+03 9.091190523169999649e-01
3.420522873899999922e+03 9.075970165400000234e-01
3.421295014660000106e+03 9.037201397070000475e-01
3.422067155430000184e+03 9.015430574780000095e-01
3.422839296189999914e+03 9.008287371850000058e-01
3.423611436950000098e+03 8.987008253370000199e-01
3.424383577709999827e+03 8.976647517300000434e-01
3.425155718479999905e+03 8.961251397649999673e-01
3.425927859240000089e+03 8.970932993550000401e-01
3.426699999999999818e+03 8.983773999999999926e-01
3.427472140760000002e+03 8.961535917299999765e-01
3.428244281520000186e+03 8.933897882700000403e-01
3.429016422289999809e+03 8.929755548969999790e-01
3.429788563049999993e+03 8.931629769500000204e-01
3.430560703810000177e+03 8.942780757179999984e-01
3.431332844569999907e+03 8.951226244569999713e-01
3.432104985339999985e+03 8.934177820530000425e-01
3.432877126100000169e+03 8.928729592959999684e-01
3.433649266859999898e+03 8.942165567159999773e-01
3.434421407620000082e+03 8.941892000590000444e-01
3.435193548390000160e+03 8.939386032260000503e-01
3.435965689149999889e+03 8.904617222289999967e-01
3.436737829910000073e+03 8.862253770669999975e-01
3.437509970669999802e+03 8.891924651610000341e-01
3.438282111439999881e+03 8.904646775950000315e-01
3.439054252200000064e+03 8.898927300290000453e-01
3.439826392959999794e+03 8.914646168909999835e-01
3.440598533719999978e+03 8.936750093259999694e-01
3.441370674490000056e+03 8.942686410560000132e-01
3.442142815249999785e+03 8.939335384750000113e-01
3.442914956009999969e+03 8.878495228739999856e-01
3.443687096770000153e+03 8.889300438710000529e-01
3.444459237539999776e+03 8.913779791200000524e-01
3.445231378299999960e+03 8.931119400000000486e-01
3.446003519060000144e+03 8.995142583580000295e-01
3.446775659819999873e+03 9.029229127269999822e-01
3.447547800589999952e+03 9.082802462169999869e-01
3.448319941350000136e+03 9.118129819939999603e-01
3.449092082109999865e+03 9.088313943700000452e-01
3.449864222870000049e+03 9.026084935479999904e-01
3.450636363640000127e+03 8.964757527269999748e-01
3.451408504399999856e+03 8.912980704990000058e-01
3.452180645160000040e+03 8.908321038709999806e-01
3.452952785920000224e+03 8.911408395309999841e-01
3.453724926689999847e+03 8.896290909089999976e-01
3.454497067450000031e+03 8.899209987099999664e-01
3.455269208210000215e+03 8.911738583580000039e-01
3.456041348969999945e+03 8.928255478009999857e-01
3.456813489740000023e+03 8.947718818769999638e-01
3.457585630500000207e+03 8.918490680939999971e-01
3.458357771259999936e+03 8.907498510260000169e-01
3.459129912020000120e+03 8.921869541350000432e-01
3.459902052790000198e+03 8.930880767740000392e-01
3.460674193549999927e+03 8.929564948389999701e-01
3.461446334310000111e+03 8.918891522580000286e-01
3.462218475069999840e+03 8.935682520230000536e-01
3.462990615839999919e+03 8.973394582989999702e-01
3.463762756600000102e+03 9.010138104399999515e-01
3.464534897359999832e+03 9.033284694430000483e-01
3.465307038120000016e+03 9.052172708500000331e-01
3.466079178890000094e+03 9.061144224630000021e-01
3.466851319649999823e+03 9.060182527860000112e-01
3.467623460410000007e+03 9.008227278589999720e-01
3.468395601170000191e+03 8.983361542519999743e-01
3.469167741939999814e+03 8.980803335479999872e-01
3.469939882699999998e+03 8.954252570089999974e-01
3.470712023460000182e+03 8.951275499120000534e-01
3.471484164219999911e+03 8.904950348969999929e-01
3.472256304989999990e+03 8.909476207040000206e-01
3.473028445750000174e+03 8.889766668040000042e-01
3.473800586509999903e+03 8.854179306160000484e-01
3.474572727270000087e+03 8.874873654549999547e-01
3.475344868040000165e+03 8.887006662759999731e-01
3.476117008799999894e+03 8.910425129029999614e-01
3.476889149560000078e+03 8.919047947799999543e-01
3.477661290319999807e+03 8.925028045159999479e-01
3.478433431089999885e+03 8.956028658060000147e-01
3.479205571850000069e+03 8.955080085040000304e-01
3.479977712609999799e+03 8.921316097360000308e-01
3.480749853369999983e+03 8.894804333720000011e-01
3.481521994130000166e+03 8.906542319650000428e-01
3.482294134899999790e+03 8.924250448089999788e-01
3.483066275659999974e+03 8.936023402349999589e-01
3.483838416420000158e+03 8.953014019939999901e-01
3.484610557179999887e+03 8.960415603519999994e-01
3.485382697949999965e+03 8.975155395889999888e-01
3.486154838710000149e+03 8.973928683870000533e-01
3.486926979469999878e+03 8.960798224049999483e-01
3.487699120230000062e+03 8.961618356010000452e-01
3.488471261000000140e+03 8.931492763639999888e-01
3.489243401759999870e+03 8.933407490910000304e-01
3.490015542520000054e+03 8.975647621110000030e-01
3.490787683279999783e+03 8.996128691500000496e-01
3.491559824049999861e+03 9.016086465099999447e-01
3.492331964810000045e+03 8.999465544870000056e-01
3.493104105569999774e+03 9.029699797069999923e-01
3.493876246329999958e+03 9.091260252199999670e-01
3.494648387100000036e+03 9.072069877420000372e-01
3.495420527860000220e+03 9.065202114960000390e-01
3.496192668619999949e+03 9.068352151320000498e-01
3.496964809380000133e+03 9.089239317889999947e-01
3.497736950150000212e+03 9.100167580060000150e-01
3.498509090909999941e+03 9.047121509090000346e-01
3.499281231670000125e+03 9.001628898529999701e-01
3.500053372429999854e+03 8.999813055719999566e-01
3.500825513199999932e+03 8.978664745450000151e-01
3.501597653960000116e+03 8.939530703229999764e-01
3.502369794719999845e+03 8.906862777709999568e-01
3.503141935480000029e+03 8.900834303229999689e-01
3.503914076250000107e+03 8.893376506739999465e-01
3.504686217009999837e+03 8.886840277419999490e-01
3.505458357770000021e+03 8.906260480350000064e-01
3.506230498530000204e+03 8.919406080939999981e-01
3.507002639299999828e+03 8.939682931379999697e-01
3.507774780060000012e+03 8.957163764219999713e-01
3.508546920820000196e+03 8.980275687390000261e-01
3.509319061579999925e+03 8.981400921990000397e-01
3.510091202350000003e+03 8.959581099710000052e-01
3.510863343110000187e+03 8.929014276829999597e-01
3.511635483869999916e+03 8.927186896769999658e-01
3.512407624630000100e+03 8.908856329030000465e-01
3.513179765400000178e+03 8.885456341940000113e-01
3.513951906159999908e+03 8.898238261580000419e-01
3.514724046920000092e+03 8.887498272139999766e-01
3.515496187679999821e+03 8.888617792959999653e-01
3.516268328449999899e+03 8.895776904400000129e-01
3.517040469210000083e+03 8.926421994130000481e-01
3.517812609969999812e+03 8.947334038119999500e-01
3.518584750729999996e+03 8.952115693840000388e-01
3.519356891500000074e+03 8.918510751320000152e-01
3.520129032259999804e+03 8.906838761290000184e-01
3.520901173019999987e+03 8.905989832840000009e-01
3.521673313780000171e+03 8.897768535479999574e-01
3.522445454549999795e+03 8.886302418179999885e-01
3.523217595309999979e+03 8.866108817600000247e-01
3.523989736070000163e+03 8.846917213489999821e-01
3.524761876829999892e+03 8.903730025810000503e-01
3.525534017599999970e+03 8.931634451609999914e-01
3.526306158360000154e+03 8.943945979470000474e-01
3.527078299119999883e+03 8.955982880939999946e-01
3.527850439880000067e+03 8.977867991200000342e-01
3.528622580650000145e+03 9.010504309679999713e-01
3.529394721409999875e+03 8.993012463930000200e-01
3.530166862170000059e+03 8.978756097950000292e-01
3.530939002929999788e+03 8.943755104399999656e-01
3.531711143699999866e+03 8.938831224050000079e-01
3.532483284460000050e+03 8.891578950149999772e-01
3.533255425219999779e+03 8.881926698530000497e-01
3.534027565979999963e+03 8.892647152489999707e-01
3.534799706740000147e+03 8.917253563639999658e-01
3.535571847510000225e+03 8.900815449269999791e-01
3.536343988269999954e+03 8.881003579470000409e-01
3.537116129030000138e+03 8.862121154840000292e-01
3.537888269789999867e+03 8.870263249269999539e-01
3.538660410559999946e+03 8.868875438709999948e-01
3.539432551320000130e+03 8.867477031670000232e-01
3.540204692079999859e+03 8.870848245750000416e-01
3.540976832840000043e+03 8.864530043399999615e-01
3.541748973610000121e+03 8.884788414080000418e-01
3.542521114369999850e+03 8.884239547209999976e-01
3.543293255130000034e+03 8.890465153669999676e-01
3.544065395890000218e+03 8.882832593549999656e-01
3.544837536659999842e+03 8.865712197070000355e-01
3.545609677420000025e+03 8.849497374189999599e-01
3.546381818180000209e+03 8.886829545450000145e-01
3.547153958939999939e+03 8.891026842229999838e-01
3.547926099710000017e+03 8.889298137240000397e-01
3.548698240470000201e+03 8.893107258650000402e-01
3.549470381229999930e+03 8.903663893259999851e-01
3.550242521990000114e+03 8.931302754250000087e-01
3.551014662760000192e+03 8.942661401760000350e-01
3.551786803519999921e+03 8.914595426389999577e-01
3.552558944280000105e+03 8.914369568909999986e-01
3.553331085039999834e+03 8.892823919650000297e-01
3.554103225809999913e+03 8.834946225809999776e-01
3.554875366570000097e+03 8.799946540759999714e-01
3.555647507329999826e+03 8.765305574189999893e-01
3.556419648090000010e+03 8.792489847509999956e-01
3.557191788860000088e+03 8.800476265100000139e-01
3.557963929619999817e+03 8.788347924930000055e-01
3.558736070380000001e+03 8.810493721409999868e-01
3.559508211140000185e+03 8.872784492080000307e-01
3.560280351909999808e+03 8.935233133140000339e-01
3.561052492669999992e+03 8.938321214659999958e-01
3.561824633430000176e+03 8.940435391790000352e-01
3.562596774189999906e+03 8.957682999999999618e-01
3.563368914959999984e+03 8.971316548390000367e-01
3.564141055720000168e+03 8.914298026979999845e-01
3.564913196479999897e+03 8.878623352490000453e-01
3.565685337240000081e+03 8.866323775369999716e-01
3.566457478010000159e+03 8.867763038120000108e-01
3.567229618769999888e+03 8.874971123749999524e-01
3.568001759530000072e+03 8.878244658649999677e-01
3.568773900289999801e+03 8.897825801169999549e-01
3.569546041059999880e+03 8.922053527859999944e-01
3.570318181820000063e+03 8.909998963640000103e-01
3.571090322579999793e+03 8.879682270969999625e-01
3.571862463339999977e+03 8.859370365980000495e-01
3.572634604110000055e+03 8.828169629909999871e-01
3.573406744869999784e+03 8.832348459240000338e-01
3.574178885629999968e+03 8.864046975370000192e-01
3.574951026390000152e+03 8.871487855720000537e-01
3.575723167159999775e+03 8.898376639299999669e-01
3.576495307919999959e+03 8.919106144870000419e-01
3.577267448680000143e+03 8.890635473900000418e-01
3.578039589439999872e+03 8.894851263340000092e-01
3.578811730209999951e+03 8.876576061580000454e-01
3.579583870970000135e+03 8.870981612899999647e-01
3.580356011729999864e+03 8.902100656300000470e-01
3.581128152490000048e+03 8.917635775950000232e-01
3.581900293260000126e+03 8.943113050440000267e-01
3.582672434019999855e+03 8.984872557180000330e-01
3.583444574780000039e+03 8.999098337240000189e-01
3.584216715540000223e+03 9.010104834600000112e-01
3.584988856299999952e+03 8.993073081519999956e-01
3.585760997070000030e+03 8.970292804689999899e-01
3.586533137830000214e+03 8.949308946039999935e-01
3.587305278589999944e+03 8.922649795889999735e-01
3.588077419350000127e+03 8.884144941939999818e-01
3.588849560120000206e+03 8.887729835190000260e-01
3.589621700879999935e+03 8.876051952489999453e-01
3.590393841640000119e+03 8.892178222290000322e-01
3.591165982399999848e+03 8.900587659819999553e-01
3.591938123169999926e+03 8.894182222290000217e-01
3.592710263930000110e+03 8.904697871550000254e-01
3.593482404689999839e+03 8.908095844569999811e-01
3.594254545450000023e+03 8.889356163639999808e-01
3.595026686220000101e+03 8.871160956600000480e-01
3.595798826979999831e+03 8.856317454550000079e-01
3.596570967740000015e+03 8.857422780650000549e-01
3.597343108500000199e+03 8.861688751320000446e-01
3.598115249269999822e+03 8.843836868040000354e-01
3.598887390030000006e+03 8.826828874490000310e-01
3.599659530790000190e+03 8.825298713200000478e-01
3.600431671549999919e+03 8.828186866280000045e-01
3.601203812319999997e+03 8.829506714370000120e-01
3.601975953080000181e+03 8.853634647510000288e-01
3.602748093839999910e+03 8.885195348390000358e-01
3.603520234600000094e+03 8.936600540179999719e-01
3.604292375370000173e+03 8.958799702049999869e-01
3.605064516129999902e+03 8.957872941940000500e-01
3.605836656890000086e+03 8.972870467450000387e-01
3.606608797649999815e+03 8.959508252200000245e-01
3.607380938419999893e+03 8.943083128450000086e-01
3.608153079180000077e+03 8.927270051610000090e-01
3.608925219939999806e+03 8.896782290910000279e-01
3.609697360699999990e+03 8.889225566570000403e-01
3.610469501470000068e+03 8.851317869210000300e-01
3.611241642229999798e+03 8.814182333140000436e-01
3.612013782989999982e+03 8.815933355430000118e-01
3.612785923750000165e+03 8.826092009379999936e-01
3.613558064519999789e+03 8.841113658060000269e-01
3.614330205279999973e+03 8.863982475660000526e-01
3.615102346040000157e+03 8.861307592960000479e-01
3.615874486799999886e+03 8.898750710260000529e-01
3.616646627569999964e+03 8.895323217599999666e-01
3.617418768330000148e+03 8.867321726689999517e-01
3.618190909089999877e+03 8.856547290909999592e-01
3.618963049850000061e+03 8.850970036359999682e-01
3.619735190620000139e+03 8.855145956600000146e-01
3.620507331379999869e+03 8.861055897359999545e-01
3.621279472140000053e+03 8.837465931960000187e-01
3.622051612899999782e+03 8.869965361289999795e-01
3.622823753669999860e+03 8.844149870380000333e-01
3.623595894430000044e+03 8.826111563640000046e-01
3.624368035189999773e+03 8.809191049850000343e-01
3.625140175949999957e+03 8.776351398830000150e-01
3.625912316720000035e+03 8.780240438709999706e-01
3.626684457480000219e+03 8.778834235189999502e-01
3.627456598239999948e+03 8.774734655129999839e-01
3.628228739000000132e+03 8.793809853959999590e-01
3.629000879770000211e+03 8.788734128449999794e-01
3.629773020529999940e+03 8.784532173019999890e-01
3.630545161290000124e+03 8.780138277419999859e-01
3.631317302049999853e+03 8.776787360700000207e-01
3.632089442819999931e+03 8.772939883870000122e-01
3.632861583580000115e+03 8.785075301470000042e-01
3.633633724339999844e+03 8.763200464520000121e-01
3.634405865100000028e+03 8.740797843990000260e-01
3.635178005870000106e+03 8.749441167739999692e-01
3.635950146629999836e+03 8.773090904989999661e-01
3.636722287390000020e+03 8.771138506160000015e-01
3.637494428150000203e+03 8.773266350730000163e-01
3.638266568909999933e+03 8.745211464519999645e-01
3.639038709680000011e+03 8.808986477419999961e-01
3.639810850440000195e+03 8.861616938420000533e-01
3.640582991199999924e+03 8.867635221699999848e-01
3.641355131960000108e+03 8.853370654550000163e-01
3.642127272730000186e+03 8.828931818180000279e-01
3.642899413489999915e+03 8.857993946629999504e-01
3.643671554250000099e+03 8.832593165980000549e-01
3.644443695009999828e+03 8.797533283280000171e-01
3.645215835779999907e+03 8.892124982400000377e-01
3.645987976540000091e+03 9.066613487979999775e-01
3.646760117299999820e+03 9.255272232260000065e-01
3.647532258060000004e+03 9.432159825810000342e-01
3.648304398830000082e+03 9.620545615250000182e-01
3.649076539589999811e+03 9.827617414660000383e-01
3.649848680349999995e+03 9.939832558360000014e-01
3.650620821110000179e+03 9.959067504990000153e-01
3.651392961879999802e+03 9.968968375369999801e-01
3.652165102639999986e+03 9.976371034019999584e-01
3.652937243400000170e+03 9.983015541940000181e-01
3.653709384159999900e+03 9.988952953669999468e-01
3.654481524929999978e+03 9.994265299119999835e-01
3.655253665690000162e+03 9.999044568910000486e-01
3.656025806449999891e+03 9.999923380649999860e-01
3.656797947210000075e+03 9.999949934309999566e-01
3.657570087980000153e+03 9.999967521410000337e-01
3.658342228739999882e+03 9.999979191200000228e-01
3.659114369500000066e+03 9.999989372430000412e-01
3.659886510259999795e+03 9.999998265099999673e-01
3.660658651029999874e+03 9.999999917299999819e-01
3.661430791790000058e+03 1.000000000000000000e+00
3.662202932549999787e+03 1.000000000000000000e+00
3.662975073309999971e+03 1.000000000000000000e+00
3.663747214080000049e+03 1.000000000000000000e+00
3.664519354839999778e+03 1.000000000000000000e+00
3.665291495599999962e+03 1.000000000000000000e+00
3.666063636360000146e+03 1.000000000000000000e+00
3.666835777130000224e+03 1.000000000000000000e+00
3.667607917889999953e+03 1.000000000000000000e+00
3.668380058650000137e+03 1.000000000000000000e+00
3.669152199409999866e+03 1.000000000000000000e+00
3.669924340179999945e+03 1.000000000000000000e+00
3.670696480940000129e+03 1.000000000000000000e+00
3.671468621699999858e+03 1.000000000000000000e+00
3.672240762460000042e+03 1.000000000000000000e+00
3.673012903230000120e+03 1.000000000000000000e+00
3.673785043989999849e+03 1.000000000000000000e+00
3.674557184750000033e+03 1.000000000000000000e+00
3.675329325510000217e+03 1.000000000000000000e+00
3.676101466279999840e+03 1.000000000000000000e+00
3.676873607040000024e+03 1.000000000000000000e+00
3.677645747800000208e+03 1.000000000000000000e+00
3.678417888559999938e+03 1.000000000000000000e+00
3.679190029330000016e+03 1.000000000000000000e+00
3.679962170090000200e+03 1.000000000000000000e+00
3.680734310849999929e+03 1.000000000000000000e+00
3.681506451610000113e+03 1.000000000000000000e+00
3.682278592380000191e+03 1.000000000000000000e+00
3.683050733139999920e+03 1.000000000000000000e+00
3.683822873900000104e+03 1.000000000000000000e+00
3.684595014659999833e+03 1.000000000000000000e+00
3.685367155429999912e+03 1.000000000000000000e+00
3.686139296190000096e+03 1.000000000000000000e+00
3.686911436949999825e+03 1.000000000000000000e+00
3.687683577710000009e+03 1.000000000000000000e+00
3.688455718480000087e+03 1.000000000000000000e+00
3.689227859239999816e+03 1.000000000000000000e+00
3.690000000000000000e+03 1.000000000000000000e+00
