# Wavelength (Angstroms)     Mean
2.880099999999999909e+03 9.575582000000000260e-01
2.880280742909999844e+03 9.571678325900000450e-01
2.880461485830000129e+03 9.564022126490000497e-01
2.880642228740000064e+03 9.552683887389999962e-01
2.880822971649999999e+03 9.542139745450000099e-01
2.881003714569999829e+03 9.532794696969999482e-01
2.881184457480000219e+03 9.524177788269999612e-01
2.881365200390000155e+03 9.515967326099999957e-01
2.881545943300000090e+03 9.510076278979999742e-01
2.881726686219999920e+03 9.505519654549999808e-01
2.881907429129999855e+03 9.500713057090000024e-01
2.882088172039999790e+03 9.495422027959999900e-01
2.882268914960000075e+03 9.489262031089999994e-01
2.882449657870000010e+03 9.482169599409999705e-01
2.882630400779999945e+03 9.476640858849999516e-01
2.882811143699999775e+03 9.473512110259999508e-01
2.882991886610000165e+03 9.470900894620000177e-01
2.883172629520000100e+03 9.467196187880000391e-01
2.883353372430000036e+03 9.465360649270000426e-01
2.883534115349999865e+03 9.465798127269999807e-01
2.883714858259999801e+03 9.466272484650000152e-01
2.883895601170000191e+03 9.467559887980000477e-01
2.884076344090000021e+03 9.469624918279999637e-01
2.884257086999999956e+03 9.471798868620000533e-01
2.884437829909999891e+03 9.473338656299999938e-01
2.884618572830000176e+03 9.475161471359999643e-01
2.884799315740000111e+03 9.475289438120000352e-01
2.884980058650000046e+03 9.475268131380000236e-01
2.885160801559999982e+03 9.475989049270000519e-01
2.885341544479999811e+03 9.476166689539999854e-01
2.885522287390000201e+03 9.475678883870000124e-01
2.885703030300000137e+03 9.474420424239999861e-01
2.885883773219999966e+03 9.470602011530000475e-01
2.886064516129999902e+03 9.464449238709999879e-01
2.886245259039999837e+03 9.458356416419999579e-01
2.886426001960000121e+03 9.452923242620000499e-01
2.886606744870000057e+03 9.447971902049999704e-01
2.886787487779999992e+03 9.442575691500000312e-01
2.886968230689999928e+03 9.437503518480000464e-01
2.887148973610000212e+03 9.431508852790000397e-01
2.887329716520000147e+03 9.426572825019999824e-01
2.887510459430000083e+03 9.423684792380000452e-01
2.887691202349999912e+03 9.419872052790000394e-01
2.887871945259999848e+03 9.415926688560000146e-01
2.888052688169999783e+03 9.413973462369999989e-01
2.888233431090000067e+03 9.411952571260000511e-01
2.888414174000000003e+03 9.406200470579999529e-01
2.888594916909999938e+03 9.399370935869999499e-01
2.888775659819999873e+03 9.393598769500000056e-01
2.888956402740000158e+03 9.387657908309999799e-01
2.889137145650000093e+03 9.383716356400000347e-01
2.889317888560000029e+03 9.384170872729999946e-01
2.889498631479999858e+03 9.387400357770000481e-01
2.889679374389999793e+03 9.388216217200000546e-01
2.889860117300000184e+03 9.384865483280000475e-01
2.890040860220000013e+03 9.378724017199999707e-01
2.890221603129999949e+03 9.373225441839999617e-01
2.890402346039999884e+03 9.369281234020000459e-01
2.890583088949999819e+03 9.369434894620000120e-01
2.890763831870000104e+03 9.372486206260000063e-01
2.890944574780000039e+03 9.379921270379999454e-01
2.891125317689999974e+03 9.389667866859999767e-01
2.891306060609999804e+03 9.399959230300000135e-01
2.891486803520000194e+03 9.409668734899999665e-01
2.891667546430000129e+03 9.417243617010000456e-01
2.891848289349999959e+03 9.422712609969999820e-01
2.892029032259999894e+03 9.427917109679999630e-01
2.892209775169999830e+03 9.433526103420000197e-01
2.892390518080000220e+03 9.440566378100000433e-01
2.892571261000000050e+03 9.447094507919999717e-01
2.892752003909999985e+03 9.452590829520000071e-01
2.892932746819999920e+03 9.458308100290000464e-01
2.893113489740000205e+03 9.462622622870000555e-01
2.893294232650000140e+03 9.466298839690000522e-01
2.893474975560000075e+03 9.472274998240000077e-01
2.893655718479999905e+03 9.478736804690000017e-01
2.893836461389999840e+03 9.487123076440000524e-01
2.894017204299999776e+03 9.495820073120000426e-01
2.894197947210000166e+03 9.501064039300000097e-01
2.894378690129999995e+03 9.502967045160000126e-01
2.894559433039999931e+03 9.502259578299999676e-01
2.894740175949999866e+03 9.500210241640000275e-01
2.894920918870000150e+03 9.499366149360000122e-01
2.895101661780000086e+03 9.498489556400000478e-01
2.895282404690000021e+03 9.498596432260000277e-01
2.895463147609999851e+03 9.499429869600000131e-01
2.895643890519999786e+03 9.499306387289999654e-01
2.895824633430000176e+03 9.497420633430000425e-01
2.896005376340000112e+03 9.494231262369999813e-01
2.896186119259999941e+03 9.492171041450000457e-01
2.896366862169999877e+03 9.489104660999999608e-01
2.896547605079999812e+03 9.483873998440000008e-01
2.896728348000000096e+03 9.478525347409999524e-01
2.896909090910000032e+03 9.472595781820000171e-01
2.897089833819999967e+03 9.468330917299999649e-01
2.897270576739999797e+03 9.465644541940000378e-01
2.897451319650000187e+03 9.461077675660000130e-01
2.897632062560000122e+03 9.455116753079999548e-01
2.897812805470000058e+03 9.448615605869999934e-01
2.897993548389999887e+03 9.440326535480000336e-01
2.898174291299999823e+03 9.434495794720000328e-01
2.898355034210000213e+03 9.430672809579999649e-01
2.898535777130000042e+03 9.427745611140000426e-01
2.898716520039999978e+03 9.425949527079999779e-01
2.898897262949999913e+03 9.422729784359999972e-01
2.899078005870000197e+03 9.419165243399999499e-01
2.899258748780000133e+03 9.417527639489999824e-01
2.899439491690000068e+03 9.414787210559999453e-01
2.899620234600000003e+03 9.411536269210000194e-01
2.899800977519999833e+03 9.411146758159999459e-01
2.899981720430000223e+03 9.413627184949999727e-01
2.900162463340000158e+03 9.416142649850000046e-01
2.900343206259999988e+03 9.418558387680000532e-01
2.900523949169999923e+03 9.422412154449999466e-01
2.900704692079999859e+03 9.426178187100000549e-01
2.900885435000000143e+03 9.427815774390000403e-01
2.901066177910000079e+03 9.427095788070000149e-01
2.901246920820000014e+03 9.425655558940000400e-01
2.901427663729999949e+03 9.426143732159999455e-01
2.901608406649999779e+03 9.429826452980000218e-01
2.901789149560000169e+03 9.435476808210000454e-01
2.901969892470000104e+03 9.440069326879999556e-01
2.902150635389999934e+03 9.441732999020000516e-01
2.902331378299999869e+03 9.442074052790000449e-01
2.902512121209999805e+03 9.442689969699999963e-01
2.902692864130000089e+03 9.443538787290000069e-01
2.902873607040000024e+03 9.447347844569999875e-01
2.903054349949999960e+03 9.452014093449999654e-01
2.903235092859999895e+03 9.455312591790000498e-01
2.903415835780000180e+03 9.456625496770000305e-01
2.903596578690000115e+03 9.455723774580000462e-01
2.903777321600000050e+03 9.457019789639999896e-01
2.903958064519999880e+03 9.460633219349999790e-01
2.904138807429999815e+03 9.464164434020000405e-01
2.904319550340000205e+03 9.465616739200000129e-01
2.904500293260000035e+03 9.467727969500000507e-01
2.904681036169999970e+03 9.468834195109999685e-01
2.904861779079999906e+03 9.467271944670000439e-01
2.905042521989999841e+03 9.463539660999999992e-01
2.905223264910000125e+03 9.459991700680000504e-01
2.905404007820000061e+03 9.456939916519999656e-01
2.905584750729999996e+03 9.451385971260000129e-01
2.905765493649999826e+03 9.445333687779999821e-01
2.905946236560000216e+03 9.439666501079999605e-01
2.906126979470000151e+03 9.434235328450000235e-01
2.906307722389999981e+03 9.428542382800000343e-01
2.906488465299999916e+03 9.421495085629999489e-01
2.906669208209999852e+03 9.414150923749999844e-01
2.906849951119999787e+03 9.409667440660000048e-01
2.907030694040000071e+03 9.410835912810000536e-01
2.907211436950000007e+03 9.413098476250000290e-01
2.907392179859999942e+03 9.415544069789999471e-01
2.907572922780000226e+03 9.420923080940000194e-01
2.907753665690000162e+03 9.427708152489999716e-01
2.907934408600000097e+03 9.433009707530000121e-01
2.908115151519999927e+03 9.437901218180000384e-01
2.908295894429999862e+03 9.441218802349999883e-01
2.908476637339999797e+03 9.442044173019999986e-01
2.908657380250000188e+03 9.440890874489999973e-01
2.908838123170000017e+03 9.439207643989999674e-01
2.909018866079999952e+03 9.436965176149999524e-01
2.909199608989999888e+03 9.436267939389999526e-01
2.909380351910000172e+03 9.436271201170000067e-01
2.909561094820000108e+03 9.438559912999999746e-01
2.909741837730000043e+03 9.442149771650000245e-01
2.909922580649999873e+03 9.446632038710000012e-01
2.910103323559999808e+03 9.450072819749999464e-01
2.910284066470000198e+03 9.448876520229999576e-01
2.910464809380000133e+03 9.445807429910000330e-01
2.910645552299999963e+03 9.443217919259999649e-01
2.910826295209999898e+03 9.440728444770000172e-01
2.911007038119999834e+03 9.437531377129999566e-01
2.911187781040000118e+03 9.434139346240000279e-01
2.911368523950000053e+03 9.433977033429999937e-01
2.911549266859999989e+03 9.439387548969999653e-01
2.911730009779999818e+03 9.446290134310000308e-01
2.911910752690000209e+03 9.450019047309999864e-01
2.912091495600000144e+03 9.450887788859999583e-01
2.912272238510000079e+03 9.450913509089999831e-01
2.912452981429999909e+03 9.449737817600000200e-01
2.912633724339999844e+03 9.447728984159999843e-01
2.912814467249999780e+03 9.444869525510000141e-01
2.912995210170000064e+03 9.439274333920000259e-01
2.913175953079999999e+03 9.432219341349999953e-01
2.913356695989999935e+03 9.427258108499999567e-01
2.913537438910000219e+03 9.425119376339999855e-01
2.913718181820000154e+03 9.422837400000000363e-01
2.913898924730000090e+03 9.419621821510000270e-01
2.914079667640000025e+03 9.416637147409999686e-01
2.914260410559999855e+03 9.412546131379999625e-01
2.914441153469999790e+03 9.406714374000000323e-01
2.914621896380000180e+03 9.401119717300000511e-01
2.914802639300000010e+03 9.395807177130000021e-01
2.914983382209999945e+03 9.390252764809999819e-01
2.915164125119999881e+03 9.387914471160000440e-01
2.915344868040000165e+03 9.390148767160000354e-01
2.915525610950000100e+03 9.394880363249999977e-01
2.915706353860000036e+03 9.400554880160000293e-01
2.915887096769999971e+03 9.408336438709999916e-01
2.916067839689999801e+03 9.416192071360000027e-01
2.916248582600000191e+03 9.423473975759999455e-01
2.916429325510000126e+03 9.424835619939999631e-01
2.916610068429999956e+03 9.419922929809999568e-01
2.916790811339999891e+03 9.412906078589999836e-01
2.916971554249999826e+03 9.405630648680000094e-01
2.917152297170000111e+03 9.399017966960000470e-01
2.917333040080000046e+03 9.394689228150000515e-01
2.917513782989999982e+03 9.390123068619999902e-01
2.917694525899999917e+03 9.384670879180000425e-01
2.917875268820000201e+03 9.382450692470000186e-01
2.918056011730000137e+03 9.383950982990000300e-01
2.918236754640000072e+03 9.386014972430000158e-01
2.918417497559999902e+03 9.386024399610000124e-01
2.918598240469999837e+03 9.384828757769999585e-01
2.918778983380000227e+03 9.383545553859999888e-01
2.918959726300000057e+03 9.379793563249999577e-01
2.919140469209999992e+03 9.374999221109999725e-01
2.919321212119999927e+03 9.372537175759999561e-01
2.919501955029999863e+03 9.372702887980000064e-01
2.919682697950000147e+03 9.371473592379999662e-01
2.919863440860000082e+03 9.370045767739999532e-01
2.920044183770000018e+03 9.367962067249999691e-01
2.920224926689999847e+03 9.364213798239999775e-01
2.920405669599999783e+03 9.358828648479999845e-01
2.920586412510000173e+03 9.353882843209999631e-01
2.920767155430000003e+03 9.348929039879999570e-01
2.920947898339999938e+03 9.345261501079999977e-01
2.921128641249999873e+03 9.342265217009999567e-01
2.921309384159999809e+03 9.340546704400000122e-01
2.921490127080000093e+03 9.342567857089999483e-01
2.921670869990000028e+03 9.343346461579999929e-01
2.921851612899999964e+03 9.342863012900000097e-01
2.922032355819999793e+03 9.341354820139999848e-01
2.922213098730000183e+03 9.337556557580000138e-01
2.922393841640000119e+03 9.333422038709999757e-01
2.922574584559999948e+03 9.330524276049999566e-01
2.922755327469999884e+03 9.327221072729999785e-01
2.922936070379999819e+03 9.322625017600000286e-01
2.923116813290000209e+03 9.321207054939999459e-01
2.923297556210000039e+03 9.321710423850000371e-01
2.923478299119999974e+03 9.322456074489999800e-01
2.923659042029999910e+03 9.321577399410000409e-01
2.923839784950000194e+03 9.323227756990000170e-01
2.924020527860000129e+03 9.327626960699999525e-01
2.924201270770000065e+03 9.332722840470000225e-01
2.924382013689999894e+03 9.337272858459999547e-01
2.924562756599999830e+03 9.341525691500000006e-01
2.924743499510000220e+03 9.344057288760000413e-01
2.924924242420000155e+03 9.346373187880000488e-01
2.925104985339999985e+03 9.352699831090000027e-01
2.925285728249999920e+03 9.359778806649999838e-01
2.925466471159999855e+03 9.362771766180000288e-01
2.925647214080000140e+03 9.363140801170000138e-01
2.925827956990000075e+03 9.362173552689999623e-01
2.926008699900000011e+03 9.359418135089999646e-01
2.926189442819999840e+03 9.353288572429999670e-01
2.926370185729999776e+03 9.346137471359999838e-01
2.926550928640000166e+03 9.341141604499999529e-01
2.926731671550000101e+03 9.338952047509999632e-01
2.926912414469999931e+03 9.338393897750000283e-01
2.927093157379999866e+03 9.340063351520000445e-01
2.927273900289999801e+03 9.343159141350000363e-01
2.927454643210000086e+03 9.346828501470000328e-01
2.927635386120000021e+03 9.352676038710000528e-01
2.927816129029999956e+03 9.361382219349999589e-01
2.927996871949999786e+03 9.366951300100000433e-01
2.928177614860000176e+03 9.366668625220000433e-01
2.928358357770000111e+03 9.365101129030000138e-01
2.928539100680000047e+03 9.365124056500000460e-01
2.928719843599999876e+03 9.364958836750000293e-01
2.928900586509999812e+03 9.363714621700000018e-01
2.929081329420000202e+03 9.361572514570000170e-01
2.929262072340000032e+03 9.358787811730000517e-01
2.929442815249999967e+03 9.356209689740000446e-01
2.929623558159999902e+03 9.355553956600000109e-01
2.929804301080000187e+03 9.358073124729999748e-01
2.929985043990000122e+03 9.360688484460000236e-01
2.930165786900000057e+03 9.360670749360000542e-01
2.930346529809999993e+03 9.360646572240000074e-01
2.930527272729999822e+03 9.360494218179999937e-01
2.930708015640000212e+03 9.358703392570000279e-01
2.930888758550000148e+03 9.357670818179999461e-01
2.931069501469999977e+03 9.357810599410000263e-01
2.931250244379999913e+03 9.359339624829999815e-01
2.931430987289999848e+03 9.362353615249999761e-01
2.931611730210000133e+03 9.365022615839999620e-01
2.931792473120000068e+03 9.368242378490000410e-01
2.931973216030000003e+03 9.371965596089999462e-01
2.932153958939999939e+03 9.376606669210000300e-01
2.932334701860000223e+03 9.382060484459999739e-01
2.932515444770000158e+03 9.386771263730000481e-01
2.932696187680000094e+03 9.386575617600000365e-01
2.932876930599999923e+03 9.383722203709999876e-01
2.933057673509999859e+03 9.382766904399999497e-01
2.933238416419999794e+03 9.383221018770000477e-01
2.933419159340000078e+03 9.384396852980000370e-01
2.933599902250000014e+03 9.385499718080000386e-01
2.933780645159999949e+03 9.383710670970000223e-01
2.933961388069999884e+03 9.379912497360000101e-01
2.934142130990000169e+03 9.377311741939999834e-01
2.934322873900000104e+03 9.373084595889999981e-01
2.934503616810000040e+03 9.367075422089999881e-01
2.934684359729999869e+03 9.359319788659999917e-01
2.934865102639999805e+03 9.352857012320000551e-01
2.935045845550000195e+03 9.349871921989999501e-01
2.935226588470000024e+03 9.348544201170000401e-01
2.935407331379999960e+03 9.348027894429999929e-01
2.935588074289999895e+03 9.352034736069999576e-01
2.935768817199999830e+03 9.357723372039999932e-01
2.935949560120000115e+03 9.361521390620000105e-01
2.936130303030000050e+03 9.366689024240000272e-01
2.936311045939999985e+03 9.371175832839999664e-01
2.936491788859999815e+03 9.372992448679999811e-01
2.936672531770000205e+03 9.371978966570000402e-01
2.936853274680000141e+03 9.370256252790000184e-01
2.937034017599999970e+03 9.368457628740000098e-01
2.937214760509999905e+03 9.364838020919999950e-01
2.937395503419999841e+03 9.358420030890000074e-01
2.937576246329999776e+03 9.352334172430000203e-01
2.937756989250000061e+03 9.350784064520000216e-01
2.937937732159999996e+03 9.350483433630000230e-01
2.938118475069999931e+03 9.350091486220000192e-01
2.938299217990000216e+03 9.351174045939999457e-01
2.938479960900000151e+03 9.354238782599999524e-01
2.938660703810000086e+03 9.360378131959999903e-01
2.938841446729999916e+03 9.367884550539999911e-01
2.939022189639999851e+03 9.373518998830000504e-01
2.939202932549999787e+03 9.375192813489999777e-01
2.939383675460000177e+03 9.378050558549999582e-01
2.939564418380000006e+03 9.384799753670000078e-01
2.939745161289999942e+03 9.393654122579999655e-01
2.939925904199999877e+03 9.399943993739999781e-01
2.940106647120000162e+03 9.403577218569999507e-01
2.940287390030000097e+03 9.406212425219999673e-01
2.940468132940000032e+03 9.407179769889999488e-01
2.940648875859999862e+03 9.406359007429999641e-01
2.940829618769999797e+03 9.405111391789999775e-01
2.941010361680000187e+03 9.403407935680000440e-01
2.941191104590000123e+03 9.401488443600000133e-01
2.941371847509999952e+03 9.402549050440000000e-01
2.941552590419999888e+03 9.404456010170000324e-01
2.941733333329999823e+03 9.409108066669999992e-01
2.941914076250000107e+03 9.415024282699999691e-01
2.942094819160000043e+03 9.420059199610000267e-01
2.942275562069999978e+03 9.426483238909999507e-01
2.942456304989999808e+03 9.433996219350000434e-01
2.942637047900000198e+03 9.440163523750000341e-01
2.942817790810000133e+03 9.443491363049999476e-01
2.942998533720000069e+03 9.445934744280000128e-01
2.943179276639999898e+03 9.447302500290000182e-01
2.943360019549999834e+03 9.445964188269999617e-01
2.943540762460000224e+03 9.440866222870000213e-01
2.943721505380000053e+03 9.433443655909999892e-01
2.943902248289999989e+03 9.427503043399999560e-01
2.944082991199999924e+03 9.425126933720000544e-01
2.944263734120000208e+03 9.423858689930000310e-01
2.944444477030000144e+03 9.420465100679999981e-01
2.944625219940000079e+03 9.415759418179999729e-01
2.944805962850000014e+03 9.410651251220000235e-01
2.944986705769999844e+03 9.405784812120000504e-01
2.945167448679999779e+03 9.401438007619999926e-01
2.945348191590000170e+03 9.398865374579999932e-01
2.945528934509999999e+03 9.397984134700000380e-01
2.945709677419999935e+03 9.398225109679999578e-01
2.945890420329999870e+03 9.400550092280000047e-01
2.946071163250000154e+03 9.404293645939999502e-01
2.946251906160000090e+03 9.404657051610000318e-01
2.946432649070000025e+03 9.401689907329999762e-01
2.946613391979999960e+03 9.398382194330000550e-01
2.946794134899999790e+03 9.393077741349999954e-01
2.946974877810000180e+03 9.385857084259999761e-01
2.947155620720000115e+03 9.379627950340000409e-01
2.947336363639999945e+03 9.373639127270000371e-01
2.947517106549999880e+03 9.367523139000000221e-01
2.947697849459999816e+03 9.362189445159999623e-01
2.947878592380000100e+03 9.357894488560000168e-01
2.948059335290000035e+03 9.355395567940000268e-01
2.948240078199999971e+03 9.355002981429999531e-01
2.948420821109999906e+03 9.358037859819999804e-01
2.948601564030000191e+03 9.363312648089999746e-01
2.948782306940000126e+03 9.369296806260000166e-01
2.948963049850000061e+03 9.373406909089999628e-01
2.949143792769999891e+03 9.375205415439999967e-01
2.949324535679999826e+03 9.376512016419999984e-01
2.949505278590000216e+03 9.377784088559999454e-01
2.949686021510000046e+03 9.379732415050000549e-01
2.949866764419999981e+03 9.383081261390000538e-01
2.950047507329999917e+03 9.385078446919999928e-01
2.950228250239999852e+03 9.386416004109999767e-01
2.950408993160000136e+03 9.387434020139999724e-01
2.950589736070000072e+03 9.388113204689999547e-01
2.950770478980000007e+03 9.389927004689999634e-01
2.950951221899999837e+03 9.391338445939999557e-01
2.951131964810000227e+03 9.391858485039999982e-01
2.951312707720000162e+03 9.392452897559999681e-01
2.951493450639999992e+03 9.394839078790000464e-01
2.951674193549999927e+03 9.395736690320000140e-01
2.951854936459999863e+03 9.396392255130000537e-01
2.952035679369999798e+03 9.396856666859999541e-01
2.952216422290000082e+03 9.396411879179999982e-01
2.952397165200000018e+03 9.396105352879999817e-01
2.952577908109999953e+03 9.394154968910000125e-01
2.952758651029999783e+03 9.392567440469999918e-01
2.952939393940000173e+03 9.392851175759999727e-01
2.953120136850000108e+03 9.393494338810000066e-01
2.953300879769999938e+03 9.391561794720000300e-01
2.953481622679999873e+03 9.388382565589999951e-01
2.953662365589999808e+03 9.384995974190000201e-01
2.953843108500000199e+03 9.381294168910000453e-01
2.954023851420000028e+03 9.380568939000000217e-01
2.954204594329999964e+03 9.383347286219999583e-01
2.954385337239999899e+03 9.389599764810000471e-01
2.954566080160000183e+03 9.397490922190000484e-01
2.954746823070000119e+03 9.404564709289999769e-01
2.954927565980000054e+03 9.412292004109999999e-01
2.955108308899999884e+03 9.419985052589999741e-01
2.955289051809999819e+03 9.424068397649999484e-01
2.955469794720000209e+03 9.425594326099999698e-01
2.955650537630000144e+03 9.424077425810000186e-01
2.955831280549999974e+03 9.419690377130000014e-01
2.956012023459999909e+03 9.414296360699999644e-01
2.956192766369999845e+03 9.414317161880000340e-01
2.956373509290000129e+03 9.416252552489999816e-01
2.956554252200000064e+03 9.416922228149999796e-01
2.956734995110000000e+03 9.418516314370000142e-01
2.956915738029999829e+03 9.421394874680000253e-01
2.957096480940000220e+03 9.424315404690000175e-01
2.957277223850000155e+03 9.427464718079999750e-01
2.957457966760000090e+03 9.432644132749999910e-01
2.957638709679999920e+03 9.439084780650000006e-01
2.957819452589999855e+03 9.443076283869999976e-01
2.958000195499999791e+03 9.443377935679999613e-01
2.958180938420000075e+03 9.441535965980000222e-01
2.958361681330000010e+03 9.440946114960000468e-01
2.958542424239999946e+03 9.441114993939999644e-01
2.958723167159999775e+03 9.442013862170000049e-01
2.958903910070000165e+03 9.443255484460000293e-01
2.959084652980000101e+03 9.443862813100000198e-01
2.959265395890000036e+03 9.443664449849999976e-01
2.959446138809999866e+03 9.440940391009999821e-01
2.959626881719999801e+03 9.435314662370000161e-01
2.959807624630000191e+03 9.429207304400000211e-01
2.959988367550000021e+03 9.422512245159999633e-01
2.960169110459999956e+03 9.417398986710000530e-01
2.960349853369999892e+03 9.412848095010000193e-01
2.960530596290000176e+03 9.408444325899999461e-01
2.960711339200000111e+03 9.405084270769999977e-01
2.960892082110000047e+03 9.402267186510000485e-01
2.961072825019999982e+03 9.399813477609999524e-01
2.961253567939999812e+03 9.394377379280000051e-01
2.961434310850000202e+03 9.386569223459999556e-01
2.961615053760000137e+03 9.378563563439999973e-01
2.961795796679999967e+03 9.368818205469999771e-01
2.961976539589999902e+03 9.358924547800000493e-01
2.962157282499999837e+03 9.351087901469999908e-01
2.962338025420000122e+03 9.344620118869999548e-01
2.962518768330000057e+03 9.338429225809999901e-01
2.962699511239999993e+03 9.333429402149999721e-01
2.962880254149999928e+03 9.330240993549999695e-01
2.963060997070000212e+03 9.327996115540000410e-01
2.963241739980000148e+03 9.326245334310000468e-01
2.963422482890000083e+03 9.321840849660000261e-01
2.963603225809999913e+03 9.316594993550000314e-01
2.963783968719999848e+03 9.311356242030000008e-01
2.963964711629999783e+03 9.305167922389999680e-01
2.964145454550000068e+03 9.298378672729999961e-01
2.964326197460000003e+03 9.290923943300000154e-01
2.964506940369999938e+03 9.283807383969999716e-01
2.964687683279999874e+03 9.276936564809999952e-01
2.964868426200000158e+03 9.269799506350000495e-01
2.965049169110000093e+03 9.264048789440000320e-01
2.965229912020000029e+03 9.260023170090000422e-01
2.965410654939999858e+03 9.259116122189999798e-01
2.965591397849999794e+03 9.260989490319999629e-01
2.965772140760000184e+03 9.263576195310000427e-01
2.965952883680000014e+03 9.266440933720000439e-01
2.966133626589999949e+03 9.268723063339999735e-01
2.966314369499999884e+03 9.273472265100000111e-01
2.966495112409999820e+03 9.279802667640000280e-01
2.966675855330000104e+03 9.287005428739999457e-01
2.966856598240000039e+03 9.297119206449999673e-01
2.967037341149999975e+03 9.306861378690000075e-01
2.967218084069999804e+03 9.311823967160000048e-01
2.967398826980000194e+03 9.312616243989999543e-01
2.967579569890000130e+03 9.312774346240000334e-01
2.967760312809999959e+03 9.311614383380000248e-01
2.967941055719999895e+03 9.311482096769999606e-01
2.968121798629999830e+03 9.314843763440000535e-01
2.968302541540000220e+03 9.321055023459999811e-01
2.968483284460000050e+03 9.328587871550000354e-01
2.968664027369999985e+03 9.335631196289999600e-01
2.968844770279999921e+03 9.344517322580000451e-01
2.969025513200000205e+03 9.354624714960000365e-01
2.969206256110000140e+03 9.366111622089999811e-01
2.969386999020000076e+03 9.378413480549999681e-01
2.969567741939999905e+03 9.390054206450000329e-01
2.969748484849999841e+03 9.400565296970000428e-01
2.969929227759999776e+03 9.409268864909999808e-01
2.970109970670000166e+03 9.416315096189999956e-01
2.970290713589999996e+03 9.423277500100000204e-01
2.970471456499999931e+03 9.427768740569999473e-01
2.970652199409999866e+03 9.428668917889999612e-01
2.970832942330000151e+03 9.427157622680000237e-01
2.971013685240000086e+03 9.424287530210000430e-01
2.971194428150000022e+03 9.420280051610000482e-01
2.971375171069999851e+03 9.415962695209999511e-01
2.971555913979999787e+03 9.412227997850000083e-01
2.971736656890000177e+03 9.408479665690000493e-01
2.971917399800000112e+03 9.404263788069999741e-01
2.972098142719999942e+03 9.402173579670000114e-01
2.972278885629999877e+03 9.405626672139999478e-01
2.972459628539999812e+03 9.410249101659999837e-01
2.972640371460000097e+03 9.413700474099999660e-01
2.972821114370000032e+03 9.415458707330000010e-01
2.973001857279999967e+03 9.414191764610000401e-01
2.973182600199999797e+03 9.408879362659999801e-01
2.973363343110000187e+03 9.401912666859999490e-01
2.973544086020000123e+03 9.397384815049999451e-01
2.973724828930000058e+03 9.396443724540000098e-01
2.973905571849999887e+03 9.395567608210000365e-01
2.974086314759999823e+03 9.391174902250000178e-01
2.974267057670000213e+03 9.383516142719999786e-01
2.974447800590000043e+03 9.375566699120000402e-01
2.974628543499999978e+03 9.368063442820000475e-01
2.974809286409999913e+03 9.360756534309999655e-01
2.974990029330000198e+03 9.352614616419999694e-01
2.975170772240000133e+03 9.342979689349999450e-01
2.975351515150000068e+03 9.336096321210000104e-01
2.975532258060000004e+03 9.333821954840000323e-01
2.975713000979999833e+03 9.335316720820000524e-01
2.975893743890000223e+03 9.338287754840000066e-01
2.976074486800000159e+03 9.342341239879999870e-01
2.976255229719999988e+03 9.344571476440000080e-01
2.976435972629999924e+03 9.347712299899999522e-01
2.976616715539999859e+03 9.351037415840000033e-01
2.976797458460000144e+03 9.352785455330000497e-01
2.976978201370000079e+03 9.354487574190000210e-01
2.977158944280000014e+03 9.353552848680000142e-01
2.977339687189999950e+03 9.349483647699999844e-01
2.977520430109999779e+03 9.345249184949999677e-01
2.977701173020000169e+03 9.341777716129999742e-01
2.977881915930000105e+03 9.338709258059999518e-01
2.978062658849999934e+03 9.336592015050000359e-01
2.978243401759999870e+03 9.337670137239999502e-01
2.978424144669999805e+03 9.341001769700000290e-01
2.978604887590000089e+03 9.340344834799999552e-01
2.978785630500000025e+03 9.334787330789999782e-01
2.978966373409999960e+03 9.329075752879999461e-01
2.979147116319999895e+03 9.327102266669999864e-01
2.979327859240000180e+03 9.328766633430000121e-01
2.979508602150000115e+03 9.334169337629999452e-01
2.979689345060000051e+03 9.339865651609999819e-01
2.979870087979999880e+03 9.345397740759999738e-01
2.980050830889999816e+03 9.353003116129999794e-01
2.980231573800000206e+03 9.360278532750000435e-01
2.980412316720000035e+03 9.364567070379999913e-01
2.980593059629999971e+03 9.365765712219999983e-01
2.980773802539999906e+03 9.365941832259999655e-01
2.980954545449999841e+03 9.367871581819999793e-01
2.981135288370000126e+03 9.370884992960000215e-01
2.981316031280000061e+03 9.372693547999999542e-01
2.981496774189999996e+03 9.370601470970000291e-01
2.981677517109999826e+03 9.371523229520000164e-01
2.981858260020000216e+03 9.375488055520000419e-01
2.982039002930000152e+03 9.378828625220000381e-01
2.982219745849999981e+03 9.381939763440000357e-01
2.982400488759999917e+03 9.386158005870000043e-01
2.982581231669999852e+03 9.388277468619999899e-01
2.982761974579999787e+03 9.390378312220000190e-01
2.982942717500000072e+03 9.394483456700000179e-01
2.983123460410000007e+03 9.400867180059999662e-01
2.983304203319999942e+03 9.405339930789999858e-01
2.983484946240000227e+03 9.407660832259999717e-01
2.983665689150000162e+03 9.410930414079999862e-01
2.983846432060000097e+03 9.413291610170000379e-01
2.984027174979999927e+03 9.414691282110000392e-01
2.984207917889999862e+03 9.415101575950000079e-01
2.984388660799999798e+03 9.410712162850000118e-01
2.984569403710000188e+03 9.400273990419999448e-01
2.984750146630000017e+03 9.390815312019999972e-01
2.984930889539999953e+03 9.385017974579999978e-01
2.985111632449999888e+03 9.380569372239999648e-01
2.985292375370000173e+03 9.376006823460000250e-01
2.985473118280000108e+03 9.373571144090000473e-01
2.985653861190000043e+03 9.374012787679999459e-01
2.985834604109999873e+03 9.375831029910000058e-01
2.986015347019999808e+03 9.378592335090000232e-01
2.986196089930000198e+03 9.380542991200000458e-01
2.986376832840000134e+03 9.383719868619999627e-01
2.986557575759999963e+03 9.387262224239999453e-01
2.986738318669999899e+03 9.389019427570000076e-01
2.986919061579999834e+03 9.389581554250000517e-01
2.987099804500000118e+03 9.390588389639999978e-01
2.987280547410000054e+03 9.392319006649999524e-01
2.987461290319999989e+03 9.394392625809999675e-01
2.987642033239999819e+03 9.395886313779999721e-01
2.987822776150000209e+03 9.396536498730000408e-01
2.988003519060000144e+03 9.396546331959999554e-01
2.988184261970000080e+03 9.395584572630000242e-01
2.988365004889999909e+03 9.396313866859999919e-01
2.988545747799999845e+03 9.398189636949999537e-01
2.988726490709999780e+03 9.401668998040000336e-01
2.988907233630000064e+03 9.407980190420000000e-01
2.989087976540000000e+03 9.415056055720000261e-01
2.989268719449999935e+03 9.421692125899999715e-01
2.989449462370000219e+03 9.429524789250000039e-01
2.989630205280000155e+03 9.439145859819999540e-01
2.989810948190000090e+03 9.448476911830000491e-01
2.989991691100000025e+03 9.454590470770000143e-01
2.990172434019999855e+03 9.458139994130000394e-01
2.990353176929999790e+03 9.459549951710000126e-01
2.990533919840000181e+03 9.457002210170000200e-01
2.990714662760000010e+03 9.451610951319999732e-01
2.990895405669999946e+03 9.444403453570000551e-01
2.991076148579999881e+03 9.436467870770000044e-01
2.991256891500000165e+03 9.430383124929999639e-01
2.991437634410000101e+03 9.426854722580000345e-01
2.991618377320000036e+03 9.425514702830000147e-01
2.991799120229999971e+03 9.426256863340000125e-01
2.991979863149999801e+03 9.429059871160000439e-01
2.992160606060000191e+03 9.432497733329999745e-01
2.992341348970000126e+03 9.433186567739999528e-01
2.992522091889999956e+03 9.432813430109999731e-01
2.992702834799999891e+03 9.433798154639999600e-01
2.992883577709999827e+03 9.435396204110000351e-01
2.993064320630000111e+03 9.435439113979999792e-01
2.993245063540000046e+03 9.432613186899999613e-01
2.993425806449999982e+03 9.427740000000000009e-01
2.993606549359999917e+03 9.423430843010000002e-01
2.993787292280000202e+03 9.420266576150000404e-01
2.993968035190000137e+03 9.418065445159999882e-01
2.994148778100000072e+03 9.415586357970000542e-01
2.994329521019999902e+03 9.411905996870000290e-01
2.994510263929999837e+03 9.407602829910000075e-01
2.994691006839999773e+03 9.402020837729999636e-01
2.994871749760000057e+03 9.395970169699999763e-01
2.995052492669999992e+03 9.392648181820000275e-01
2.995233235579999928e+03 9.390158414270000087e-01
2.995413978489999863e+03 9.388739931180000164e-01
2.995594721410000147e+03 9.391098573020000284e-01
2.995775464320000083e+03 9.393318228350000521e-01
2.995956207230000018e+03 9.392819773410000517e-01
2.996136950149999848e+03 9.390324171849999679e-01
2.996317693059999783e+03 9.388470179279999606e-01
2.996498435970000173e+03 9.386177983769999900e-01
2.996679178890000003e+03 9.381327367159999486e-01
2.996859921799999938e+03 9.371792168329999839e-01
2.997040664709999874e+03 9.359825163049999563e-01
2.997221407619999809e+03 9.348279383580000435e-01
2.997402150540000093e+03 9.340238060219999694e-01
2.997582893450000029e+03 9.336406644770000041e-01
2.997763636359999964e+03 9.329887636360000291e-01
2.997944379279999794e+03 9.321801127859999925e-01
2.998125122190000184e+03 9.317114080160000533e-01
2.998305865100000119e+03 9.317722825809999776e-01
2.998486608019999949e+03 9.320074858460000167e-01
2.998667350929999884e+03 9.320277998829999966e-01
2.998848093839999819e+03 9.316693330790000172e-01
2.999028836750000210e+03 9.312682670190000067e-01
2.999209579670000039e+03 9.310123016619999969e-01
2.999390322579999975e+03 9.309500548389999519e-01
2.999571065489999910e+03 9.310512108899999806e-01
2.999751808410000194e+03 9.311564190809999975e-01
2.999932551320000130e+03 9.309864411139999740e-01
3.000113294230000065e+03 9.305487485040000450e-01
3.000294037149999895e+03 9.302020748579999943e-01
3.000474780059999830e+03 9.296414333139999542e-01
3.000655522970000220e+03 9.293476215249999450e-01
3.000836265880000155e+03 9.294400441450000327e-01
3.001017008799999985e+03 9.299923531960000433e-01
3.001197751709999920e+03 9.305796409779999445e-01
3.001378494619999856e+03 9.309356756990000425e-01
3.001559237540000140e+03 9.311700068039999723e-01
3.001739980450000076e+03 9.314178544479999600e-01
3.001920723360000011e+03 9.318204394919999967e-01
3.002101466279999840e+03 9.325161338420000501e-01
3.002282209189999776e+03 9.332644709870000499e-01
3.002462952100000166e+03 9.338051034409999840e-01
3.002643695010000101e+03 9.347490095010000388e-01
3.002824437929999931e+03 9.359358777709999577e-01
3.003005180839999866e+03 9.368406698919999886e-01
3.003185923749999802e+03 9.372838585920000298e-01
3.003366666670000086e+03 9.375581533329999662e-01
3.003547409580000021e+03 9.378486980839999543e-01
3.003728152489999957e+03 9.381674567159999922e-01
3.003908895409999786e+03 9.383243723359999677e-01
3.004089638320000176e+03 9.383910293649999623e-01
3.004270381230000112e+03 9.384205947799999503e-01
3.004451124140000047e+03 9.384028233040000444e-01
3.004631867059999877e+03 9.385727603129999652e-01
3.004812609969999812e+03 9.389405880350000233e-01
3.004993352880000202e+03 9.395548506349999940e-01
3.005174095800000032e+03 9.403600031280000549e-01
3.005354838709999967e+03 9.412584787100000128e-01
3.005535581619999903e+03 9.420347914960000013e-01
3.005716324540000187e+03 9.425742637339999952e-01
3.005897067450000122e+03 9.429673539589999987e-01
3.006077810360000058e+03 9.431520768519999764e-01
3.006258553269999993e+03 9.432278430689999826e-01
3.006439296189999823e+03 9.432966660999999586e-01
3.006620039100000213e+03 9.433244296380000060e-01
3.006800782010000148e+03 9.433531162070000198e-01
3.006981524929999978e+03 9.433670610559999892e-01
3.007162267839999913e+03 9.433477587290000077e-01
3.007343010749999848e+03 9.432633546240000166e-01
3.007523753670000133e+03 9.430711535479999741e-01
3.007704496580000068e+03 9.426907847119999628e-01
3.007885239490000004e+03 9.422994121019999669e-01
3.008065982399999939e+03 9.420644975949999944e-01
3.008246725320000223e+03 9.418693836170000111e-01
3.008427468230000159e+03 9.417021735680000116e-01
3.008608211140000094e+03 9.415771406449999770e-01
3.008788954059999924e+03 9.412680329620000119e-01
3.008969696969999859e+03 9.408057987879999695e-01
3.009150439879999794e+03 9.402046751320000118e-01
3.009331182800000079e+03 9.396224853760000162e-01
3.009511925710000014e+03 9.391129125320000215e-01
3.009692668619999949e+03 9.386688478010000170e-01
3.009873411529999885e+03 9.383571410950000136e-01
3.010054154450000169e+03 9.379011704009999617e-01
3.010234897360000105e+03 9.373310077419999553e-01
3.010415640270000040e+03 9.367999170480000304e-01
3.010596383189999870e+03 9.363971673700000053e-01
3.010777126099999805e+03 9.360705289740000046e-01
3.010957869010000195e+03 9.357609243209999983e-01
3.011138611930000025e+03 9.354531945449999775e-01
3.011319354839999960e+03 9.351726967739999452e-01
3.011500097749999895e+03 9.351328631090000121e-01
3.011680840659999831e+03 9.353337578489999693e-01
3.011861583580000115e+03 9.353795949559999823e-01
3.012042326490000050e+03 9.350263732550000428e-01
3.012223069399999986e+03 9.345552378300000518e-01
3.012403812319999815e+03 9.342483504399999861e-01
3.012584555230000205e+03 9.341615280549999678e-01
3.012765298140000141e+03 9.341276550929999978e-01
3.012946041059999970e+03 9.339769689739999547e-01
3.013126783969999906e+03 9.339413979080000150e-01
3.013307526879999841e+03 9.338131892469999640e-01
3.013488269789999777e+03 9.334270324340000480e-01
3.013669012710000061e+03 9.333147042030000007e-01
3.013849755619999996e+03 9.336375899119999655e-01
3.014030498529999932e+03 9.341379807040000038e-01
3.014211241450000216e+03 9.348231547409999731e-01
3.014391984360000151e+03 9.355075285239999872e-01
3.014572727270000087e+03 9.360408327270000051e-01
3.014753470189999916e+03 9.364900353470000383e-01
3.014934213099999852e+03 9.368648996480000157e-01
3.015114956009999787e+03 9.370921381229999625e-01
3.015295698920000177e+03 9.374145529030000201e-01
3.015476441840000007e+03 9.378921869009999579e-01
3.015657184749999942e+03 9.382926841059999745e-01
3.015837927659999878e+03 9.384246160900000522e-01
3.016018670580000162e+03 9.382560363440000106e-01
3.016199413490000097e+03 9.379960832260000325e-01
3.016380156400000033e+03 9.377694618959999673e-01
3.016560899319999862e+03 9.376510068819999821e-01
3.016741642229999798e+03 9.374822304400000084e-01
3.016922385140000188e+03 9.373646333920000462e-01
3.017103128050000123e+03 9.373231414860000443e-01
3.017283870969999953e+03 9.372538348390000440e-01
3.017464613879999888e+03 9.370624428539999773e-01
3.017645356789999823e+03 9.367536157770000038e-01
3.017826099710000108e+03 9.366133296769999506e-01
3.018006842620000043e+03 9.366744702250000554e-01
3.018187585529999978e+03 9.367208891889999833e-01
3.018368328449999808e+03 9.368550947799999529e-01
3.018549071360000198e+03 9.370141931180000494e-01
3.018729814270000134e+03 9.370902208019999957e-01
3.018910557180000069e+03 9.370492051609999873e-01
3.019091300099999899e+03 9.368821291300000187e-01
3.019272043009999834e+03 9.366973434409999744e-01
3.019452785920000224e+03 9.367222390620000283e-01
3.019633528840000054e+03 9.368688479960000093e-01
3.019814271749999989e+03 9.370001985139999601e-01
3.019995014659999924e+03 9.373195256299999834e-01
3.020175757580000209e+03 9.377159193940000081e-01
3.020356500490000144e+03 9.377576000199999706e-01
3.020537243400000079e+03 9.374826147799999454e-01
3.020717986310000015e+03 9.372216107530000340e-01
3.020898729229999844e+03 9.371096194920000011e-01
3.021079472139999780e+03 9.370927429909999828e-01
3.021260215050000170e+03 9.372647875270000428e-01
3.021440957969999999e+03 9.374444544669999768e-01
3.021621700879999935e+03 9.376486037540000540e-01
3.021802443789999870e+03 9.382080736460000070e-01
3.021983186710000155e+03 9.389020666080000188e-01
3.022163929620000090e+03 9.393259441060000103e-01
3.022344672530000025e+03 9.396768595309999972e-01
3.022525415439999961e+03 9.400072562269999876e-01
3.022706158359999790e+03 9.402889136069999543e-01
3.022886901270000180e+03 9.403195140369999816e-01
3.023067644180000116e+03 9.397728155819999873e-01
3.023248387099999945e+03 9.390993948389999568e-01
3.023429130009999881e+03 9.387796111630000162e-01
3.023609872919999816e+03 9.387201921990000475e-01
3.023790615840000100e+03 9.387497342520000343e-01
3.023971358750000036e+03 9.388384971650000077e-01
3.024152101659999971e+03 9.389588450829999822e-01
3.024332844569999907e+03 9.388874462170000434e-01
3.024513587490000191e+03 9.386756210750000218e-01
3.024694330400000126e+03 9.383883179080000358e-01
3.024875073310000062e+03 9.379569512019999555e-01
3.025055816229999891e+03 9.373581515150000154e-01
3.025236559139999827e+03 9.367455169889999933e-01
3.025417302050000217e+03 9.364351776539999728e-01
3.025598044970000046e+03 9.362618576929999659e-01
3.025778787879999982e+03 9.360232921209999946e-01
3.025959530789999917e+03 9.357585116719999707e-01
3.026140273699999852e+03 9.354965897360000282e-01
3.026321016620000137e+03 9.351682504989999867e-01
3.026501759530000072e+03 9.348888151909999777e-01
3.026682502440000007e+03 9.343350625809999643e-01
3.026863245359999837e+03 9.337004637539999541e-01
3.027043988270000227e+03 9.334495455719999946e-01
3.027224731180000163e+03 9.334537027960000399e-01
3.027405474099999992e+03 9.333882095600000151e-01
3.027586217009999928e+03 9.331271284459999871e-01
3.027766959919999863e+03 9.328339681520000370e-01
3.027947702829999798e+03 9.327550944279999756e-01
3.028128445750000083e+03 9.331317676250000526e-01
3.028309188660000018e+03 9.337930664129999725e-01
3.028489931569999953e+03 9.342763937050000411e-01
3.028670674489999783e+03 9.346889662170000390e-01
3.028851417400000173e+03 9.350749712610000319e-01
3.029032160310000108e+03 9.354014254939999606e-01
3.029212903229999938e+03 9.357374845160000287e-01
3.029393646139999873e+03 9.360532774390000199e-01
3.029574389049999809e+03 9.360848340180000227e-01
3.029755131960000199e+03 9.360518836360000039e-01
3.029935874880000028e+03 9.360337702440000296e-01
3.030116617789999964e+03 9.362964096189999585e-01
3.030297360699999899e+03 9.368027803520000418e-01
3.030478103620000184e+03 9.374008596289999939e-01
3.030658846530000119e+03 9.381689836559999884e-01
3.030839589440000054e+03 9.392314826980000531e-01
3.031020332359999884e+03 9.404412664319999893e-01
3.031201075269999819e+03 9.416426707530000106e-01
3.031381818180000209e+03 9.427379054550000248e-01
3.031562561090000145e+03 9.435451332750000031e-01
3.031743304009999974e+03 9.440209554840000017e-01
3.031924046919999910e+03 9.441800690320000244e-01
3.032104789829999845e+03 9.441364930990000515e-01
3.032285532750000129e+03 9.439081880740000097e-01
3.032466275660000065e+03 9.437328818179999690e-01
3.032647018570000000e+03 9.437863025999999600e-01
3.032827761489999830e+03 9.439953138219999706e-01
3.033008504400000220e+03 9.441548999409999920e-01
3.033189247310000155e+03 9.439748492470000363e-01
3.033369990220000091e+03 9.435361352879999552e-01
3.033550733139999920e+03 9.430842273309999468e-01
3.033731476049999856e+03 9.424224010170000332e-01
3.033912218959999791e+03 9.416556961290000194e-01
3.034092961880000075e+03 9.409340195890000258e-01
3.034273704790000011e+03 9.400825500099999621e-01
3.034454447699999946e+03 9.393294790030000119e-01
3.034635190619999776e+03 9.388458139590000195e-01
3.034815933530000166e+03 9.382891547410000532e-01
3.034996676440000101e+03 9.375226711240000066e-01
3.035177419350000037e+03 9.366433425810000157e-01
3.035358162269999866e+03 9.356319345060000181e-01
3.035538905179999801e+03 9.345483059820000049e-01
3.035719648090000192e+03 9.335478208209999629e-01
3.035900391010000021e+03 9.325839218379999851e-01
3.036081133919999957e+03 9.317564227169999880e-01
3.036261876829999892e+03 9.312498385340000073e-01
3.036442619750000176e+03 9.310700399019999907e-01
3.036623362660000112e+03 9.313652277030000093e-01
3.036804105570000047e+03 9.324790497949999590e-01
3.036984848479999982e+03 9.341689793940000097e-01
3.037165591399999812e+03 9.362505533330000018e-01
3.037346334310000202e+03 9.386239178299999875e-01
3.037527077220000137e+03 9.410478947020000096e-01
3.037707820139999967e+03 9.433492245360000084e-01
3.037888563049999902e+03 9.455294253370000179e-01
3.038069305959999838e+03 9.477899591199999696e-01
3.038250048880000122e+03 9.501361843600000245e-01
3.038430791790000058e+03 9.524637517890000016e-01
3.038611534699999993e+03 9.547787631080000281e-01
3.038792277609999928e+03 9.572556479570000221e-01
3.038973020530000213e+03 9.598079834599999582e-01
3.039153763440000148e+03 9.624472561289999506e-01
3.039334506350000083e+03 9.652485619549999729e-01
3.039515249269999913e+03 9.680523666279999828e-01
3.039695992179999848e+03 9.708408980449999559e-01
3.039876735089999784e+03 9.737748825019999499e-01
3.040057478010000068e+03 9.767949611730000203e-01
3.040238220920000003e+03 9.797699837340000384e-01
3.040418963829999939e+03 9.826815745450000472e-01
3.040599706739999874e+03 9.854966750729999836e-01
3.040780449660000158e+03 9.880434439690000126e-01
3.040961192570000094e+03 9.904880747019999543e-01
3.041141935480000029e+03 9.927068090320000371e-01
3.041322678399999859e+03 9.946245510460000050e-01
3.041503421309999794e+03 9.963462920229999575e-01
3.041684164220000184e+03 9.977679095010000276e-01
3.041864907140000014e+03 9.986448241249999969e-01
3.042045650049999949e+03 9.990661369500000166e-01
3.042226392959999885e+03 9.992571381229999883e-01
3.042407135869999820e+03 9.993683894820000191e-01
3.042587878790000104e+03 9.994512084850000200e-01
3.042768621700000040e+03 9.995211578889999782e-01
3.042949364609999975e+03 9.995830343889999803e-01
3.043130107529999805e+03 9.996386610749999901e-01
3.043310850440000195e+03 9.996890832839999685e-01
3.043491593350000130e+03 9.997349585139999606e-01
3.043672336269999960e+03 9.997769790620000263e-01
3.043853079179999895e+03 9.998157767740000201e-01
3.044033822089999830e+03 9.998517732549999648e-01
3.044214565000000221e+03 9.998853350930000383e-01
3.044395307920000050e+03 9.999166804689999521e-01
3.044576050829999986e+03 9.999370837150000080e-01
3.044756793739999921e+03 9.999443149560000021e-01
3.044937536660000205e+03 9.999511338419999618e-01
3.045118279570000141e+03 9.999575888170000315e-01
3.045299022480000076e+03 9.999637073510000418e-01
3.045479765399999906e+03 9.999695205869999493e-01
3.045660508309999841e+03 9.999750552489999889e-01
3.045841251219999776e+03 9.999803315349999888e-01
3.046021994130000166e+03 9.999853738420000360e-01
3.046202737049999996e+03 9.999901900680000510e-01
3.046383479959999931e+03 9.999947669990000287e-01
3.046564222869999867e+03 9.999991485039999572e-01
3.046744965790000151e+03 1.000000000000000000e+00
3.046925708700000087e+03 1.000000000000000000e+00
3.047106451610000022e+03 1.000000000000000000e+00
3.047287194529999852e+03 1.000000000000000000e+00
3.047467937439999787e+03 1.000000000000000000e+00
3.047648680350000177e+03 1.000000000000000000e+00
3.047829423260000112e+03 1.000000000000000000e+00
3.048010166179999942e+03 1.000000000000000000e+00
3.048190909089999877e+03 1.000000000000000000e+00
3.048371651999999813e+03 1.000000000000000000e+00
3.048552394920000097e+03 1.000000000000000000e+00
3.048733137830000032e+03 1.000000000000000000e+00
3.048913880739999968e+03 1.000000000000000000e+00
3.049094623659999797e+03 1.000000000000000000e+00
3.049275366570000187e+03 1.000000000000000000e+00
3.049456109480000123e+03 1.000000000000000000e+00
3.049636852390000058e+03 1.000000000000000000e+00
3.049817595309999888e+03 1.000000000000000000e+00
3.049998338219999823e+03 1.000000000000000000e+00
3.050179081130000213e+03 1.000000000000000000e+00
3.050359824050000043e+03 1.000000000000000000e+00
3.050540566959999978e+03 1.000000000000000000e+00
3.050721309869999914e+03 1.000000000000000000e+00
3.050902052790000198e+03 1.000000000000000000e+00
3.051082795700000133e+03 1.000000000000000000e+00
3.051263538610000069e+03 1.000000000000000000e+00
3.051444281520000004e+03 1.000000000000000000e+00
3.051625024439999834e+03 1.000000000000000000e+00
3.051805767350000224e+03 1.000000000000000000e+00
3.051986510260000159e+03 1.000000000000000000e+00
3.052167253179999989e+03 1.000000000000000000e+00
3.052347996089999924e+03 1.000000000000000000e+00
3.052528738999999860e+03 1.000000000000000000e+00
3.052709481920000144e+03 1.000000000000000000e+00
3.052890224830000079e+03 1.000000000000000000e+00
3.053070967740000015e+03 1.000000000000000000e+00
3.053251710649999950e+03 1.000000000000000000e+00
3.053432453569999780e+03 1.000000000000000000e+00
3.053613196480000170e+03 1.000000000000000000e+00
3.053793939390000105e+03 1.000000000000000000e+00
3.053974682309999935e+03 1.000000000000000000e+00
3.054155425219999870e+03 1.000000000000000000e+00
3.054336168129999805e+03 1.000000000000000000e+00
3.054516911050000090e+03 1.000000000000000000e+00
3.054697653960000025e+03 1.000000000000000000e+00
3.054878396869999960e+03 1.000000000000000000e+00
3.055059139779999896e+03 1.000000000000000000e+00
3.055239882700000180e+03 1.000000000000000000e+00
3.055420625610000116e+03 1.000000000000000000e+00
3.055601368520000051e+03 1.000000000000000000e+00
3.055782111439999881e+03 1.000000000000000000e+00
3.055962854349999816e+03 1.000000000000000000e+00
3.056143597260000206e+03 1.000000000000000000e+00
3.056324340180000036e+03 1.000000000000000000e+00
3.056505083089999971e+03 1.000000000000000000e+00
3.056685825999999906e+03 1.000000000000000000e+00
3.056866568909999842e+03 1.000000000000000000e+00
3.057047311830000126e+03 1.000000000000000000e+00
3.057228054740000061e+03 1.000000000000000000e+00
3.057408797649999997e+03 1.000000000000000000e+00
3.057589540569999826e+03 1.000000000000000000e+00
3.057770283480000217e+03 1.000000000000000000e+00
3.057951026390000152e+03 1.000000000000000000e+00
3.058131769309999981e+03 1.000000000000000000e+00
3.058312512219999917e+03 1.000000000000000000e+00
3.058493255129999852e+03 1.000000000000000000e+00
3.058673998039999788e+03 1.000000000000000000e+00
3.058854740960000072e+03 1.000000000000000000e+00
3.059035483870000007e+03 1.000000000000000000e+00
3.059216226779999943e+03 1.000000000000000000e+00
3.059396969700000227e+03 1.000000000000000000e+00
3.059577712610000162e+03 1.000000000000000000e+00
3.059758455520000098e+03 1.000000000000000000e+00
3.059939198439999927e+03 1.000000000000000000e+00
3.060119941349999863e+03 1.000000000000000000e+00
3.060300684259999798e+03 1.000000000000000000e+00
3.060481427170000188e+03 1.000000000000000000e+00
3.060662170090000018e+03 1.000000000000000000e+00
3.060842912999999953e+03 1.000000000000000000e+00
3.061023655909999889e+03 1.000000000000000000e+00
3.061204398830000173e+03 1.000000000000000000e+00
3.061385141740000108e+03 1.000000000000000000e+00
3.061565884650000044e+03 1.000000000000000000e+00
3.061746627569999873e+03 1.000000000000000000e+00
3.061927370479999809e+03 1.000000000000000000e+00
3.062108113390000199e+03 1.000000000000000000e+00
3.062288856300000134e+03 1.000000000000000000e+00
3.062469599219999964e+03 1.000000000000000000e+00
3.062650342129999899e+03 1.000000000000000000e+00
3.062831085039999834e+03 1.000000000000000000e+00
3.063011827960000119e+03 1.000000000000000000e+00
3.063192570870000054e+03 1.000000000000000000e+00
3.063373313779999989e+03 1.000000000000000000e+00
3.063554056699999819e+03 1.000000000000000000e+00
3.063734799610000209e+03 1.000000000000000000e+00
3.063915542520000145e+03 1.000000000000000000e+00
3.064096285430000080e+03 1.000000000000000000e+00
3.064277028349999910e+03 1.000000000000000000e+00
3.064457771259999845e+03 1.000000000000000000e+00
3.064638514169999780e+03 1.000000000000000000e+00
3.064819257090000065e+03 1.000000000000000000e+00
3.065000000000000000e+03 1.000000000000000000e+00
