# Wavelength (Angstroms)     Mean
2.921150000000000091e+03 1.717772200000000082e-01
2.922878983380000136e+03 1.768981726780000097e-01
2.924607966760000181e+03 1.792226345060000114e-01
2.926336950150000121e+03 1.769225315840000090e-01
2.928065933530000166e+03 1.759732436560000057e-01
2.929794916910000211e+03 1.768755061289999930e-01
2.931523900289999801e+03 1.773804470379999887e-01
2.933252883680000195e+03 1.798050892570000059e-01
2.934981867059999786e+03 1.775347139590000012e-01
2.936710850439999831e+03 1.783929259819999891e-01
2.938439833819999876e+03 1.783203466280000038e-01
2.940168817199999921e+03 1.797725513979999967e-01
2.941897800589999861e+03 1.799316127270000065e-01
2.943626783969999906e+03 1.807637693739999885e-01
2.945355767349999951e+03 1.830372168520000009e-01
2.947084750729999996e+03 1.839730020819999867e-01
2.948813734119999936e+03 1.824054400979999990e-01
2.950542717499999981e+03 1.795162341840000064e-01
2.952271700880000026e+03 1.785388175950000100e-01
2.954000684260000071e+03 1.789399503419999982e-01
2.955729667640000116e+03 1.794891601760000011e-01
2.957458651030000055e+03 1.782648982399999971e-01
2.959187634410000101e+03 1.791867589249999948e-01
2.960916617790000146e+03 1.808686869789999929e-01
2.962645601170000191e+03 1.853092924929999885e-01
2.964374584560000130e+03 1.855788937149999984e-01
2.966103567940000175e+03 1.878417292469999889e-01
2.967832551320000221e+03 1.866429263340000089e-01
2.969561534699999811e+03 1.882008730399999941e-01
2.971290518079999856e+03 1.868878183869999987e-01
2.973019501469999796e+03 1.865883933140000117e-01
2.974748484849999841e+03 1.865025715149999930e-01
2.976477468229999886e+03 1.867477885430000040e-01
2.978206451609999931e+03 1.885748125810000064e-01
2.979935434999999870e+03 1.869546897749999881e-01
2.981664418379999915e+03 1.889544196680000010e-01
2.983393401759999961e+03 1.877535150150000109e-01
2.985122385140000006e+03 1.894423309680000056e-01
2.986851368520000051e+03 1.860518795699999950e-01
2.988580351909999990e+03 1.870534378589999991e-01
2.990309335290000035e+03 1.891180355429999960e-01
2.992038318670000081e+03 1.942825957179999952e-01
2.993767302050000126e+03 1.976010133140000125e-01
2.995496285430000171e+03 1.979206048390000083e-01
2.997225268820000110e+03 1.975012010749999936e-01
2.998954252200000155e+03 1.949090845750000023e-01
3.000683235580000201e+03 1.894643717599999999e-01
3.002412218959999791e+03 1.862904162850000100e-01
3.004141202350000185e+03 1.868320936360000073e-01
3.005870185729999776e+03 1.889001682500000001e-01
3.007599169109999821e+03 1.891609025419999923e-01
3.009328152489999866e+03 1.899833887390000031e-01
3.011057135869999911e+03 1.916083844570000139e-01
3.012786119259999850e+03 1.906991810360000039e-01
3.014515102639999895e+03 1.913171004689999954e-01
3.016244086019999941e+03 1.923320109680000112e-01
3.017973069399999986e+03 1.940718915930000066e-01
3.019702052789999925e+03 1.967673905569999881e-01
3.021431036169999970e+03 1.985388413489999893e-01
3.023160019550000015e+03 1.987926209970000135e-01
3.024889002930000061e+03 1.971869047510000084e-01
3.026617986310000106e+03 1.955401979860000028e-01
3.028346969700000045e+03 1.944450309090000051e-01
3.030075953080000090e+03 1.952388462759999943e-01
3.031804936460000135e+03 1.983391994329999908e-01
3.033533919840000181e+03 1.998619435969999913e-01
3.035262903230000120e+03 2.002628561289999942e-01
3.036991886610000165e+03 2.005250871360000076e-01
3.038720869990000210e+03 2.021978723850000048e-01
3.040449853369999801e+03 2.020588097949999884e-01
3.042178836749999846e+03 2.041182801370000077e-01
3.043907820139999785e+03 2.023911950929999926e-01
3.045636803519999830e+03 2.038671544869999908e-01
3.047365786899999875e+03 2.038321580839999869e-01
3.049094770279999921e+03 2.061693012320000018e-01
3.050823753669999860e+03 2.042833129620000021e-01
3.052552737049999905e+03 2.051063421310000134e-01
3.054281720429999950e+03 2.043808288170000098e-01
3.056010703809999995e+03 2.084512371259999997e-01
3.057739687190000041e+03 2.102971339390000138e-01
3.059468670579999980e+03 2.129030125709999999e-01
3.061197653960000025e+03 2.124378258650000129e-01
3.062926637340000070e+03 2.139486795409999975e-01
3.064655620720000115e+03 2.139347217400000001e-01
3.066384604110000055e+03 2.150755184460000080e-01
3.068113587490000100e+03 2.131348445940000058e-01
3.069842570870000145e+03 2.168757297849999988e-01
3.071571554250000190e+03 2.161618201759999969e-01
3.073300537629999781e+03 2.169073268820000122e-01
3.075029521020000175e+03 2.171916243989999995e-01
3.076758504400000220e+03 2.182016112609999892e-01
3.078487487779999810e+03 2.187971248289999893e-01
3.080216471159999855e+03 2.213812633430000121e-01
3.081945454549999795e+03 2.246152927270000099e-01
3.083674437929999840e+03 2.270473541539999862e-01
3.085403421309999885e+03 2.263245886609999979e-01
3.087132404689999930e+03 2.260083920529999957e-01
3.088861388069999975e+03 2.250359730990000029e-01
3.090590371459999915e+03 2.256887333819999897e-01
3.092319354839999960e+03 2.265759303229999966e-01
3.094048338220000005e+03 2.281763691789999993e-01
3.095777321600000050e+03 2.299105844969999979e-01
3.097506304989999990e+03 2.326988216130000120e-01
3.099235288370000035e+03 2.324428833630000080e-01
3.100964271750000080e+03 2.325946093650000102e-01
3.102693255130000125e+03 2.351007356600000042e-01
3.104422238510000170e+03 2.353742225609999905e-01
3.106151221900000110e+03 2.390435165979999943e-01
3.107880205280000155e+03 2.408092638999999868e-01
3.109609188660000200e+03 2.451811596089999989e-01
3.111338172039999790e+03 2.489350639779999985e-01
3.113067155430000184e+03 2.471251102049999981e-01
3.114796138809999775e+03 2.435753430010000053e-01
3.116525122189999820e+03 2.370729061390000059e-01
3.118254105569999865e+03 2.372562403809999887e-01
3.119983088949999910e+03 2.424262318869999933e-01
3.121712072339999850e+03 2.481493242520000087e-01
3.123441055719999895e+03 2.530006577710000037e-01
3.125170039099999940e+03 2.496148504890000064e-01
3.126899022479999985e+03 2.512953576540000178e-01
3.128628005869999924e+03 2.519347380349999943e-01
3.130356989249999970e+03 2.576965221509999737e-01
3.132085972630000015e+03 2.596089659429999807e-01
3.133814956010000060e+03 2.594512486219999747e-01
3.135543939390000105e+03 2.606985909089999942e-01
3.137272922780000044e+03 2.615411017989999753e-01
3.139001906160000090e+03 2.625934535780000134e-01
3.140730889540000135e+03 2.573673765200000241e-01
3.142459872920000180e+03 2.543378192860000220e-01
3.144188856300000225e+03 2.583792475660000032e-01
3.145917839690000164e+03 2.665445450930000182e-01
3.147646823070000210e+03 2.713454136460000110e-01
3.149375806449999800e+03 2.700470509680000242e-01
3.151104789829999845e+03 2.657816919259999855e-01
3.152833773219999784e+03 2.661560439299999747e-01
3.154562756599999830e+03 2.688775234599999897e-01
3.156291739979999875e+03 2.688820510170000233e-01
3.158020723359999920e+03 2.697192401960000208e-01
3.159749706739999965e+03 2.694805324630000221e-01
3.161478690129999904e+03 2.742935535680000037e-01
3.163207673509999950e+03 2.774710045359999877e-01
3.164936656889999995e+03 2.776591164810000012e-01
3.166665640270000040e+03 2.735080236460000203e-01
3.168394623659999979e+03 2.731614649460000210e-01
3.170123607040000024e+03 2.729478287980000029e-01
3.171852590420000070e+03 2.781929309289999930e-01
3.173581573800000115e+03 2.828917481039999737e-01
3.175310557180000160e+03 2.828711491500000008e-01
3.177039540570000099e+03 2.848353328450000110e-01
3.178768523950000144e+03 2.828375992180000020e-01
3.180497507330000190e+03 2.841572592669999731e-01
3.182226490709999780e+03 2.850202081920000241e-01
3.183955474100000174e+03 2.893249831959999741e-01
3.185684457480000219e+03 2.902796464519999953e-01
3.187413440859999810e+03 2.922932731180000188e-01
3.189142424239999855e+03 2.928587824239999859e-01
3.190871407619999900e+03 2.921238734900000189e-01
3.192600391009999839e+03 2.884044687000000273e-01
3.194329374389999884e+03 2.880553907230000155e-01
3.196058357769999930e+03 2.922515086799999939e-01
3.197787341149999975e+03 2.950858292469999977e-01
3.199516324539999914e+03 2.954507858059999825e-01
3.201245307919999959e+03 2.971861974489999891e-01
3.202974291300000004e+03 2.977293602930000116e-01
3.204703274680000050e+03 3.003142074979999743e-01
3.206432258060000095e+03 3.058872264520000051e-01
3.208161241450000034e+03 3.108433299319999787e-01
3.209890224830000079e+03 3.073126534899999762e-01
3.211619208210000124e+03 3.037700013490000073e-01
3.213348191590000170e+03 3.051447753270000174e-01
3.215077174980000109e+03 3.084420271650000211e-01
3.216806158360000154e+03 3.092832524340000111e-01
3.218535141740000199e+03 3.087087763049999878e-01
3.220264125119999790e+03 3.098300416229999854e-01
3.221993108499999835e+03 3.145656664809999836e-01
3.223722091889999774e+03 3.149321174979999860e-01
3.225451075269999819e+03 3.152036466670000148e-01
3.227180058649999864e+03 3.165260204109999753e-01
3.228909042029999910e+03 3.255604418279999801e-01
3.230638025419999849e+03 3.319099631090000058e-01
3.232367008799999894e+03 3.323130608209999837e-01
3.234095992179999939e+03 3.263554633819999995e-01
3.235824975559999984e+03 3.242972189639999891e-01
3.237553958940000030e+03 3.281429449850000180e-01
3.239282942329999969e+03 3.333009893939999913e-01
3.241011925710000014e+03 3.366687400980000189e-01
3.242740909090000059e+03 3.344783463639999788e-01
3.244469892470000104e+03 3.332674146240000024e-01
3.246198875860000044e+03 3.399014951520000216e-01
3.247927859240000089e+03 3.460471451029999979e-01
3.249656842620000134e+03 3.536020806060000132e-01
3.251385826000000179e+03 3.517679231090000136e-01
3.253114809380000224e+03 3.543542376250000125e-01
3.254843792770000164e+03 3.557701161290000025e-01
3.256572776150000209e+03 3.600620537440000213e-01
3.258301759529999799e+03 3.593654348390000197e-01
3.260030742909999844e+03 3.549333227170000105e-01
3.261759726299999784e+03 3.546536336459999994e-01
3.263488709679999829e+03 3.598843577420000051e-01
3.265217693059999874e+03 3.697287889740000222e-01
3.266946676439999919e+03 3.752676451999999996e-01
3.268675659819999964e+03 3.791703666860000155e-01
3.270404643209999904e+03 3.808550027570000163e-01
3.272133626589999949e+03 3.828364249269999853e-01
3.273862609969999994e+03 3.810640305870000022e-01
3.275591593350000039e+03 3.820128447700000263e-01
3.277320576739999979e+03 3.851226669500000255e-01
3.279049560120000024e+03 3.895932357770000021e-01
3.280778543500000069e+03 3.907452925709999914e-01
3.282507526880000114e+03 3.902417670969999808e-01
3.284236510260000159e+03 3.872475270379999723e-01
3.285965493650000099e+03 3.831983519259999915e-01
3.287694477030000144e+03 3.832607513290000045e-01
3.289423460410000189e+03 3.881489445749999878e-01
3.291152443789999779e+03 3.931053237930000055e-01
3.292881427169999824e+03 3.982976783380000052e-01
3.294610410560000219e+03 4.001665642519999788e-01
3.296339393939999809e+03 4.024780921209999973e-01
3.298068377319999854e+03 4.014020916620000268e-01
3.299797360699999899e+03 4.025576594720000068e-01
3.301526344089999839e+03 4.029313887100000047e-01
3.303255327469999884e+03 4.014184201170000188e-01
3.304984310849999929e+03 4.031917808209999898e-01
3.306713294229999974e+03 4.047153285239999954e-01
3.308442277610000019e+03 4.113597997949999807e-01
3.310171260999999959e+03 4.174376106159999877e-01
3.311900244380000004e+03 4.215393000000000057e-01
3.313629227760000049e+03 4.221073726299999773e-01
3.315358211140000094e+03 4.238200853669999990e-01
3.317087194530000033e+03 4.265508584159999894e-01
3.318816177910000079e+03 4.296635439000000001e-01
3.320545161290000124e+03 4.363682051610000001e-01
3.322274144670000169e+03 4.464059441639999792e-01
3.324003128050000214e+03 4.521764331179999874e-01
3.325732111440000153e+03 4.514779086799999841e-01
3.327461094820000199e+03 4.486959824830000221e-01
3.329190078199999789e+03 4.480017799120000199e-01
3.330919061579999834e+03 4.529448253369999788e-01
3.332648044969999773e+03 4.595359164810000063e-01
3.334377028349999819e+03 4.609132568520000195e-01
3.336106011729999864e+03 4.569040315540000008e-01
3.337834995109999909e+03 4.561877306939999821e-01
3.339563978489999954e+03 4.613456968820000004e-01
3.341292961879999893e+03 4.665507237539999741e-01
3.343021945259999939e+03 4.708613440180000054e-01
3.344750928639999984e+03 4.726621386309999839e-01
3.346479912020000029e+03 4.746733706449999812e-01
3.348208895409999968e+03 4.732938182010000272e-01
3.349937878790000013e+03 4.775248466670000136e-01
3.351666862170000059e+03 4.827755524339999993e-01
3.353395845550000104e+03 4.846213380839999862e-01
3.355124828930000149e+03 4.876080549949999843e-01
3.356853812320000088e+03 4.889899311440000229e-01
3.358582795700000133e+03 4.923127096770000266e-01
3.360311779080000179e+03 4.914758778100000169e-01
3.362040762460000224e+03 4.932224402350000036e-01
3.363769745850000163e+03 4.954361205380000133e-01
3.365498729230000208e+03 5.047399742129999867e-01
3.367227712609999799e+03 5.112940950730000544e-01
3.368956695989999844e+03 5.148363595110000412e-01
3.370685679369999889e+03 5.127671165789999819e-01
3.372414662759999828e+03 5.090532503810000220e-01
3.374143646139999873e+03 5.150339265690000445e-01
3.375872629519999919e+03 5.221611989829999523e-01
3.377601612899999964e+03 5.327618287099999961e-01
3.379330596289999903e+03 5.373903238320000275e-01
3.381059579669999948e+03 5.342501160610000355e-01
3.382788563049999993e+03 5.350593347209999795e-01
3.384517546430000039e+03 5.348172592669999670e-01
3.386246529810000084e+03 5.344073866280000251e-01
3.387975513200000023e+03 5.313696060999999471e-01
3.389704496580000068e+03 5.367514231279999493e-01
3.391433479960000113e+03 5.400525639100000053e-01
3.393162463340000158e+03 5.394434333719999586e-01
3.394891446730000098e+03 5.363935142519999921e-01
3.396620430110000143e+03 5.377134131180000276e-01
3.398349413490000188e+03 5.442726820819999700e-01
3.400078396869999779e+03 5.517826434999999474e-01
3.401807380249999824e+03 5.631368053759999714e-01
3.403536363640000218e+03 5.720449709089999724e-01
3.405265347019999808e+03 5.803736372240000385e-01
3.406994330399999853e+03 5.779267838120000222e-01
3.408723313779999899e+03 5.781051460410000509e-01
3.410452297169999838e+03 5.727823857670000240e-01
3.412181280549999883e+03 5.778522729720000362e-01
3.413910263929999928e+03 5.833955817010000322e-01
3.415639247309999973e+03 5.940571250539999903e-01
3.417368230690000019e+03 6.034653366959999987e-01
3.419097214079999958e+03 6.072142735479999498e-01
3.420826197460000003e+03 6.180867272529999568e-01
3.422555180840000048e+03 6.219101823260000383e-01
3.424284164220000093e+03 6.303685317299999591e-01
3.426013147610000033e+03 6.284125780249999460e-01
3.427742130990000078e+03 6.363981829910000387e-01
3.429471114370000123e+03 6.308346401169999673e-01
3.431200097750000168e+03 6.404351855519999637e-01
3.432929081130000213e+03 6.379865759730000141e-01
3.434658064520000153e+03 6.437281000000000253e-01
3.436387047900000198e+03 6.429099935780000497e-01
3.438116031279999788e+03 6.437550902440000167e-01
3.439845014659999833e+03 6.527287842519999828e-01
3.441573998039999879e+03 6.557337741740000281e-01
3.443302981429999818e+03 6.638283203520000120e-01
3.445031964809999863e+03 6.628608966569999872e-01
3.446760948189999908e+03 6.720253851420000535e-01
3.448489931569999953e+03 6.737235640659999802e-01
3.450218914959999893e+03 6.795243912020000332e-01
3.451947898339999938e+03 6.803421359919999967e-01
3.453676881719999983e+03 6.794958975270000145e-01
3.455405865100000028e+03 6.701076272139999679e-01
3.457134848480000073e+03 6.766687293940000236e-01
3.458863831870000013e+03 6.850561270970000338e-01
3.460592815250000058e+03 7.029059397650000429e-01
3.462321798630000103e+03 7.042090773219999988e-01
3.464050782010000148e+03 7.037724305179999806e-01
3.465779765400000088e+03 6.958918367159999674e-01
3.467508748780000133e+03 7.014827505180000200e-01
3.469237732160000178e+03 7.107989024440000136e-01
3.470966715540000223e+03 7.168840813200000328e-01
3.472695698919999813e+03 7.167449126880000021e-01
3.474424682310000208e+03 7.141745806260000329e-01
3.476153665689999798e+03 7.158269368909999653e-01
3.477882649069999843e+03 7.165316962069999684e-01
3.479611632449999888e+03 7.179381398830000371e-01
3.481340615839999828e+03 7.077414619059999579e-01
3.483069599219999873e+03 7.077192874679999468e-01
3.484798582599999918e+03 7.005631468040000032e-01
3.486527565979999963e+03 7.055043181819999898e-01
3.488256549360000008e+03 7.001007402829999560e-01
3.489985532749999948e+03 7.059134737829999562e-01
3.491714516129999993e+03 7.021567574189999661e-01
3.493443499510000038e+03 7.043916663150000534e-01
3.495172482890000083e+03 6.947747830110000411e-01
3.496901466280000022e+03 6.936862793550000461e-01
3.498630449660000068e+03 6.944812320230000502e-01
3.500359433040000113e+03 7.067550975759999687e-01
3.502088416420000158e+03 7.172929140470000187e-01
3.503817399800000203e+03 7.178721480349999906e-01
3.505546383190000142e+03 7.196470688470000265e-01
3.507275366570000187e+03 7.161824025220000500e-01
3.509004349949999778e+03 7.188581088369999650e-01
3.510733333329999823e+03 7.140037533330000352e-01
3.512462316720000217e+03 7.093731431669999532e-01
3.514191300099999808e+03 7.143794549359999690e-01
3.515920283479999853e+03 7.200420911529999968e-01
3.517649266859999898e+03 7.251395675070000379e-01
3.519378250239999943e+03 7.236621089439999599e-01
3.521107233629999882e+03 7.215271224439999687e-01
3.522836217009999928e+03 7.230319546329999625e-01
3.524565200389999973e+03 7.174935550150000063e-01
3.526294183770000018e+03 7.304691006550000365e-01
3.528023167159999957e+03 7.293087879180000233e-01
3.529752150540000002e+03 7.316667199999999927e-01
3.531481133920000048e+03 7.205599594329999968e-01
3.533210117300000093e+03 7.241218185629999526e-01
3.534939100680000138e+03 7.315571946629999545e-01
3.536668084070000077e+03 7.389209042419999651e-01
3.538397067450000122e+03 7.390457287980000123e-01
3.540126050830000167e+03 7.336481267350000168e-01
3.541855034210000213e+03 7.279747649069999715e-01
3.543584017600000152e+03 7.309154027859999792e-01
3.545313000980000197e+03 7.346625310650000129e-01
3.547041984359999788e+03 7.358274042029999684e-01
3.548770967739999833e+03 7.276979716129999831e-01
3.550499951119999878e+03 7.240372897850000378e-01
3.552228934509999817e+03 7.249165317689999499e-01
3.553957917889999862e+03 7.324695285040000448e-01
3.555686901269999908e+03 7.264193335869999490e-01
3.557415884649999953e+03 7.307090761390000466e-01
3.559144868039999892e+03 7.285525511439999713e-01
3.560873851419999937e+03 7.439342875559999957e-01
3.562602834799999982e+03 7.464482882699999822e-01
3.564331818180000027e+03 7.535424481820000020e-01
3.566060801560000073e+03 7.478069331960000010e-01
3.567789784950000012e+03 7.494092710749999942e-01
3.569518768330000057e+03 7.369558341349999875e-01
3.571247751710000102e+03 7.407955600879999603e-01
3.572976735090000147e+03 7.368294554640000271e-01
3.574705718480000087e+03 7.447365281819999794e-01
3.576434701860000132e+03 7.535555796089999925e-01
3.578163685240000177e+03 7.640637528539999668e-01
3.579892668620000222e+03 7.639385821699999912e-01
3.581621651999999813e+03 7.531760905180000520e-01
3.583350635390000207e+03 7.416109739980000226e-01
3.585079618769999797e+03 7.381467723460000130e-01
3.586808602149999842e+03 7.432992625809999865e-01
3.588537585529999888e+03 7.440689087780000266e-01
3.590266568909999933e+03 7.452751980649999775e-01
3.591995552299999872e+03 7.421619970970000368e-01
3.593724535679999917e+03 7.396103051610000145e-01
3.595453519059999962e+03 7.410576634309999910e-01
3.597182502440000007e+03 7.447616523360000018e-01
3.598911485829999947e+03 7.539711499410000073e-01
3.600640469209999992e+03 7.483149513779999706e-01
3.602369452590000037e+03 7.489614769789999515e-01
3.604098435970000082e+03 7.453748740960000063e-01
3.605827419350000127e+03 7.590244987099999951e-01
3.607556402740000067e+03 7.669044612509999803e-01
3.609285386120000112e+03 7.826237752979999795e-01
3.611014369500000157e+03 7.858745930210000452e-01
3.612743352880000202e+03 7.832879972339999997e-01
3.614472336270000142e+03 7.777282626979999947e-01
3.616201319650000187e+03 7.714276018479999664e-01
3.617930303029999777e+03 7.728684333330000378e-01
3.619659286409999822e+03 7.766176570580000105e-01
3.621388269789999867e+03 7.798148944870000321e-01
3.623117253179999807e+03 7.802987411930000228e-01
3.624846236559999852e+03 7.716518991399999861e-01
3.626575219939999897e+03 7.608344805569999814e-01
3.628304203319999942e+03 7.538219811140000060e-01
3.630033186709999882e+03 7.638373286020000430e-01
3.631762170089999927e+03 7.734945443990000058e-01
3.633491153469999972e+03 7.770423582400000084e-01
3.635220136850000017e+03 7.723309796289999918e-01
3.636949120230000062e+03 7.737168790030000132e-01
3.638678103620000002e+03 7.652683121209999939e-01
3.640407087000000047e+03 7.592901320720000236e-01
3.642136070380000092e+03 7.627531738999999700e-01
3.643865053760000137e+03 7.621272089249999659e-01
3.645594037150000077e+03 7.652695334510000169e-01
3.647323020530000122e+03 7.570163253370000289e-01
3.649052003910000167e+03 7.645884799409999877e-01
3.650780987290000212e+03 7.607336616130000451e-01
3.652509970669999802e+03 7.638646999999999521e-01
3.654238954060000196e+03 7.612497393839999793e-01
3.655967937439999787e+03 7.636832320630000392e-01
3.657696920819999832e+03 7.633358911730000473e-01
3.659425904199999877e+03 7.653183793550000225e-01
3.661154887589999817e+03 7.741973379369999630e-01
3.662883870969999862e+03 7.750813051610000448e-01
3.664612854349999907e+03 7.719561858060000059e-01
3.666341837729999952e+03 7.648645905569999570e-01
3.668070821109999997e+03 7.658800931379999843e-01
3.669799804499999937e+03 7.616951328450000114e-01
3.671528787879999982e+03 7.581580275760000376e-01
3.673257771260000027e+03 7.628013079769999649e-01
3.674986754640000072e+03 7.656056394820000000e-01
3.676715738030000011e+03 7.659120029329999912e-01
3.678444721410000056e+03 7.545910479180000241e-01
3.680173704790000102e+03 7.480847255129999818e-01
3.681902688170000147e+03 7.467224558060000517e-01
3.683631671550000192e+03 7.509503350149999701e-01
3.685360654940000131e+03 7.636786313979999630e-01
3.687089638320000176e+03 7.655341050049999652e-01
3.688818621700000222e+03 7.638804925809999924e-01
3.690547605079999812e+03 7.527065252789999494e-01
3.692276588470000206e+03 7.607053974580000322e-01
3.694005571849999797e+03 7.778355222870000363e-01
3.695734555229999842e+03 7.995920596769999777e-01
3.697463538609999887e+03 8.149550896580000092e-01
3.699192521989999932e+03 8.156826272139999778e-01
3.700921505379999871e+03 8.142229356989999500e-01
3.702650488759999917e+03 8.156908054150000531e-01
3.704379472139999962e+03 8.071755980650000550e-01
3.706108455520000007e+03 8.131181775660000222e-01
3.707837438909999946e+03 8.067523427170000261e-01
3.709566422289999991e+03 8.156226163049999922e-01
3.711295405670000036e+03 8.091997738999999745e-01
3.713024389050000082e+03 8.043210234800000080e-01
3.714753372430000127e+03 7.990164621109999699e-01
3.716482355820000066e+03 7.917129288469999526e-01
3.718211339200000111e+03 7.943646376540000054e-01
3.719940322580000156e+03 7.988308851609999817e-01
3.721669305960000202e+03 7.960900038320000149e-01
3.723398289350000141e+03 7.946148005469999553e-01
3.725127272730000186e+03 7.895528945449999947e-01
3.726856256109999777e+03 7.936525625120000038e-01
3.728585239489999822e+03 7.956998292860000266e-01
3.730314222869999867e+03 7.991257867740000354e-01
3.732043206259999806e+03 7.976980021309999502e-01
3.733772189639999851e+03 7.987642381920000423e-01
3.735501173019999896e+03 7.980318863340000179e-01
3.737230156399999942e+03 7.974853835870000518e-01
3.738959139779999987e+03 7.941808834410000184e-01
3.740688123169999926e+03 7.848597157479999531e-01
3.742417106549999971e+03 7.786013493060000012e-01
3.744146089930000016e+03 7.808684152000000545e-01
3.745875073310000062e+03 7.896011340180000282e-01
3.747604056700000001e+03 7.998134230690000512e-01
3.749333040080000046e+03 8.025192103420000223e-01
3.751062023460000091e+03 7.994125576249999643e-01
3.752791006840000136e+03 7.903969035190000492e-01
3.754519990220000182e+03 7.856150158060000166e-01
3.756248973610000121e+03 7.863430632840000545e-01
3.757977956990000166e+03 7.911068013980000480e-01
3.759706940370000211e+03 7.912753836170000055e-01
3.761435923749999802e+03 7.970217249269999638e-01
3.763164907140000196e+03 7.953369428740000302e-01
3.764893890519999786e+03 7.972990800879999895e-01
3.766622873899999831e+03 7.905305308500000239e-01
3.768351857279999876e+03 7.900834512609999916e-01
3.770080840659999922e+03 7.906078485040000103e-01
3.771809824049999861e+03 7.945575845160000039e-01
3.773538807429999906e+03 8.042844632840000507e-01
3.775267790809999951e+03 8.035462180450000380e-01
3.776996774189999996e+03 8.045197238710000143e-01
3.778725757579999936e+03 7.948400624239999601e-01
3.780454740959999981e+03 7.936427589440000485e-01
3.782183724340000026e+03 7.837208395310000242e-01
3.783912707720000071e+03 7.777997226199999670e-01
3.785641691100000116e+03 7.732216674780000298e-01
3.787370674490000056e+03 7.771751424630000127e-01
3.789099657870000101e+03 7.698859829230000340e-01
3.790828641250000146e+03 7.678413465300000240e-01
3.792557624630000191e+03 7.742402890620000422e-01
3.794286608020000131e+03 7.864001884850000401e-01
3.796015591400000176e+03 7.882379261290000105e-01
3.797744574780000221e+03 7.807784690910000158e-01
3.799473558159999811e+03 7.851213500000000511e-01
3.801202541539999856e+03 7.867117729620000111e-01
3.802931524929999796e+03 7.873281249850000441e-01
3.804660508309999841e+03 7.830071349170000250e-01
3.806389491689999886e+03 7.809927467349999652e-01
3.808118475069999931e+03 7.743445151910000046e-01
3.809847458459999871e+03 7.785953663439999506e-01
3.811576441839999916e+03 7.738557098730000083e-01
3.813305425219999961e+03 7.803845853080000339e-01
3.815034408600000006e+03 7.733628477420000369e-01
3.816763391980000051e+03 7.757249391589999821e-01
3.818492375369999991e+03 7.736485333139999643e-01
3.820221358750000036e+03 7.758513291890000163e-01
3.821950342130000081e+03 7.806353676049999635e-01
3.823679325510000126e+03 7.731460322290000242e-01
3.825408308900000065e+03 7.630464157770000533e-01
3.827137292280000111e+03 7.631170423069999487e-01
3.828866275660000156e+03 7.810602713780000483e-01
3.830595259040000201e+03 7.914819391199999776e-01
3.832324242419999791e+03 7.863569345449999970e-01
3.834053225810000185e+03 7.775435770969999494e-01
3.835782209189999776e+03 7.761985172830000446e-01
3.837511192569999821e+03 7.726398314169999892e-01
3.839240175949999866e+03 7.651333490909999480e-01
3.840969159339999806e+03 7.581294554349999881e-01
3.842698142719999851e+03 7.587414575369999525e-01
3.844427126099999896e+03 7.638294017300000238e-01
3.846156109479999941e+03 7.697702125709999788e-01
3.847885092859999986e+03 7.728089710169999682e-01
3.849614076249999925e+03 7.756322639299999544e-01
3.851343059629999971e+03 7.740124008900000074e-01
3.853072043010000016e+03 7.677499625810000339e-01
3.854801026390000061e+03 7.708436813200000293e-01
3.856530009780000000e+03 7.735250529029999988e-01
3.858258993160000045e+03 7.796925495409999796e-01
3.859987976540000091e+03 7.743154075660000357e-01
3.861716959920000136e+03 7.684104736460000140e-01
3.863445943300000181e+03 7.700665972629999745e-01
3.865174926690000120e+03 7.730099838999999751e-01
3.866903910070000165e+03 7.757013272730000075e-01
3.868632893450000211e+03 7.752928580350000320e-01
3.870361876829999801e+03 7.748479579470000100e-01
3.872090860220000195e+03 7.739368979570000473e-01
3.873819843599999786e+03 7.716137223850000337e-01
3.875548826979999831e+03 7.729170866279999608e-01
3.877277810359999876e+03 7.669901057279999712e-01
3.879006793739999921e+03 7.626135949760000088e-01
3.880735777129999860e+03 7.512972921989999886e-01
3.882464760509999905e+03 7.587990802830000270e-01
3.884193743889999951e+03 7.618610006060000384e-01
3.885922727269999996e+03 7.797228554549999746e-01
3.887651710650000041e+03 7.785170667059999605e-01
3.889380694039999980e+03 7.782085195800000355e-01
3.891109677420000025e+03 7.737123154839999906e-01
3.892838660800000071e+03 7.661780769499999533e-01
3.894567644180000116e+03 7.722941858849999841e-01
3.896296627570000055e+03 7.885478535779999465e-01
3.898025610950000100e+03 8.207973524930000098e-01
3.899754594330000145e+03 8.397105931089999808e-01
3.901483577710000191e+03 8.474066673900000346e-01
3.903212561089999781e+03 8.501286061680000117e-01
3.904941544480000175e+03 8.562076622290000216e-01
3.906670527860000220e+03 8.557236740470000047e-01
3.908399511239999811e+03 8.559688116910000311e-01
3.910128494619999856e+03 8.522845620429999602e-01
3.911857478009999795e+03 8.529531748969999549e-01
3.913586461389999840e+03 8.545529475859999780e-01
3.915315444769999885e+03 8.591586388469999447e-01
3.917044428149999931e+03 8.605633109679999837e-01
3.918773411529999976e+03 8.582045739000000451e-01
3.920502394919999915e+03 8.579544890219999997e-01
3.922231378299999960e+03 8.576339920229999469e-01
3.923960361680000005e+03 8.576017074189999922e-01
3.925689345060000051e+03 8.527307053570000184e-01
3.927418328449999990e+03 8.519866084460000488e-01
3.929147311830000035e+03 8.518282378489999696e-01
3.930876295210000080e+03 8.549740398730000246e-01
3.932605278590000125e+03 8.598679462170000232e-01
3.934334261970000171e+03 8.618713833629999543e-01
3.936063245360000110e+03 8.618115834799999764e-01
3.937792228740000155e+03 8.599817839590000457e-01
3.939521212120000200e+03 8.601805290909999568e-01
3.941250195499999791e+03 8.554615909970000320e-01
3.942979178890000185e+03 8.511592971850000522e-01
3.944708162269999775e+03 8.432963030500000290e-01
3.946437145649999820e+03 8.417905589049999859e-01
3.948166129029999865e+03 8.444879812900000227e-01
3.949895112409999911e+03 8.479436576340000364e-01
3.951624095799999850e+03 8.449411747999999722e-01
3.953353079179999895e+03 8.395082174189999469e-01
3.955082062559999940e+03 8.380282516320000097e-01
3.956811045939999985e+03 8.437901250439999723e-01
3.958540029329999925e+03 8.409767314370000246e-01
3.960269012709999970e+03 8.428049314169999695e-01
3.961997996090000015e+03 8.427327408500000505e-01
3.963726979470000060e+03 8.471861595890000096e-01
3.965455962850000105e+03 8.434860631180000068e-01
3.967184946240000045e+03 8.425305331179999691e-01
3.968913929620000090e+03 8.443592402049999723e-01
3.970642913000000135e+03 8.488460540369999752e-01
3.972371896380000180e+03 8.497294301659999993e-01
3.974100879770000120e+03 8.488477683870000456e-01
3.975829863150000165e+03 8.420727716810000318e-01
3.977558846530000210e+03 8.393263606059999660e-01
3.979287829909999800e+03 8.360506473609999878e-01
3.981016813289999845e+03 8.383023051610000165e-01
3.982745796679999785e+03 8.416865109190000416e-01
3.984474780059999830e+03 8.437892064519999513e-01
3.986203763439999875e+03 8.443849295699999979e-01
3.987932746819999920e+03 8.475810613099999946e-01
3.989661730209999860e+03 8.496825075659999449e-01
3.991390713589999905e+03 8.437744607620000226e-01
3.993119696969999950e+03 8.335822260609999645e-01
3.994848680349999995e+03 8.248587364810000544e-01
3.996577663730000040e+03 8.257348220229999702e-01
3.998306647119999980e+03 8.368317171260000187e-01
4.000035630500000025e+03 8.482706257769999647e-01
4.001764613880000070e+03 8.546912902250000110e-01
4.003493597260000115e+03 8.499827028540000162e-01
4.005222580650000054e+03 8.466130819349999559e-01
4.006951564030000100e+03 8.445380619260000055e-01
4.008680547410000145e+03 8.456894023659999871e-01
4.010409530790000190e+03 8.509855576539999689e-01
4.012138514169999780e+03 8.511706641449999777e-01
4.013867497560000174e+03 8.525293422480000327e-01
4.015596480940000220e+03 8.482903076250000174e-01
4.017325464319999810e+03 8.443479635480000134e-01
4.019054447699999855e+03 8.385912850829999599e-01
4.020783431089999794e+03 8.371812099709999844e-01
4.022512414469999840e+03 8.375747978490000190e-01
4.024241397849999885e+03 8.383310173119999931e-01
4.025970381229999930e+03 8.383905808799999582e-01
4.027699364609999975e+03 8.380155802830000500e-01
4.029428347999999914e+03 8.370080757969999841e-01
4.031157331379999960e+03 8.309151159819999632e-01
4.032886314760000005e+03 8.326565646729999770e-01
4.034615298140000050e+03 8.405109356109999874e-01
4.036344281520000095e+03 8.456548992379999685e-01
4.038073264910000034e+03 8.434715514570000350e-01
4.039802248290000080e+03 8.339894840079999927e-01
4.041531231670000125e+03 8.377101243989999446e-01
4.043260215050000170e+03 8.335337772040000148e-01
4.044989198440000109e+03 8.315478475069999487e-01
4.046718181820000154e+03 8.331783272730000078e-01
4.048447165200000200e+03 8.321553078300000239e-01
4.050176148579999790e+03 8.330428275860000120e-01
4.051905131959999835e+03 8.300320741350000198e-01
4.053634115349999774e+03 8.427451757580000091e-01
4.055363098729999820e+03 8.434198078200000337e-01
4.057092082109999865e+03 8.441247477419999701e-01
4.058821065489999910e+03 8.393808203229999876e-01
4.060550048879999849e+03 8.362997343110000203e-01
4.062279032259999894e+03 8.373994132259999779e-01
4.064008015639999940e+03 8.339208857280000498e-01
4.065736999019999985e+03 8.323887540180000544e-01
4.067465982400000030e+03 8.215950510259999451e-01
4.069194965789999969e+03 8.225845835089999891e-01
4.070923949170000014e+03 8.273751244379999870e-01
4.072652932550000060e+03 8.246571483579999695e-01
4.074381915930000105e+03 8.171328488560000158e-01
4.076110899320000044e+03 8.158956345940000521e-01
4.077839882700000089e+03 8.193018459819999544e-01
4.079568866080000134e+03 8.271739758360000527e-01
4.081297849460000180e+03 8.294447204299999488e-01
4.083026832840000225e+03 8.321518831669999505e-01
4.084755816230000164e+03 8.385842611339999753e-01
4.086484799610000209e+03 8.396390595499999554e-01
4.088213782989999800e+03 8.411020573609999662e-01
4.089942766369999845e+03 8.317611293550000173e-01
4.091671749759999784e+03 8.314871205670000265e-01
4.093400733139999829e+03 8.254252692379999701e-01
4.095129716519999874e+03 8.232577680739999737e-01
4.096858699899999920e+03 8.250283279279999604e-01
4.098587683280000419e+03 8.234233839300000302e-01
4.100316666669999904e+03 8.216042900000000149e-01
4.102045650050000404e+03 8.193486272919999758e-01
4.103774633429999994e+03 8.223773793840000179e-01
4.105503616809999585e+03 8.285762679570000122e-01
4.107232600199999979e+03 8.273258118770000502e-01
4.108961583579999569e+03 8.213053702050000515e-01
4.110690566960000069e+03 8.189091844870000081e-01
4.112419550339999660e+03 8.164799377910000322e-01
4.114148533720000160e+03 8.219507593549999491e-01
4.115877517109999644e+03 8.226510742129999887e-01
4.117606500490000144e+03 8.257106743109999814e-01
4.119335483869999734e+03 8.281096548390000089e-01
4.121064467250000234e+03 8.273726742229999820e-01
4.122793450639999719e+03 8.194321282500000025e-01
4.124522434020000219e+03 8.167736844280000241e-01
4.126251417399999809e+03 8.175148501469999829e-01
4.127980400780000309e+03 8.254724544279999909e-01
4.129709384159999900e+03 8.197422061000000371e-01
4.131438367550000294e+03 8.133370112709999988e-01
4.133167350929999884e+03 8.098257602539999933e-01
4.134896334310000384e+03 8.085466177129999599e-01
4.136625317689999974e+03 8.058396280740000028e-01
4.138354301080000369e+03 8.067109527960000248e-01
4.140083284459999959e+03 8.156752451609999843e-01
4.141812267839999549e+03 8.179620093260000502e-01
4.143541251220000049e+03 8.123977004500000376e-01
4.145270234599999640e+03 8.092225038710000318e-01
4.146999217990000034e+03 8.150647383769999976e-01
4.148728201369999624e+03 8.173804207920000175e-01
4.150457184750000124e+03 8.215546957179999943e-01
4.152186168129999714e+03 8.140254756989999674e-01
4.153915151520000109e+03 8.179473375760000220e-01
4.155644134899999699e+03 8.210527097649999995e-01
4.157373118280000199e+03 8.257030694620000055e-01
4.159102101659999789e+03 8.242365242129999769e-01
4.160831085040000289e+03 8.073447259820000221e-01
4.162560068429999774e+03 8.061517508209999905e-01
4.164289051810000274e+03 8.061413307139999596e-01
4.166018035189999864e+03 8.176331278009999481e-01
4.167747018570000364e+03 8.227940110850000544e-01
4.169476001959999849e+03 8.214558489540000341e-01
4.171204985340000349e+03 8.141209646920000154e-01
4.172933968719999939e+03 8.133764264909999486e-01
4.174662952100000439e+03 8.109918234599999831e-01
4.176391935480000029e+03 8.181343887099999934e-01
4.178120918870000423e+03 8.187566643600000527e-01
4.179849902250000014e+03 8.213410507820000372e-01
4.181578885629999604e+03 8.195859766569999483e-01
4.183307869010000104e+03 8.171122723749999484e-01
4.185036852389999694e+03 8.081353947799999604e-01
4.186765835780000089e+03 8.056604509970000105e-01
4.188494819159999679e+03 8.080862513590000296e-01
4.190223802540000179e+03 8.169085144569999679e-01
4.191952785919999769e+03 8.134537497949999585e-01
4.193681769310000163e+03 8.097057372039999645e-01
4.195410752689999754e+03 8.031052348389999818e-01
4.197139736070000254e+03 8.057110331090000521e-01
4.198868719449999844e+03 8.066265052790000389e-01
4.200597702830000344e+03 8.113768710459999811e-01
4.202326686219999829e+03 8.164110808210000014e-01
4.204055669600000329e+03 8.142568720720000375e-01
4.205784652979999919e+03 8.151809514169999771e-01
4.207513636360000419e+03 8.124929254549999591e-01
4.209242619749999903e+03 8.127691520430000427e-01
4.210971603130000403e+03 8.070615209579999894e-01
4.212700586509999994e+03 8.084281008210000286e-01
4.214429569889999584e+03 8.128180284949999557e-01
4.216158553270000084e+03 8.146737479769999846e-01
4.217887536659999569e+03 8.131468447209999617e-01
4.219616520040000069e+03 8.055001454939999528e-01
4.221345503419999659e+03 8.060828228149999886e-01
4.223074486800000159e+03 8.068021424629999716e-01
4.224803470189999643e+03 8.182791323660000282e-01
4.226532453570000143e+03 8.107850548780000111e-01
4.228261436949999734e+03 7.999607725220000409e-01
4.229990420330000234e+03 7.817304449459999693e-01
4.231719403709999824e+03 7.862710850930000328e-01
4.233448387100000218e+03 7.898578600000000227e-01
4.235177370479999809e+03 7.927051470579999926e-01
4.236906353860000308e+03 7.942333203320000035e-01
4.238635337239999899e+03 7.996451071550000345e-01
4.240364320630000293e+03 8.129080881329999730e-01
4.242093304009999883e+03 8.073032421600000452e-01
4.243822287390000383e+03 8.024223617600000358e-01
4.245551270769999974e+03 7.939443771259999671e-01
4.247280254149999564e+03 8.011807560700000552e-01
4.249009237539999958e+03 8.048002973310000030e-01
4.250738220919999549e+03 8.104959502440000074e-01
4.252467204300000049e+03 8.084932105380000511e-01
4.254196187679999639e+03 8.069547757180000058e-01
4.255925171070000033e+03 8.010084656789999702e-01
4.257654154449999623e+03 8.000698782799999798e-01
4.259383137830000123e+03 7.973284400590000542e-01
4.261112121209999714e+03 8.004814612120000339e-01
4.262841104590000214e+03 8.023635160700000046e-01
4.264570087979999698e+03 8.042475173019999479e-01
4.266299071360000198e+03 8.039167851709999590e-01
4.268028054739999789e+03 7.938476951320000419e-01
4.269757038120000288e+03 7.932627854549999524e-01
4.271486021509999773e+03 7.902296673119999504e-01
4.273215004890000273e+03 7.985038364319999582e-01
4.274943988269999863e+03 8.006203880350000190e-01
4.276672971650000363e+03 8.076200661879999743e-01
4.278401955029999954e+03 8.025350719839999813e-01
4.280130938420000348e+03 8.057748260410000363e-01
4.281859921799999938e+03 8.064463927270000276e-01
4.283588905180000438e+03 8.060319032060000444e-01
4.285317888560000029e+03 7.980074184159999806e-01
4.287046871950000423e+03 7.938277464130000238e-01
4.288775855330000013e+03 7.982519892860000521e-01
4.290504838709999603e+03 7.980990096769999820e-01
4.292233822090000103e+03 7.998183184560000436e-01
4.293962805469999694e+03 8.063141100980000253e-01
4.295691788860000088e+03 8.071129666280000281e-01
4.297420772239999678e+03 8.034628233630000116e-01
4.299149755620000178e+03 7.905837336459999865e-01
4.300878738999999769e+03 7.923301167449999793e-01
4.302607722390000163e+03 7.999604870380000454e-01
4.304336705769999753e+03 8.018178652490000058e-01
4.306065689150000253e+03 7.937062853959999664e-01
4.307794672529999843e+03 7.918283026300000360e-01
4.309523655910000343e+03 7.966141782800000293e-01
4.311252639299999828e+03 8.021279598530000055e-01
4.312981622680000328e+03 7.920615281520000384e-01
4.314710606059999918e+03 7.835789933329999624e-01
4.316439589440000418e+03 7.799629404690000545e-01
4.318168572829999903e+03 7.777759625119999853e-01
4.319897556210000403e+03 7.728503239880000208e-01
4.321626539589999993e+03 7.768976678300000271e-01
4.323355522969999583e+03 7.794611494230000437e-01
4.325084506350000083e+03 7.899360514859999904e-01
4.326813489739999568e+03 7.899329718480000428e-01
4.328542473120000068e+03 7.845031656990000268e-01
4.330271456499999658e+03 7.826514601370000435e-01
4.332000439880000158e+03 7.822318873019999952e-01
4.333729423259999749e+03 7.914019417990000305e-01
4.335458406650000143e+03 7.885517195890000552e-01
4.337187390029999733e+03 7.949067161289999905e-01
4.338916373410000233e+03 7.989814346239999532e-01
4.340645356789999823e+03 8.005989094619999635e-01
4.342374340180000218e+03 7.936855346329999561e-01
4.344103323559999808e+03 7.927876186510000034e-01
4.345832306940000308e+03 7.896484097749999487e-01
4.347561290319999898e+03 7.934471954840000008e-01
4.349290273700000398e+03 7.924562012220000007e-01
4.351019257089999883e+03 7.885120321799999887e-01
4.352748240470000383e+03 7.761618644869999750e-01
4.354477223849999973e+03 7.750565686410000321e-01
4.356206207229999563e+03 7.780239954059999796e-01
4.357935190619999958e+03 7.794274482109999624e-01
4.359664173999999548e+03 7.775958317109999962e-01
4.361393157380000048e+03 7.753478266669999730e-01
4.363122140759999638e+03 7.788170664219999928e-01
4.364851124140000138e+03 7.807754221310000409e-01
4.366580107529999623e+03 7.784615933330000237e-01
4.368309090910000123e+03 7.796325727270000394e-01
4.370038074289999713e+03 7.753940819260000117e-01
4.371767057670000213e+03 7.733530208800000194e-01
4.373496041059999698e+03 7.803085549270000199e-01
4.375225024440000198e+03 7.876628205469999866e-01
4.376954007819999788e+03 8.076004705279999918e-01
4.378682991200000288e+03 8.103162615250000256e-01
4.380411974579999878e+03 8.081764163539999490e-01
4.382140957970000272e+03 8.038862269790000292e-01
4.383869941349999863e+03 7.942716614960000365e-01
4.385598924730000363e+03 7.962786776339999539e-01
4.387327908109999953e+03 7.920603311930000112e-01
4.389056891500000347e+03 7.918098594719999994e-01
4.390785874879999938e+03 7.823755534999999872e-01
4.392514858260000437e+03 7.794922245359999780e-01
4.394243841640000028e+03 7.873999609380000209e-01
4.395972825019999618e+03 7.994603423660000541e-01
4.397701808410000012e+03 7.959037698440000197e-01
4.399430791789999603e+03 7.933006473310000306e-01
4.401159775170000103e+03 7.840653616620000266e-01
4.402888758549999693e+03 7.836085424830000479e-01
4.404617741940000087e+03 7.819679741939999928e-01
4.406346725319999678e+03 7.832160686219999945e-01
4.408075708700000177e+03 7.905429862270000330e-01
4.409804692079999768e+03 7.975265805869999891e-01
4.411533675460000268e+03 8.008349120629999485e-01
4.413262658849999752e+03 7.919602298729999657e-01
4.414991642230000252e+03 7.817609243990000234e-01
4.416720625609999843e+03 7.815582753469999533e-01
4.418449608990000343e+03 7.795810311530000369e-01
4.420178592379999827e+03 7.829091373609999849e-01
4.421907575760000327e+03 7.831915233330000170e-01
4.423636559139999918e+03 7.818937294619999756e-01
4.425365542520000417e+03 7.753211953669999490e-01
4.427094525900000008e+03 7.732634925900000455e-01
4.428823509290000402e+03 7.694263961289999898e-01
4.430552492669999992e+03 7.724230069790000153e-01
4.432281476049999583e+03 7.742097247020000017e-01
4.434010459430000083e+03 7.755044110650000100e-01
4.435739442819999567e+03 7.729799927860000475e-01
4.437468426200000067e+03 7.772599638910000497e-01
4.439197409579999658e+03 7.832164011340000398e-01
4.440926392960000157e+03 7.951463644570000433e-01
4.442655376339999748e+03 7.953678117200000397e-01
4.444384359730000142e+03 7.977452684069999966e-01
4.446113343109999732e+03 7.859190260409999462e-01
4.447842326490000232e+03 7.792443292080000194e-01
4.449571309869999823e+03 7.703348141939999616e-01
4.451300293260000217e+03 7.733110569500000198e-01
4.453029276639999807e+03 7.744849248680000242e-01
4.454758260020000307e+03 7.804505875460000519e-01
4.456487243399999898e+03 7.819608324629999663e-01
4.458216226780000397e+03 7.832033056499999590e-01
4.459945210169999882e+03 7.759322269889999957e-01
4.461674193550000382e+03 7.703203412900000435e-01
4.463403176929999972e+03 7.678904867839999593e-01
4.465132160309999563e+03 7.700196210749999937e-01
4.466861143699999957e+03 7.739191797069999712e-01
4.468590127079999547e+03 7.739482241639999982e-01
4.470319110460000047e+03 7.745286987389999878e-01
4.472048093839999638e+03 7.730323350729999543e-01
4.473777077220000137e+03 7.744311604500000445e-01
4.475506060609999622e+03 7.662652121209999612e-01
4.477235043990000122e+03 7.613685495599999964e-01
4.478964027369999712e+03 7.666430120230000034e-01
4.480693010750000212e+03 7.730772892470000324e-01
4.482421994129999803e+03 7.721669168910000325e-01
4.484150977520000197e+03 7.641748398919999685e-01
4.485879960899999787e+03 7.662352560699999815e-01
4.487608944280000287e+03 7.656354104989999687e-01
4.489337927659999878e+03 7.648632892669999794e-01
4.491066911050000272e+03 7.558099586900000055e-01
4.492795894429999862e+03 7.587617701469999698e-01
4.494524877810000362e+03 7.624872815540000293e-01
4.496253861189999952e+03 7.679223383579999451e-01
4.497982844570000452e+03 7.647159207620000121e-01
4.499711827959999937e+03 7.628803180650000071e-01
4.501440811340000437e+03 7.696771257579999581e-01
4.503169794720000027e+03 7.792171438710000508e-01
4.504898778099999618e+03 7.802083609479999460e-01
4.506627761490000012e+03 7.802702149360000172e-01
4.508356744869999602e+03 7.816915417299999946e-01
4.510085728250000102e+03 7.761449122189999494e-01
4.511814711629999692e+03 7.744929588560000022e-01
4.513543695010000192e+03 7.669051725509999917e-01
4.515272678399999677e+03 7.671456530400000418e-01
4.517001661780000177e+03 7.543599448479999525e-01
4.518730645159999767e+03 7.494265416130000412e-01
4.520459628540000267e+03 7.466812908900000156e-01
4.522188611929999752e+03 7.561606883279999858e-01
4.523917595310000252e+03 7.591282795310000386e-01
4.525646578689999842e+03 7.629082838320000448e-01
4.527375562070000342e+03 7.610670815840000492e-01
4.529104545449999932e+03 7.638393836360000133e-01
4.530833528840000326e+03 7.645736946819999824e-01
4.532562512219999917e+03 7.592262542819999682e-01
4.534291495600000417e+03 7.441692028149999860e-01
4.536020478980000007e+03 7.449411098039999679e-01
4.537749462370000401e+03 7.591935612900000407e-01
4.539478445749999992e+03 7.678616435189999923e-01
4.541207429129999582e+03 7.664783260799999942e-01
4.542936412510000082e+03 7.610715481719999564e-01
4.544665395889999672e+03 7.584517590029999923e-01
4.546394379280000067e+03 7.584624093349999763e-01
4.548123362659999657e+03 7.532385058849999648e-01
4.549852346040000157e+03 7.490665520229999874e-01
4.551581329419999747e+03 7.396389688169999754e-01
4.553310312810000141e+03 7.454228859239999672e-01
4.555039296189999732e+03 7.536482567159999979e-01
4.556768279570000232e+03 7.633202517199999537e-01
4.558497262949999822e+03 7.669573605280000095e-01
4.560226246330000322e+03 7.667572096770000067e-01
4.561955229719999807e+03 7.638375068039999771e-01
4.563684213100000306e+03 7.603819839980000550e-01
4.565413196479999897e+03 7.551718364220000312e-01
4.567142179860000397e+03 7.512929857279999624e-01
4.568871163249999881e+03 7.456571700290000049e-01
4.570600146630000381e+03 7.458681884460000022e-01
4.572329130009999972e+03 7.441625564420000227e-01
4.574058113389999562e+03 7.438889568619999615e-01
4.575787096770000062e+03 7.380849812899999973e-01
4.577516080159999547e+03 7.390292675459999572e-01
4.579245063540000046e+03 7.469041843989999707e-01
4.580974046919999637e+03 7.595456046630000291e-01
4.582703030300000137e+03 7.561337260610000444e-01
4.584432013689999621e+03 7.502114781919999587e-01
4.586160997070000121e+03 7.412253065099999594e-01
4.587889980449999712e+03 7.413864546239999909e-01
4.589618963830000212e+03 7.401846259040000264e-01
4.591347947209999802e+03 7.468994355129999763e-01
4.593076930600000196e+03 7.551310211530000149e-01
4.594805913979999787e+03 7.478204954839999807e-01
4.596534897360000286e+03 7.441899641060000237e-01
4.598263880739999877e+03 7.391833491789999711e-01
4.599992864130000271e+03 7.433937662170000404e-01
4.601721847509999861e+03 7.449431440760000411e-01
4.603450830890000361e+03 7.459526509870000321e-01
4.605179814269999952e+03 7.564611037439999963e-01
4.606908797650000452e+03 7.540251194129999890e-01
4.608637781039999936e+03 7.534867141740000385e-01
4.610366764420000436e+03 7.465742523559999455e-01
4.612095747800000026e+03 7.498999965399999468e-01
4.613824731179999617e+03 7.469129335480000353e-01
4.615553714570000011e+03 7.542555775560000342e-01
4.617282697949999601e+03 7.696729255130000391e-01
4.619011681330000101e+03 8.574425794719999772e-01
4.620740664709999692e+03 9.354146667249999547e-01
4.622469648090000192e+03 9.975699954840000494e-01
4.624198631479999676e+03 9.998143996680000090e-01
4.625927614860000176e+03 9.999598676049999968e-01
4.627656598239999767e+03 9.999937811139999466e-01
4.629385581620000266e+03 9.999974940470000018e-01
4.631114564999999857e+03 9.999993458260000301e-01
4.632843548390000251e+03 9.999997687099999588e-01
4.634572531769999841e+03 1.000000000000000000e+00
4.636301515150000341e+03 1.000000000000000000e+00
4.638030498529999932e+03 1.000000000000000000e+00
4.639759481920000326e+03 1.000000000000000000e+00
4.641488465299999916e+03 1.000000000000000000e+00
4.643217448680000416e+03 1.000000000000000000e+00
4.644946432060000006e+03 1.000000000000000000e+00
4.646675415439999597e+03 1.000000000000000000e+00
4.648404398829999991e+03 1.000000000000000000e+00
4.650133382209999581e+03 1.000000000000000000e+00
4.651862365590000081e+03 1.000000000000000000e+00
4.653591348969999672e+03 1.000000000000000000e+00
4.655320332360000066e+03 1.000000000000000000e+00
4.657049315739999656e+03 1.000000000000000000e+00
4.658778299120000156e+03 1.000000000000000000e+00
4.660507282499999747e+03 1.000000000000000000e+00
4.662236265880000246e+03 1.000000000000000000e+00
4.663965249269999731e+03 1.000000000000000000e+00
4.665694232650000231e+03 1.000000000000000000e+00
4.667423216029999821e+03 1.000000000000000000e+00
4.669152199410000321e+03 1.000000000000000000e+00
4.670881182799999806e+03 1.000000000000000000e+00
4.672610166180000306e+03 1.000000000000000000e+00
4.674339149559999896e+03 1.000000000000000000e+00
4.676068132940000396e+03 1.000000000000000000e+00
4.677797116319999986e+03 1.000000000000000000e+00
4.679526099710000381e+03 1.000000000000000000e+00
4.681255083089999971e+03 1.000000000000000000e+00
4.682984066469999561e+03 1.000000000000000000e+00
4.684713049850000061e+03 1.000000000000000000e+00
4.686442033239999546e+03 1.000000000000000000e+00
4.688171016620000046e+03 1.000000000000000000e+00
4.689899999999999636e+03 1.000000000000000000e+00
