# Wavelength (Angstroms)     Mean
2.906349999999999909e+03 8.046786799999999795e-01
2.907360508310000114e+03 8.111270519550000113e-01
2.908371016619999864e+03 8.106713675269999753e-01
2.909381524930000069e+03 8.094116674189999472e-01
2.910392033239999819e+03 8.110113174980000394e-01
2.911402541540000129e+03 8.118232061190000515e-01
2.912413049849999879e+03 8.153449276830000425e-01
2.913423558160000084e+03 8.212614602350000181e-01
2.914434066469999834e+03 8.245978705959999822e-01
2.915444574780000039e+03 8.234410372139999712e-01
2.916455083089999789e+03 8.250118933919999842e-01
2.917465591399999994e+03 8.240083405379999837e-01
2.918476099710000199e+03 8.228709656310000398e-01
2.919486608019999949e+03 8.269568061880000487e-01
2.920497116319999805e+03 8.275361656109999631e-01
2.921507624630000009e+03 8.261707802640000375e-01
2.922518132940000214e+03 8.297291319649999775e-01
2.923528641249999964e+03 8.331294980160000030e-01
2.924539149560000169e+03 8.342330287979999870e-01
2.925549657869999919e+03 8.391057616029999888e-01
2.926560166180000124e+03 8.412830684459999819e-01
2.927570674489999874e+03 8.383566476249999511e-01
2.928581182800000079e+03 8.363238255910000474e-01
2.929591691099999935e+03 8.348331064520000400e-01
2.930602199410000139e+03 8.317315727270000458e-01
2.931612707719999889e+03 8.310902373899999862e-01
2.932623216030000094e+03 8.327028480739999683e-01
2.933633724339999844e+03 8.359332317890000308e-01
2.934644232650000049e+03 8.338664547999999899e-01
2.935654740959999799e+03 8.366385899710000462e-01
2.936665249270000004e+03 8.369536364809999629e-01
2.937675757580000209e+03 8.310335793940000215e-01
2.938686265880000064e+03 8.240673349170000161e-01
2.939696774189999815e+03 8.233462454840000389e-01
2.940707282500000019e+03 8.180335018769999689e-01
2.941717790810000224e+03 8.163257072920000468e-01
2.942728299119999974e+03 8.176463423459999769e-01
2.943738807430000179e+03 8.194596370279999542e-01
2.944749315739999929e+03 8.218223518670000338e-01
2.945759824050000134e+03 8.211113129910000419e-01
2.946770332359999884e+03 8.231714989830000162e-01
2.947780840660000194e+03 8.251606073120000273e-01
2.948791348969999945e+03 8.290718075659999631e-01
2.949801857280000149e+03 8.271489460119999526e-01
2.950812365589999899e+03 8.298092967739999493e-01
2.951822873900000104e+03 8.296616546630000144e-01
2.952833382209999854e+03 8.281831150539999964e-01
2.953843890520000059e+03 8.280752861000000298e-01
2.954854398829999809e+03 8.290169469210000308e-01
2.955864907140000014e+03 8.283549035480000100e-01
2.956875415439999870e+03 8.267403754450000086e-01
2.957885923750000075e+03 8.307298017890000219e-01
2.958896432059999825e+03 8.333205440469999559e-01
2.959906940370000029e+03 8.363831882500000203e-01
2.960917448679999779e+03 8.423738329030000527e-01
2.961927956989999984e+03 8.495788609679999492e-01
2.962938465300000189e+03 8.523899311050000538e-01
2.963948973609999939e+03 8.490779050729999611e-01
2.964959481920000144e+03 8.469122429719999623e-01
2.965969990220000000e+03 8.439069257669999935e-01
2.966980498530000204e+03 8.453585790030000435e-01
2.967991006839999955e+03 8.481117597170000355e-01
2.969001515150000159e+03 8.476031121210000352e-01
2.970012023459999909e+03 8.500175969209999849e-01
2.971022531770000114e+03 8.475835336460000313e-01
2.972033040079999864e+03 8.398663567740000113e-01
2.973043548390000069e+03 8.384477019349999560e-01
2.974054056699999819e+03 8.397578182310000416e-01
2.975064565000000130e+03 8.356869218379999742e-01
2.976075073309999880e+03 8.389110812900000269e-01
2.977085581620000085e+03 8.413297559339999454e-01
2.978096089929999835e+03 8.350727848000000231e-01
2.979106598240000039e+03 8.374662842229999571e-01
2.980117106549999789e+03 8.432194802150000390e-01
2.981127614859999994e+03 8.444066003129999665e-01
2.982138123170000199e+03 8.459380575070000186e-01
2.983148631479999949e+03 8.504206677610000042e-01
2.984159139779999805e+03 8.495955193549999951e-01
2.985169648090000010e+03 8.462270401170000067e-01
2.986180156400000214e+03 8.445618013979999672e-01
2.987190664709999965e+03 8.437657236950000250e-01
2.988201173020000169e+03 8.435377238419999868e-01
2.989211681329999919e+03 8.481742326490000483e-01
2.990222189640000124e+03 8.502966116029999633e-01
2.991232697949999874e+03 8.489881767739999585e-01
2.992243206260000079e+03 8.491015308989999788e-01
2.993253714569999829e+03 8.478127618959999667e-01
2.994264222870000140e+03 8.425878656299999880e-01
2.995274731179999890e+03 8.389168615050000000e-01
2.996285239490000095e+03 8.397307998919999461e-01
2.997295747799999845e+03 8.342667124339999685e-01
2.998306256110000049e+03 8.332123291890000116e-01
2.999316764419999799e+03 8.314562555029999524e-01
3.000327272730000004e+03 8.350719709089999832e-01
3.001337781040000209e+03 8.406081627660000333e-01
3.002348289349999959e+03 8.430973156400000112e-01
3.003358797649999815e+03 8.475322601170000025e-01
3.004369305960000020e+03 8.506499060019999670e-01
3.005379814270000224e+03 8.525831132650000255e-01
3.006390322579999975e+03 8.505985793550000507e-01
3.007400830890000179e+03 8.565388339299999654e-01
3.008411339199999929e+03 8.500569948780000162e-01
3.009421847510000134e+03 8.523404173899999936e-01
3.010432355819999884e+03 8.508783683870000392e-01
3.011442864130000089e+03 8.476570238120000322e-01
3.012453372429999945e+03 8.448714418180000019e-01
3.013463880740000150e+03 8.507910973510000030e-01
3.014474389049999900e+03 8.497969524730000224e-01
3.015484897360000105e+03 8.486723164810000553e-01
3.016495405669999855e+03 8.521304516130000506e-01
3.017505913980000059e+03 8.559457172040000339e-01
3.018516422289999809e+03 8.583913161289999927e-01
3.019526930600000014e+03 8.580929330890000317e-01
3.020537438910000219e+03 8.595932453960000164e-01
3.021547947210000075e+03 8.551501297069999952e-01
3.022558455519999825e+03 8.492090152879999687e-01
3.023568963830000030e+03 8.498949675370000012e-01
3.024579472139999780e+03 8.500989198239999878e-01
3.025589980449999985e+03 8.460430423949999446e-01
3.026600488760000189e+03 8.468751351909999947e-01
3.027610997069999939e+03 8.501541723459999922e-01
3.028621505380000144e+03 8.448464412899999720e-01
3.029632013689999894e+03 8.430364968819999971e-01
3.030642521990000205e+03 8.470362575950000084e-01
3.031653030299999955e+03 8.481298842419999762e-01
3.032663538610000160e+03 8.467364764610000316e-01
3.033674046919999910e+03 8.494021402050000447e-01
3.034684555230000115e+03 8.517359981619999632e-01
3.035695063539999865e+03 8.510448725999999464e-01
3.036705571850000069e+03 8.506593649270000057e-01
3.037716080159999819e+03 8.525360255520000319e-01
3.038726588470000024e+03 8.565828803909999456e-01
3.039737096769999880e+03 8.585804848389999577e-01
3.040747605080000085e+03 8.639560294039999588e-01
3.041758113389999835e+03 8.674374643209999958e-01
3.042768621700000040e+03 8.683587397069999492e-01
3.043779130009999790e+03 8.671268244280000426e-01
3.044789638319999995e+03 8.655400768330000494e-01
3.045800146630000199e+03 8.624655023170000323e-01
3.046810654939999949e+03 8.633212315930000047e-01
3.047821163250000154e+03 8.618972759630000313e-01
3.048831671550000010e+03 8.661787508499999566e-01
3.049842179860000215e+03 8.713632997560000204e-01
3.050852688169999965e+03 8.792324079569999729e-01
3.051863196480000170e+03 8.818427878010000054e-01
3.052873704789999920e+03 8.850860020140000062e-01
3.053884213100000125e+03 8.804104369890000115e-01
3.054894721409999875e+03 8.777677922579999459e-01
3.055905229720000079e+03 8.749083868229999839e-01
3.056915738029999829e+03 8.727931408410000147e-01
3.057926246330000140e+03 8.707123980650000039e-01
3.058936754639999890e+03 8.716234502049999833e-01
3.059947262950000095e+03 8.718749485829999646e-01
3.060957771259999845e+03 8.679781203519999488e-01
3.061968279570000050e+03 8.668250576339999736e-01
3.062978787879999800e+03 8.655629672729999724e-01
3.063989296190000005e+03 8.631553906450000202e-01
3.064999804500000209e+03 8.620426901659999919e-01
3.066010312809999959e+03 8.610175255819999540e-01
3.067020821109999815e+03 8.625354821699999786e-01
3.068031329420000020e+03 8.653387141060000509e-01
3.069041837730000225e+03 8.690986535089999521e-01
3.070052346039999975e+03 8.703631278300000274e-01
3.071062854350000180e+03 8.722406466469999620e-01
3.072073362659999930e+03 8.680634660410000425e-01
3.073083870970000135e+03 8.649253064520000533e-01
3.074094379279999885e+03 8.622533182889999814e-01
3.075104887590000089e+03 8.596675913389999479e-01
3.076115395889999945e+03 8.575762352200000382e-01
3.077125904200000150e+03 8.592132107719999690e-01
3.078136412509999900e+03 8.605560802639999896e-01
3.079146920820000105e+03 8.638518943699999841e-01
3.080157429129999855e+03 8.638666892180000279e-01
3.081167937440000060e+03 8.641219603319999498e-01
3.082178445749999810e+03 8.669131409379999820e-01
3.083188954060000015e+03 8.687721849849999733e-01
3.084199462370000219e+03 8.673191145159999671e-01
3.085209970670000075e+03 8.672048472729999569e-01
3.086220478979999825e+03 8.692335317399999539e-01
3.087230987290000030e+03 8.675312412900000325e-01
3.088241495599999780e+03 8.659414733720000035e-01
3.089252003909999985e+03 8.651208027369999831e-01
3.090262512220000190e+03 8.657559693349999863e-01
3.091273020529999940e+03 8.622084127269999954e-01
3.092283528840000145e+03 8.621528673899999662e-01
3.093294037149999895e+03 8.604325501659999542e-01
3.094304545450000205e+03 8.574124590909999455e-01
3.095315053759999955e+03 8.553829578489999808e-01
3.096325562070000160e+03 8.570895331569999831e-01
3.097336070379999910e+03 8.603296139589999836e-01
3.098346578690000115e+03 8.616260038420000544e-01
3.099357086999999865e+03 8.596629764030000453e-01
3.100367595310000070e+03 8.580054132550000157e-01
3.101378103619999820e+03 8.566608993740000288e-01
3.102388611930000025e+03 8.502438571749999507e-01
3.103399120229999880e+03 8.492134168910000502e-01
3.104409628540000085e+03 8.509847244970000224e-01
3.105420136849999835e+03 8.564279339589999651e-01
3.106430645160000040e+03 8.595293361289999545e-01
3.107441153469999790e+03 8.621258130790000473e-01
3.108451661779999995e+03 8.660489724540000323e-01
3.109462170090000200e+03 8.717982923749999502e-01
3.110472678399999950e+03 8.733797624439999518e-01
3.111483186710000155e+03 8.785801199020000229e-01
3.112493695010000010e+03 8.862108943700000019e-01
3.113504203320000215e+03 8.887847181819999998e-01
3.114514711629999965e+03 8.887858882110000192e-01
3.115525219940000170e+03 8.866245529620000454e-01
3.116535728249999920e+03 8.826882628250000140e-01
3.117546236560000125e+03 8.798217729030000100e-01
3.118556744869999875e+03 8.809432207330000209e-01
3.119567253180000080e+03 8.841285939390000070e-01
3.120577761489999830e+03 8.909541009189999583e-01
3.121588269790000140e+03 8.919309243399999865e-01
3.122598778099999890e+03 8.896435154349999763e-01
3.123609286410000095e+03 8.849892329420000481e-01
3.124619794719999845e+03 8.820962371849999650e-01
3.125630303030000050e+03 8.741261806060000028e-01
3.126640811339999800e+03 8.799401895499999737e-01
3.127651319650000005e+03 8.825873299119999515e-01
3.128661827960000210e+03 8.861421472039999747e-01
3.129672336269999960e+03 8.903340904990000304e-01
3.130682844569999816e+03 8.940367060999999671e-01
3.131693352880000020e+03 8.904766211929999731e-01
3.132703861190000225e+03 8.870622131180000425e-01
3.133714369499999975e+03 8.799612426389999964e-01
3.134724877810000180e+03 8.765896427660000434e-01
3.135735386119999930e+03 8.787766582599999543e-01
3.136745894430000135e+03 8.805952385919999514e-01
3.137756402739999885e+03 8.879493482110000224e-01
3.138766911050000090e+03 8.951682799710000138e-01
3.139777419349999946e+03 8.951452619349999917e-01
3.140787927660000150e+03 8.922713748480000095e-01
3.141798435969999900e+03 8.905913326690000353e-01
3.142808944280000105e+03 8.881482396480000485e-01
3.143819452589999855e+03 8.867091195309999563e-01
3.144829960900000060e+03 8.844775547900000090e-01
3.145840469209999810e+03 8.849881940760000454e-01
3.146850977520000015e+03 8.838348048880000363e-01
3.147861485830000220e+03 8.834533904789999559e-01
3.148871994130000076e+03 8.859964801170000515e-01
3.149882502439999826e+03 8.880467182989999486e-01
3.150893010750000030e+03 8.854674007530000113e-01
3.151903519059999780e+03 8.833419697950000149e-01
3.152914027369999985e+03 8.830446686709999549e-01
3.153924535680000190e+03 8.801418589830000139e-01
3.154935043989999940e+03 8.800600566280000203e-01
3.155945552300000145e+03 8.838988783969999874e-01
3.156956060609999895e+03 8.867296654549999824e-01
3.157966568910000206e+03 8.871835612320000397e-01
3.158977077219999956e+03 8.878928991400000248e-01
3.159987585530000160e+03 8.864250810170000161e-01
3.160998093839999910e+03 8.849075534020000022e-01
3.162008602150000115e+03 8.859949686019999993e-01
3.163019110459999865e+03 8.853886100679999593e-01
3.164029618770000070e+03 8.863903612319999903e-01
3.165040127079999820e+03 8.872541199610000096e-01
3.166050635390000025e+03 8.864971689539999922e-01
3.167061143699999775e+03 8.836130261000000319e-01
3.168071652000000086e+03 8.830453879959999641e-01
3.169082160309999836e+03 8.827711133429999579e-01
3.170092668620000040e+03 8.840497212319999853e-01
3.171103176929999790e+03 8.859374602249999731e-01
3.172113685239999995e+03 8.885589390620000083e-01
3.173124193550000200e+03 8.887172245159999928e-01
3.174134701859999950e+03 8.904970624829999792e-01
3.175145210170000155e+03 8.908411651609999815e-01
3.176155718479999905e+03 8.888319456890000358e-01
3.177166226780000216e+03 8.856443148779999941e-01
3.178176735089999966e+03 8.803228604110000521e-01
3.179187243400000170e+03 8.771942575950000265e-01
3.180197751709999920e+03 8.755874999020000216e-01
3.181208260020000125e+03 8.748134267449999557e-01
3.182218768329999875e+03 8.785429792379999547e-01
3.183229276640000080e+03 8.826512163049999860e-01
3.184239784949999830e+03 8.802668058060000300e-01
3.185250293260000035e+03 8.759959295310000282e-01
3.186260801559999891e+03 8.708229180840000305e-01
3.187271309870000096e+03 8.647717166470000327e-01
3.188281818179999846e+03 8.613960072730000306e-01
3.189292326490000050e+03 8.636065713289999835e-01
3.190302834799999800e+03 8.673845721409999543e-01
3.191313343110000005e+03 8.709649551320000072e-01
3.192323851420000210e+03 8.735129911829999649e-01
3.193334359729999960e+03 8.768341477129999451e-01
3.194344868040000165e+03 8.739612995890000402e-01
3.195355376340000021e+03 8.739557740860000035e-01
3.196365884650000226e+03 8.736318750539999733e-01
3.197376392959999976e+03 8.734834992379999496e-01
3.198386901270000180e+03 8.707007791009999664e-01
3.199397409579999930e+03 8.695120276050000152e-01
3.200407917890000135e+03 8.670334036360000107e-01
3.201418426199999885e+03 8.713797785339999491e-01
3.202428934510000090e+03 8.749959602929999747e-01
3.203439442819999840e+03 8.802885898240000451e-01
3.204449951120000151e+03 8.894909342329999635e-01
3.205460459429999901e+03 8.916695532649999700e-01
3.206470967740000106e+03 8.867398445159999643e-01
3.207481476049999856e+03 8.826189367550000275e-01
3.208491984360000060e+03 8.777640845749999920e-01
3.209502492669999810e+03 8.699076794129999568e-01
3.210513000980000015e+03 8.654684019749999679e-01
3.211523509290000220e+03 8.654588295309999513e-01
3.212534017599999970e+03 8.660012392960000360e-01
3.213544525899999826e+03 8.667503720229999820e-01
3.214555034210000031e+03 8.677279531770000220e-01
3.215565542519999781e+03 8.712440504399999730e-01
3.216576050829999986e+03 8.711876939589999758e-01
3.217586559140000190e+03 8.722247646240000041e-01
3.218597067449999940e+03 8.761187913200000343e-01
3.219607575760000145e+03 8.815109821209999863e-01
3.220618084069999895e+03 8.833651570670000286e-01
3.221628592380000100e+03 8.847113578590000138e-01
3.222639100679999956e+03 8.843392234019999965e-01
3.223649608990000161e+03 8.809333994529999767e-01
3.224660117299999911e+03 8.765342000589999572e-01
3.225670625610000116e+03 8.729354571849999855e-01
3.226681133919999866e+03 8.718867145649999983e-01
3.227691642230000070e+03 8.699124648970000262e-01
3.228702150539999820e+03 8.687618036559999757e-01
3.229712658850000025e+03 8.689532595890000488e-01
3.230723167159999775e+03 8.678221873310000278e-01
3.231733675460000086e+03 8.665495919350000298e-01
3.232744183769999836e+03 8.644228745449999973e-01
3.233754692080000041e+03 8.599184224629999873e-01
3.234765200389999791e+03 8.551689594920000026e-01
3.235775708699999996e+03 8.596409990810000012e-01
3.236786217010000200e+03 8.639962163050000088e-01
3.237796725319999950e+03 8.679462840080000019e-01
3.238807233630000155e+03 8.713278070769999717e-01
3.239817741939999905e+03 8.706893322580000483e-01
3.240828250240000216e+03 8.704989711049999634e-01
3.241838758549999966e+03 8.701022027470000086e-01
3.242849266860000171e+03 8.701793371260000409e-01
3.243859775169999921e+03 8.722607983190000525e-01
3.244870283480000126e+03 8.752592364610000120e-01
3.245880791789999876e+03 8.731157098530000216e-01
3.246891300100000080e+03 8.697024990620000340e-01
3.247901808409999830e+03 8.680645890420000121e-01
3.248912316720000035e+03 8.624237095600000291e-01
3.249922825019999891e+03 8.589667522089999840e-01
3.250933333330000096e+03 8.592208733330000126e-01
3.251943841639999846e+03 8.622272114960000122e-01
3.252954349950000051e+03 8.618023622479999979e-01
3.253964858259999801e+03 8.665556300200000228e-01
3.254975366570000006e+03 8.726325842819999679e-01
3.255985874880000210e+03 8.717068389830000541e-01
3.256996383189999960e+03 8.697551694039999948e-01
3.258006891500000165e+03 8.699709167450000447e-01
3.259017399800000021e+03 8.720490456889999908e-01
3.260027908110000226e+03 8.725575884849999797e-01
3.261038416419999976e+03 8.740884340760000093e-01
3.262048924730000181e+03 8.741808697849999810e-01
3.263059433039999931e+03 8.749936688949999652e-01
3.264069941350000136e+03 8.710451935480000296e-01
3.265080449659999886e+03 8.717400652000000250e-01
3.266090957970000090e+03 8.748642245159999886e-01
3.267101466279999840e+03 8.738437181820000177e-01
3.268111974580000151e+03 8.724229705670000223e-01
3.269122482889999901e+03 8.744176947609999528e-01
3.270132991200000106e+03 8.718502625809999573e-01
3.271143499509999856e+03 8.682095921019999940e-01
3.272154007820000061e+03 8.666146334409999819e-01
3.273164516129999811e+03 8.636833896769999797e-01
3.274175024440000016e+03 8.618133454059999643e-01
3.275185532750000220e+03 8.565905723950000272e-01
3.276196041059999970e+03 8.564943613490000329e-01
3.277206549359999826e+03 8.591673653760000251e-01
3.278217057670000031e+03 8.597030349459999776e-01
3.279227565979999781e+03 8.599395753670000531e-01
3.280238074289999986e+03 8.692436611139999769e-01
3.281248582600000191e+03 8.792403751320000405e-01
3.282259090909999941e+03 8.903591145450000521e-01
3.283269599220000146e+03 9.025719059819999890e-01
3.284280107529999896e+03 9.142460519349999704e-01
3.285290615840000100e+03 9.203967981820000421e-01
3.286301124139999956e+03 9.204192408700000438e-01
3.287311632450000161e+03 9.192947475860000495e-01
3.288322140759999911e+03 9.198653331089999829e-01
3.289332649070000116e+03 9.187235219549999554e-01
3.290343157379999866e+03 9.157216706740000101e-01
3.291353665690000071e+03 9.132152858650000038e-01
3.292364173999999821e+03 9.148150709779999668e-01
3.293374682310000026e+03 9.146662607040000337e-01
3.294385190619999776e+03 9.147472481820000390e-01
3.295395698920000086e+03 9.170679006449999893e-01
3.296406207229999836e+03 9.206085076340000395e-01
3.297416715540000041e+03 9.209335794130000252e-01
3.298427223849999791e+03 9.212627927569999597e-01
3.299437732159999996e+03 9.223412038320000228e-01
3.300448240470000201e+03 9.169606456300000152e-01
3.301458748779999951e+03 9.104415099510000386e-01
3.302469257090000156e+03 9.055710118180000379e-01
3.303479765399999906e+03 9.034332020530000396e-01
3.304490273700000216e+03 9.029065077810000117e-01
3.305500782009999966e+03 9.082746436559999692e-01
3.306511290320000171e+03 9.128153712900000105e-01
3.307521798629999921e+03 9.110389736659999516e-01
3.308532306940000126e+03 9.101401191589999495e-01
3.309542815249999876e+03 9.063432014660000036e-01
3.310553323560000081e+03 9.046196625810000169e-01
3.311563831869999831e+03 9.041612425999999703e-01
3.312574340180000036e+03 9.060383902640000153e-01
3.313584848479999891e+03 9.087714369699999573e-01
3.314595356790000096e+03 9.140206403809999491e-01
3.315605865099999846e+03 9.112966295009999884e-01
3.316616373410000051e+03 9.069083779859999916e-01
3.317626881719999801e+03 9.091161369889999566e-01
3.318637390030000006e+03 9.083251410849999541e-01
3.319647898340000211e+03 9.052570856499999596e-01
3.320658406649999961e+03 9.070729939780000084e-01
3.321668914960000166e+03 9.124976286799999503e-01
3.322679423260000021e+03 9.120141313880000267e-01
3.323689931570000226e+03 9.116781566570000273e-01
3.324700439879999976e+03 9.120686052199999949e-01
3.325710948190000181e+03 9.130233141739999558e-01
3.326721456499999931e+03 9.110824306060000266e-01
3.327731964810000136e+03 9.122656606450000316e-01
3.328742473119999886e+03 9.137038865590000336e-01
3.329752981430000091e+03 9.161660105769999785e-01
3.330763489739999841e+03 9.157291115250000280e-01
3.331773998040000151e+03 9.166204099510000258e-01
3.332784506349999901e+03 9.158543935480000231e-01
3.333795014660000106e+03 9.142030307920000487e-01
3.334805522969999856e+03 9.141898424140000312e-01
3.335816031280000061e+03 9.145525634600000231e-01
3.336826539589999811e+03 9.173987412020000454e-01
3.337837047900000016e+03 9.192504741350000508e-01
3.338847556210000221e+03 9.197630034020000123e-01
3.339858064519999971e+03 9.181116748390000248e-01
3.340868572830000176e+03 9.161824052389999640e-01
3.341879081130000031e+03 9.115039066860000094e-01
3.342889589439999781e+03 9.078826516129999691e-01
3.343900097749999986e+03 9.066622681329999933e-01
3.344910606060000191e+03 9.068735393939999501e-01
3.345921114369999941e+03 9.036430065689999847e-01
3.346931622680000146e+03 9.045459494819999557e-01
3.347942130989999896e+03 9.059876264909999533e-01
3.348952639300000101e+03 9.074305031379999997e-01
3.349963147609999851e+03 9.087054271159999974e-01
3.350973655910000161e+03 9.154884127960000173e-01
3.351984164219999911e+03 9.204699287390000206e-01
3.352994672530000116e+03 9.215136315049999860e-01
3.354005180839999866e+03 9.205989235579999930e-01
3.355015689150000071e+03 9.193151181519999549e-01
3.356026197459999821e+03 9.153385533529999618e-01
3.357036705770000026e+03 9.120237169699999535e-01
3.358047214079999776e+03 9.094219346630000311e-01
3.359057722389999981e+03 9.088816901170000406e-01
3.360068230689999837e+03 9.068695271550000214e-01
3.361078739000000041e+03 9.067075337240000366e-01
3.362089247309999791e+03 9.043695511829999978e-01
3.363099755619999996e+03 9.054638484360000295e-01
3.364110263930000201e+03 9.044004949559999451e-01
3.365120772239999951e+03 9.073674521800000337e-01
3.366131280550000156e+03 9.102642865300000219e-01
3.367141788859999906e+03 9.131393048389999656e-01
3.368152297170000111e+03 9.124554423459999564e-01
3.369162805469999967e+03 9.118323672629999876e-01
3.370173313780000171e+03 9.117351234020000250e-01
3.371183822089999921e+03 9.117848759919999768e-01
3.372194330400000126e+03 9.115169312809999758e-01
3.373204838709999876e+03 9.160339899999999647e-01
3.374215347020000081e+03 9.195748603319999770e-01
3.375225855329999831e+03 9.167983450929999556e-01
3.376236363640000036e+03 9.153190545449999549e-01
3.377246871949999786e+03 9.143016292179999560e-01
3.378257380250000097e+03 9.089842733920000528e-01
3.379267888559999847e+03 9.084238719649999627e-01
3.380278396870000051e+03 9.103110805670000527e-01
3.381288905179999801e+03 9.086099851519999770e-01
3.382299413490000006e+03 9.099910414080000232e-01
3.383309921800000211e+03 9.120894112609999604e-01
3.384320430109999961e+03 9.073686079570000285e-01
3.385330938420000166e+03 9.071860736069999875e-01
3.386341446729999916e+03 9.054497191010000279e-01
3.387351955030000227e+03 9.018340688270000127e-01
3.388362463339999977e+03 8.990974648089999910e-01
3.389372971650000181e+03 9.027985357869999783e-01
3.390383479959999931e+03 9.024028472339999940e-01
3.391393988270000136e+03 9.073098122870000282e-01
3.392404496579999886e+03 9.104417485829999768e-01
3.393415004890000091e+03 9.133700579369999906e-01
3.394425513199999841e+03 9.131525513779999992e-01
3.395436021510000046e+03 9.133910791399999507e-01
3.396446529809999902e+03 9.113055163440000328e-01
3.397457038120000107e+03 9.108220990319999544e-01
3.398467546429999857e+03 9.082668266079999553e-01
3.399478054740000061e+03 9.041426219649999485e-01
3.400488563049999811e+03 9.005201157179999472e-01
3.401499071360000016e+03 8.980772694530000377e-01
3.402509579670000221e+03 8.987073587489999849e-01
3.403520087979999971e+03 9.025163402639999610e-01
3.404530596290000176e+03 9.073099031279999727e-01
3.405541104590000032e+03 9.100215605960000342e-01
3.406551612899999782e+03 9.103439464520000080e-01
3.407562121209999987e+03 9.073833760609999466e-01
3.408572629520000191e+03 9.048432189049999685e-01
3.409583137829999941e+03 9.025252697069999774e-01
3.410593646140000146e+03 9.028225434209999900e-01
3.411604154449999896e+03 9.039338257379999630e-01
3.412614662760000101e+03 9.067238342519999827e-01
3.413625171069999851e+03 9.052893589249999540e-01
3.414635679370000162e+03 9.051560435190000309e-01
3.415646187679999912e+03 9.028956141060000551e-01
3.416656695990000117e+03 9.023078549359999645e-01
3.417667204299999867e+03 8.984317190320000313e-01
3.418677712610000071e+03 8.979572994719999812e-01
3.419688220919999821e+03 9.006426763829999960e-01
3.420698729230000026e+03 9.011826424629999499e-01
3.421709237539999776e+03 9.004791996480000504e-01
3.422719745849999981e+03 9.006016890710000222e-01
3.423730254149999837e+03 8.997411299119999484e-01
3.424740762460000042e+03 8.955239773019999516e-01
3.425751270769999792e+03 8.976799911139999866e-01
3.426761779079999997e+03 8.967811746820000263e-01
3.427772287390000201e+03 8.976478241640000189e-01
3.428782795699999951e+03 8.973396346240000154e-01
3.429793304010000156e+03 8.972050025119999717e-01
3.430803812319999906e+03 8.961884745449999468e-01
3.431814320630000111e+03 8.987142792769999833e-01
3.432824828929999967e+03 9.003851225019999793e-01
3.433835337240000172e+03 9.018980146330000114e-01
3.434845845549999922e+03 9.043015011530000091e-01
3.435856353860000127e+03 9.023984279279999576e-01
3.436866862169999877e+03 9.025224765980000008e-01
3.437877370480000081e+03 9.068106719449999797e-01
3.438887878789999831e+03 9.113391963639999593e-01
3.439898387100000036e+03 9.098064370970000425e-01
3.440908895409999786e+03 9.136993837729999735e-01
3.441919403710000097e+03 9.142715689150000546e-01
3.442929912019999847e+03 9.117303114370000072e-01
3.443940420330000052e+03 9.077095402249999445e-01
3.444950928639999802e+03 9.119516431480000351e-01
3.445961436950000007e+03 9.102091851319999982e-01
3.446971945260000211e+03 9.081443219350000540e-01
3.447982453569999961e+03 9.069419191199999952e-01
3.448992961880000166e+03 9.080884002929999754e-01
3.450003470189999916e+03 9.050132421990000342e-01
3.451013978490000227e+03 9.045503148389999470e-01
3.452024486799999977e+03 9.017720028450000314e-01
3.453034995110000182e+03 8.995402525900000335e-01
3.454045503419999932e+03 8.990120068910000262e-01
3.455056011730000137e+03 8.990083281520000469e-01
3.456066520039999887e+03 8.989427547020000242e-01
3.457077028350000091e+03 9.028631951910000009e-01
3.458087536659999842e+03 9.041048937240000472e-01
3.459098044970000046e+03 9.015166782800000389e-01
3.460108553269999902e+03 8.988612576050000191e-01
3.461119061580000107e+03 8.986354112609999945e-01
3.462129569889999857e+03 8.996649012899999853e-01
3.463140078200000062e+03 9.022670457279999834e-01
3.464150586509999812e+03 9.050643569209999573e-01
3.465161094820000017e+03 9.080979192960000335e-01
3.466171603130000221e+03 9.060557026200000141e-01
3.467182111439999971e+03 9.048404619940000337e-01
3.468192619750000176e+03 9.014534333629999896e-01
3.469203128050000032e+03 9.013402360309999972e-01
3.470213636359999782e+03 9.012574209089999622e-01
3.471224144669999987e+03 8.988423753669999572e-01
3.472234652980000192e+03 8.910973971160000007e-01
3.473245161289999942e+03 8.911255870969999604e-01
3.474255669600000147e+03 8.899941954150000223e-01
3.475266177909999897e+03 8.877213302830000430e-01
3.476276686220000101e+03 8.934192375949999709e-01
3.477287194529999852e+03 9.016903619160000494e-01
3.478297702830000162e+03 9.058783607039999630e-01
3.479308211139999912e+03 9.066808067449999564e-01
3.480318719450000117e+03 9.074966673409999851e-01
3.481329227759999867e+03 9.056051333140000548e-01
3.482339736070000072e+03 9.038916945449999574e-01
3.483350244379999822e+03 9.006939254939999584e-01
3.484360752690000027e+03 8.976559747310000059e-01
3.485371260999999777e+03 8.965880446330000142e-01
3.486381769309999981e+03 8.953275813590000354e-01
3.487392277609999837e+03 8.917085109290000533e-01
3.488402785920000042e+03 8.893302781230000287e-01
3.489413294229999792e+03 8.918906513780000545e-01
3.490423802539999997e+03 8.930200764129999635e-01
3.491434310850000202e+03 8.910491594720000297e-01
3.492444819159999952e+03 8.900216322480000164e-01
3.493455327470000157e+03 8.925781713589999722e-01
3.494465835779999907e+03 8.926369072730000465e-01
3.495476344090000111e+03 8.938587926879999479e-01
3.496486852389999967e+03 9.001756663340000353e-01
3.497497360700000172e+03 9.069917258059999599e-01
3.498507869009999922e+03 9.037597677909999794e-01
3.499518377320000127e+03 8.987949301080000453e-01
3.500528885629999877e+03 8.905794609380000004e-01
3.501539393940000082e+03 8.896142787880000347e-01
3.502549902249999832e+03 8.889254429330000207e-01
3.503560410560000037e+03 8.902321045750000161e-01
3.504570918869999787e+03 8.932225195009999563e-01
3.505581427170000097e+03 8.990517189050000191e-01
3.506591935479999847e+03 8.995689209680000076e-01
3.507602443790000052e+03 8.984558474099999525e-01
3.508612952099999802e+03 8.960155427660000393e-01
3.509623460410000007e+03 8.964400790619999615e-01
3.510633968720000212e+03 8.936260276340000086e-01
3.511644477029999962e+03 8.899719575760000057e-01
3.512654985340000167e+03 8.943144351609999543e-01
3.513665493649999917e+03 8.976437244179999997e-01
3.514676001960000121e+03 9.007011772730000310e-01
3.515686510259999977e+03 9.049193085040000417e-01
3.516697018570000182e+03 9.028885179569999808e-01
3.517707526879999932e+03 8.969625969890000494e-01
3.518718035190000137e+03 8.942393078889999680e-01
3.519728543499999887e+03 8.918011014660000013e-01
3.520739051810000092e+03 8.899231487290000242e-01
3.521749560119999842e+03 8.882436931380000011e-01
3.522760068430000047e+03 8.881412780249999805e-01
3.523770576739999797e+03 8.904055408990000364e-01
3.524781085040000107e+03 8.895331880939999492e-01
3.525791593349999857e+03 8.885807842230000198e-01
3.526802101660000062e+03 8.923997895309999651e-01
3.527812609969999812e+03 8.950744776539999448e-01
3.528823118280000017e+03 8.918875537629999961e-01
3.529833626590000222e+03 8.975359877420000521e-01
3.530844134899999972e+03 8.987249324930000061e-01
3.531854643210000177e+03 8.966748113000000409e-01
3.532865151519999927e+03 8.921712709089999471e-01
3.533875659819999782e+03 8.948627778890000384e-01
3.534886168129999987e+03 8.926897249359999620e-01
3.535896676440000192e+03 8.955333536459999522e-01
3.536907184749999942e+03 8.970410842520000205e-01
3.537917693060000147e+03 8.990964237540000070e-01
3.538928201369999897e+03 8.970276428450000283e-01
3.539938709680000102e+03 8.946028909680000529e-01
3.540949217989999852e+03 8.917142034410000528e-01
3.541959726300000057e+03 8.942025237930000259e-01
3.542970234599999912e+03 8.924255110259999846e-01
3.543980742910000117e+03 8.938243217400000384e-01
3.544991251219999867e+03 8.954713933919999924e-01
3.546001759530000072e+03 8.959213913200000379e-01
3.547012267839999822e+03 8.928968663830000319e-01
3.548022776150000027e+03 8.968771924139999907e-01
3.549033284459999777e+03 8.983171260119999779e-01
3.550043792769999982e+03 8.975666273510000126e-01
3.551054301080000187e+03 8.944222616129999803e-01
3.552064809380000042e+03 8.941502761289999990e-01
3.553075317689999792e+03 8.884806715349999884e-01
3.554085825999999997e+03 8.818642155429999852e-01
3.555096334310000202e+03 8.760483707039999901e-01
3.556106842619999952e+03 8.741570461580000506e-01
3.557117350930000157e+03 8.725571965589999923e-01
3.558127859239999907e+03 8.741008238120000495e-01
3.559138367550000112e+03 8.768455557769999631e-01
3.560148875859999862e+03 8.843054684650000219e-01
3.561159384160000172e+03 8.892920565980000358e-01
3.562169892469999922e+03 8.879615193550000063e-01
3.563180400780000127e+03 8.908573373899999481e-01
3.564190909089999877e+03 8.935187672729999475e-01
3.565201417400000082e+03 8.910467929419999544e-01
3.566211925709999832e+03 8.874721315150000400e-01
3.567222434020000037e+03 8.898999444570000472e-01
3.568232942329999787e+03 8.878142311629999561e-01
3.569243450639999992e+03 8.854425338219999997e-01
3.570253958939999848e+03 8.868791468619999785e-01
3.571264467250000052e+03 8.901160569399999556e-01
3.572274975559999802e+03 8.894385947999999820e-01
3.573285483870000007e+03 8.890089845159999671e-01
3.574295992180000212e+03 8.877264939000000243e-01
3.575306500489999962e+03 8.862777894529999534e-01
3.576317008800000167e+03 8.856546242230000088e-01
3.577327517109999917e+03 8.862892299319999889e-01
3.578338025420000122e+03 8.883224673899999813e-01
3.579348533719999978e+03 8.888393513200000262e-01
3.580359042030000182e+03 8.895234913780000197e-01
3.581369550339999932e+03 8.879952157870000251e-01
3.582380058650000137e+03 8.848683219940000066e-01
3.583390566959999887e+03 8.859099797260000519e-01
3.584401075270000092e+03 8.857770455910000118e-01
3.585411583579999842e+03 8.858456164810000200e-01
3.586422091890000047e+03 8.851124396680000173e-01
3.587432600199999797e+03 8.838802488860000306e-01
3.588443108500000108e+03 8.816707564219999904e-01
3.589453616809999858e+03 8.810707430690000175e-01
3.590464125120000062e+03 8.757585522190000082e-01
3.591474633429999813e+03 8.772823970380000391e-01
3.592485141740000017e+03 8.817225976539999621e-01
3.593495650050000222e+03 8.833007589350000410e-01
3.594506158359999972e+03 8.872204446329999827e-01
3.595516666670000177e+03 8.906578066670000071e-01
3.596527174979999927e+03 8.916569071159999860e-01
3.597537683279999783e+03 8.912338295599999682e-01
3.598548191589999988e+03 8.863282450239999832e-01
3.599558699900000192e+03 8.792020212609999996e-01
3.600569208209999942e+03 8.774888835780000340e-01
3.601579716520000147e+03 8.741699119750000468e-01
3.602590224829999897e+03 8.746142156209999463e-01
3.603600733140000102e+03 8.757509742229999672e-01
3.604611241449999852e+03 8.817310965000000333e-01
3.605621749760000057e+03 8.890299654640000382e-01
3.606632258059999913e+03 8.903850458059999751e-01
3.607642766370000118e+03 8.868358407040000113e-01
3.608653274679999868e+03 8.919117389049999733e-01
3.609663782990000072e+03 8.889628390620000209e-01
3.610674291299999823e+03 8.821629123559999730e-01
3.611684799610000027e+03 8.813759055619999616e-01
3.612695307919999777e+03 8.825875712020000430e-01
3.613705816229999982e+03 8.828126941249999637e-01
3.614716324540000187e+03 8.868557143299999890e-01
3.615726832840000043e+03 8.926044429909999467e-01
3.616737341149999793e+03 8.938258359139999998e-01
3.617747849459999998e+03 8.915545256989999556e-01
3.618758357770000202e+03 8.864213167159999962e-01
3.619768866079999952e+03 8.852922491979999808e-01
3.620779374390000157e+03 8.838313053180000267e-01
3.621789882699999907e+03 8.836902978299999711e-01
3.622800391010000112e+03 8.887203948190000036e-01
3.623810899319999862e+03 8.873617917199999594e-01
3.624821407620000173e+03 8.882118199999999852e-01
3.625831915929999923e+03 8.862147238030000373e-01
3.626842424240000128e+03 8.859385993939999926e-01
3.627852932549999878e+03 8.823098956299999518e-01
3.628863440860000082e+03 8.820738298920000053e-01
3.629873949169999833e+03 8.782148718079999528e-01
3.630884457480000037e+03 8.762503769499999651e-01
3.631894965789999787e+03 8.744405506550000373e-01
3.632905474099999992e+03 8.748833366960000468e-01
3.633915982399999848e+03 8.780729689149999739e-01
3.634926490710000053e+03 8.770997369309999625e-01
3.635936999019999803e+03 8.780609294619999838e-01
3.636947507330000008e+03 8.821335713200000317e-01
3.637958015640000212e+03 8.811798213979999961e-01
3.638968523949999962e+03 8.800358270770000102e-01
3.639979032260000167e+03 8.795898135480000324e-01
3.640989540569999917e+03 8.772599543300000358e-01
3.642000048880000122e+03 8.722615434999999584e-01
3.643010557179999978e+03 8.706139783580000291e-01
3.644021065490000183e+03 8.724023343790000551e-01
3.645031573799999933e+03 8.731145191010000195e-01
3.646042082110000138e+03 8.733439608209999649e-01
3.647052590419999888e+03 8.739803958159999553e-01
3.648063098730000092e+03 8.739484700490000035e-01
3.649073607039999843e+03 8.727605291500000195e-01
3.650084115350000047e+03 8.748050864519999470e-01
3.651094623659999797e+03 8.793756825809999622e-01
3.652105131960000108e+03 8.848918265980000308e-01
3.653115640269999858e+03 8.897988953080000485e-01
3.654126148580000063e+03 8.891742681619999589e-01
3.655136656889999813e+03 8.915560266859999805e-01
3.656147165200000018e+03 8.911954638419999908e-01
3.657157673510000222e+03 8.882332327859999710e-01
3.658168181819999973e+03 8.907406100000000437e-01
3.659178690130000177e+03 8.938274242820000159e-01
3.660189198439999927e+03 8.940812852589999915e-01
3.661199706739999783e+03 8.971988291500000434e-01
3.662210215049999988e+03 8.949644653760000512e-01
3.663220723360000193e+03 8.893645862760000131e-01
3.664231231669999943e+03 8.831487760699999745e-01
3.665241739980000148e+03 8.791867088170000066e-01
3.666252248289999898e+03 8.756448863829999762e-01
3.667262756600000102e+03 8.757798432259999988e-01
3.668273264909999853e+03 8.771116399709999456e-01
3.669283773220000057e+03 8.817983688170000223e-01
3.670294281519999913e+03 8.819955640469999691e-01
3.671304789830000118e+03 8.816553168720000500e-01
3.672315298139999868e+03 8.849327881130000240e-01
3.673325806450000073e+03 8.833890077420000209e-01
3.674336314759999823e+03 8.770190405279999490e-01
3.675346823070000028e+03 8.762166337440000508e-01
3.676357331379999778e+03 8.743268546329999724e-01
3.677367839689999983e+03 8.699351071749999997e-01
3.678378348000000187e+03 8.719897296090000083e-01
3.679388856300000043e+03 8.772953249270000198e-01
3.680399364609999793e+03 8.783255514369999739e-01
3.681409872919999998e+03 8.807400139779999471e-01
3.682420381230000203e+03 8.796836630500000087e-01
3.683430889539999953e+03 8.770712483089999623e-01
3.684441397850000158e+03 8.773360635479999781e-01
3.685451906159999908e+03 8.776221583579999486e-01
3.686462414470000112e+03 8.714053725810000373e-01
3.687472922779999863e+03 8.718129688950000400e-01
3.688483431090000067e+03 8.766215076540000428e-01
3.689493939389999923e+03 8.767470575760000218e-01
3.690504447700000128e+03 8.748102354350000276e-01
3.691514956009999878e+03 8.761232760699999567e-01
3.692525464320000083e+03 8.778741093449999866e-01
3.693535972629999833e+03 8.704856672920000538e-01
3.694546480940000038e+03 8.694579372430000230e-01
3.695556989249999788e+03 8.710399047310000142e-01
3.696567497559999993e+03 8.765692683189999501e-01
3.697578005870000197e+03 8.803663374779999717e-01
3.698588514170000053e+03 8.883454703619999560e-01
3.699599022479999803e+03 8.921916869399999506e-01
3.700609530790000008e+03 8.902576490029999734e-01
3.701620039100000213e+03 8.840318899710000178e-01
3.702630547409999963e+03 8.783367187189999870e-01
3.703641055720000168e+03 8.741079470379999883e-01
3.704651564029999918e+03 8.708059895890000179e-01
3.705662072340000122e+03 8.724077309290000359e-01
3.706672580649999873e+03 8.785774370969999802e-01
3.707683088950000183e+03 8.800858514570000235e-01
3.708693597259999933e+03 8.815494589150000282e-01
3.709704105570000138e+03 8.828375295010000290e-01
3.710714613879999888e+03 8.803098935680000459e-01
3.711725122190000093e+03 8.738087654349999678e-01
3.712735630499999843e+03 8.761200486510000163e-01
3.713746138810000048e+03 8.715854001759999470e-01
3.714756647119999798e+03 8.676462499410000362e-01
3.715767155430000003e+03 8.656881026980000060e-01
3.716777663729999858e+03 8.710587595600000066e-01
3.717788172040000063e+03 8.723406268819999809e-01
3.718798680349999813e+03 8.793662664219999980e-01
3.719809188660000018e+03 8.817430424829999502e-01
3.720819696970000223e+03 8.835343539390000389e-01
3.721830205279999973e+03 8.813048412320000358e-01
3.722840713590000178e+03 8.776800360219999542e-01
3.723851221899999928e+03 8.744055269599999569e-01
3.724861730210000133e+03 8.739707753959999881e-01
3.725872238509999988e+03 8.757330084650000179e-01
3.726882746820000193e+03 8.711631923949999523e-01
3.727893255129999943e+03 8.698224756600000385e-01
3.728903763440000148e+03 8.666670276340000534e-01
3.729914271749999898e+03 8.658832650829999533e-01
3.730924780060000103e+03 8.667951596770000489e-01
3.731935288369999853e+03 8.717255504590000204e-01
3.732945796680000058e+03 8.728947646039999508e-01
3.733956304989999808e+03 8.740280532549999926e-01
3.734966813290000118e+03 8.717296796090000521e-01
3.735977321599999868e+03 8.650153471949999506e-01
3.736987829910000073e+03 8.645671200590000494e-01
3.737998338219999823e+03 8.669775061969999808e-01
3.739008846530000028e+03 8.672157110749999509e-01
3.740019354839999778e+03 8.707200316130000450e-01
3.741029863149999983e+03 8.807897609579999898e-01
3.742040371460000188e+03 8.827612249849999815e-01
3.743050879769999938e+03 8.821657394130000274e-01
3.744061388069999794e+03 8.869876484259999749e-01
3.745071896379999998e+03 8.817880492670000514e-01
3.746082404690000203e+03 8.757976866859999987e-01
3.747092912999999953e+03 8.749991716520000296e-01
3.748103421310000158e+03 8.724462799219999676e-01
3.749113929619999908e+03 8.693205527270000399e-01
3.750124437930000113e+03 8.736019403710000297e-01
3.751134946239999863e+03 8.719671202150000022e-01
3.752145454550000068e+03 8.677210272730000451e-01
3.753155962849999923e+03 8.627034785430000019e-01
3.754166471160000128e+03 8.570192497949999932e-01
3.755176979469999878e+03 8.567662603229999618e-01
3.756187487780000083e+03 8.616527262559999789e-01
3.757197996089999833e+03 8.624930187779999979e-01
3.758208504400000038e+03 8.654595474489999996e-01
3.759219012709999788e+03 8.721533155230000167e-01
3.760229521019999993e+03 8.728891957969999726e-01
3.761240029330000198e+03 8.689720043399999927e-01
3.762250537630000053e+03 8.705514688169999626e-01
3.763261045939999804e+03 8.700527418669999902e-01
3.764271554250000008e+03 8.665140381229999855e-01
3.765282062560000213e+03 8.649723433139999695e-01
3.766292570869999963e+03 8.646950131380000126e-01
3.767303079180000168e+03 8.622274082699999953e-01
3.768313587489999918e+03 8.652818037730000134e-01
3.769324095800000123e+03 8.694276880739999491e-01
3.770334604109999873e+03 8.703179672140000100e-01
3.771345112410000183e+03 8.740347938610000256e-01
3.772355620719999933e+03 8.752089590220000215e-01
3.773366129030000138e+03 8.737052448390000281e-01
3.774376637339999888e+03 8.664974480939999779e-01
3.775387145650000093e+03 8.627369470969999954e-01
3.776397653959999843e+03 8.540772068619999491e-01
3.777408162270000048e+03 8.492119744670000303e-01
3.778418670579999798e+03 8.510060599609999832e-01
3.779429178890000003e+03 8.555562861579999456e-01
3.780439687189999859e+03 8.605840717299999554e-01
3.781450195500000063e+03 8.700224150440000193e-01
3.782460703809999814e+03 8.773630367739999603e-01
3.783471212120000018e+03 8.755721466670000064e-01
3.784481720430000223e+03 8.734131404299999568e-01
3.785492228739999973e+03 8.696116866859999739e-01
3.786502737050000178e+03 8.647788051999999448e-01
3.787513245359999928e+03 8.643267593160000040e-01
3.788523753670000133e+03 8.648344717889999700e-01
3.789534261969999989e+03 8.638516964129999698e-01
3.790544770280000193e+03 8.648665509870000490e-01
3.791555278589999944e+03 8.657305715840000193e-01
3.792565786900000148e+03 8.617997503619999611e-01
3.793576295209999898e+03 8.628990022189999554e-01
3.794586803520000103e+03 8.686114472139999654e-01
3.795597311829999853e+03 8.715200619349999789e-01
3.796607820140000058e+03 8.776197084650000368e-01
3.797618328449999808e+03 8.837678596479999760e-01
3.798628836750000119e+03 8.867886419939999820e-01
3.799639345059999869e+03 8.825709468329999696e-01
3.800649853370000073e+03 8.790515913199999920e-01
3.801660361679999824e+03 8.731688610259999983e-01
3.802670869990000028e+03 8.674120541940000262e-01
3.803681378299999778e+03 8.588068268040000008e-01
3.804691886609999983e+03 8.569694649460000146e-01
3.805702394920000188e+03 8.546199786410000332e-01
3.806712903229999938e+03 8.528534632259999748e-01
3.807723411529999794e+03 8.491747936660000162e-01
3.808733919839999999e+03 8.508776308500000107e-01
3.809744428150000203e+03 8.548395549270000338e-01
3.810754936459999954e+03 8.547686383970000135e-01
3.811765444770000158e+03 8.540129839200000239e-01
3.812775953079999908e+03 8.580222402930000047e-01
3.813786461390000113e+03 8.593437665490000210e-01
3.814796969699999863e+03 8.578558569699999969e-01
3.815807478010000068e+03 8.615222814080000235e-01
3.816817986309999924e+03 8.615829567739999861e-01
3.817828494620000129e+03 8.623750341939999675e-01
3.818839002929999879e+03 8.591681368910000227e-01
3.819849511240000083e+03 8.592981296970000349e-01
3.820860019549999834e+03 8.577832245940000266e-01
3.821870527860000038e+03 8.592422045449999990e-01
3.822881036169999788e+03 8.552397920040000212e-01
3.823891544479999993e+03 8.573811204110000084e-01
3.824902052790000198e+03 8.548332824050000056e-01
3.825912561090000054e+03 8.542166859919999577e-01
3.826923069399999804e+03 8.570328356990000174e-01
3.827933577710000009e+03 8.609488043699999871e-01
3.828944086020000213e+03 8.620555849459999864e-01
3.829954594329999964e+03 8.647892422089999975e-01
3.830965102640000168e+03 8.650710970089999785e-01
3.831975610949999918e+03 8.629058533719999868e-01
3.832986119260000123e+03 8.595721895989999473e-01
3.833996627569999873e+03 8.579087740180000310e-01
3.835007135870000184e+03 8.584941546040000260e-01
3.836017644179999934e+03 8.595194048880000492e-01
3.837028152490000139e+03 8.590686448680000531e-01
3.838038660799999889e+03 8.606432772140000242e-01
3.839049169110000093e+03 8.576229279960000396e-01
3.840059677419999844e+03 8.534790725809999756e-01
3.841070185730000048e+03 8.490558491299999844e-01
3.842080694039999798e+03 8.497055624729999979e-01
3.843091202350000003e+03 8.500110021700000296e-01
3.844101710649999859e+03 8.532671087190000225e-01
3.845112218960000064e+03 8.555080515149999787e-01
3.846122727269999814e+03 8.557220336359999679e-01
3.847133235580000019e+03 8.524853626980000154e-01
3.848143743890000223e+03 8.535357338219999868e-01
3.849154252199999974e+03 8.540593203520000509e-01
3.850164760510000178e+03 8.528214028449999651e-01
3.851175268819999928e+03 8.481317767739999791e-01
3.852185777130000133e+03 8.434571061290000449e-01
3.853196285429999989e+03 8.422535517110000258e-01
3.854206793740000194e+03 8.420088794529999587e-01
3.855217302049999944e+03 8.434763353669999519e-01
3.856227810360000149e+03 8.516443026100000147e-01
3.857238318669999899e+03 8.588062226389999720e-01
3.858248826980000104e+03 8.608145813490000187e-01
3.859259335289999854e+03 8.619407456109999810e-01
3.860269843600000058e+03 8.616412150240000400e-01
3.861280351909999808e+03 8.633471635189999827e-01
3.862290860220000013e+03 8.615460975269999544e-01
3.863301368519999869e+03 8.592080403520000464e-01
3.864311876830000074e+03 8.575935379469999953e-01
3.865322385139999824e+03 8.580089460019999503e-01
3.866332893450000029e+03 8.511170894820000443e-01
3.867343401759999779e+03 8.529968436949999511e-01
3.868353910069999984e+03 8.540262124830000356e-01
3.869364418380000188e+03 8.498409666670000417e-01
3.870374926689999938e+03 8.518053729029999577e-01
3.871385435000000143e+03 8.585941312020000105e-01
3.872395943299999999e+03 8.591635028149999798e-01
3.873406451610000204e+03 8.583410458060000137e-01
3.874416959919999954e+03 8.607423955430000273e-01
3.875427468230000159e+03 8.595155790220000425e-01
3.876437976539999909e+03 8.572659199409999875e-01
3.877448484850000114e+03 8.554779248480000042e-01
3.878458993159999864e+03 8.525368266570000353e-01
3.879469501470000068e+03 8.498108264520000121e-01
3.880480009779999818e+03 8.458824992669999876e-01
3.881490518080000129e+03 8.441003817009999910e-01
3.882501026389999879e+03 8.450455178589999505e-01
3.883511534700000084e+03 8.489666017989999647e-01
3.884522043009999834e+03 8.509856312900000441e-01
3.885532551320000039e+03 8.522993341939999468e-01
3.886543059629999789e+03 8.508995382209999514e-01
3.887553567939999994e+03 8.518529861000000425e-01
3.888564076250000198e+03 8.733099422579999604e-01
3.889574584559999948e+03 9.039837646730000120e-01
3.890585092859999804e+03 9.341297774779999674e-01
3.891595601170000009e+03 9.653930497949999578e-01
3.892606109480000214e+03 9.927573280839999681e-01
3.893616617789999964e+03 9.983595598629999568e-01
3.894627126100000169e+03 9.989406852790000402e-01
3.895637634409999919e+03 9.993255212899999629e-01
3.896648142720000124e+03 9.996111290520000026e-01
3.897658651029999874e+03 9.998249917889999727e-01
3.898669159340000078e+03 9.999784028050000551e-01
3.899679667639999934e+03 9.999816630690000485e-01
3.900690175950000139e+03 9.999839423170000519e-01
3.901700684259999889e+03 9.999855810950000201e-01
3.902711192570000094e+03 9.999886980550000137e-01
3.903721700879999844e+03 9.999918651029999772e-01
3.904732209190000049e+03 9.999947437439999920e-01
3.905742717499999799e+03 9.999973225220000206e-01
3.906753225810000004e+03 9.999996770969999949e-01
3.907763734120000208e+03 1.000000000000000000e+00
3.908774242420000064e+03 1.000000000000000000e+00
3.909784750729999814e+03 1.000000000000000000e+00
3.910795259040000019e+03 1.000000000000000000e+00
3.911805767350000224e+03 1.000000000000000000e+00
3.912816275659999974e+03 1.000000000000000000e+00
3.913826783970000179e+03 1.000000000000000000e+00
3.914837292279999929e+03 1.000000000000000000e+00
3.915847800590000134e+03 1.000000000000000000e+00
3.916858308899999884e+03 1.000000000000000000e+00
3.917868817200000194e+03 1.000000000000000000e+00
3.918879325509999944e+03 1.000000000000000000e+00
3.919889833820000149e+03 1.000000000000000000e+00
3.920900342129999899e+03 1.000000000000000000e+00
3.921910850440000104e+03 1.000000000000000000e+00
3.922921358749999854e+03 1.000000000000000000e+00
3.923931867060000059e+03 1.000000000000000000e+00
3.924942375369999809e+03 1.000000000000000000e+00
3.925952883680000014e+03 1.000000000000000000e+00
3.926963391979999869e+03 1.000000000000000000e+00
3.927973900290000074e+03 1.000000000000000000e+00
3.928984408599999824e+03 1.000000000000000000e+00
3.929994916910000029e+03 1.000000000000000000e+00
3.931005425219999779e+03 1.000000000000000000e+00
3.932015933529999984e+03 1.000000000000000000e+00
3.933026441840000189e+03 1.000000000000000000e+00
3.934036950149999939e+03 1.000000000000000000e+00
3.935047458460000144e+03 1.000000000000000000e+00
3.936057966759999999e+03 1.000000000000000000e+00
3.937068475070000204e+03 1.000000000000000000e+00
3.938078983379999954e+03 1.000000000000000000e+00
3.939089491690000159e+03 1.000000000000000000e+00
3.940099999999999909e+03 1.000000000000000000e+00
