# Wavelength (Angstroms)     Mean
2.896650000000000091e+03 9.232706800000000102e-01
2.897303323560000081e+03 9.161416086410000270e-01
2.897956647120000071e+03 9.110206182600000258e-01
2.898609970670000166e+03 9.055811013200000259e-01
2.899263294230000156e+03 9.011766688369999834e-01
2.899916617790000146e+03 8.971030415049999762e-01
2.900569941350000136e+03 8.961020014660000532e-01
2.901223264910000125e+03 8.960997344869999770e-01
2.901876588470000115e+03 8.982851645360000470e-01
2.902529912020000211e+03 9.006873797069999688e-01
2.903183235580000201e+03 9.020051780650000239e-01
2.903836559140000190e+03 9.057420437630000487e-01
2.904489882700000180e+03 9.103873951909999818e-01
2.905143206260000170e+03 9.132822239300000255e-01
2.905796529809999811e+03 9.145017810169999706e-01
2.906449853369999801e+03 9.164647346919999604e-01
2.907103176929999790e+03 9.166535300289999633e-01
2.907756500489999780e+03 9.172960551909999927e-01
2.908409824050000225e+03 9.169127492080000330e-01
2.909063147610000215e+03 9.142235849269999548e-01
2.909716471159999855e+03 9.132182119060000547e-01
2.910369794719999845e+03 9.132331634020000033e-01
2.911023118279999835e+03 9.115090890320000083e-01
2.911676441839999825e+03 9.121665235779999881e-01
2.912329765399999815e+03 9.125365337830000367e-01
2.912983088949999910e+03 9.121640268330000190e-01
2.913636412509999900e+03 9.148669432260000400e-01
2.914289736069999890e+03 9.150382741939999676e-01
2.914943059629999880e+03 9.153115655719999966e-01
2.915596383189999870e+03 9.160655502250000248e-01
2.916249706739999965e+03 9.145789173020000273e-01
2.916903030299999955e+03 9.140677703030000156e-01
2.917556353859999945e+03 9.139873674880000243e-01
2.918209677419999935e+03 9.152993251609999881e-01
2.918863000979999924e+03 9.139830645750000038e-01
2.919516324539999914e+03 9.132205592469999633e-01
2.920169648090000010e+03 9.137035053369999549e-01
2.920822971649999999e+03 9.151789268329999505e-01
2.921476295209999989e+03 9.155083987880000551e-01
2.922129618769999979e+03 9.135995727569999891e-01
2.922782942329999969e+03 9.103590831669999828e-01
2.923436265880000064e+03 9.073601420819999985e-01
2.924089589440000054e+03 9.083914917300000003e-01
2.924742913000000044e+03 9.094182567349999857e-01
2.925396236560000034e+03 9.080322234409999860e-01
2.926049560120000024e+03 9.073156442230000396e-01
2.926702883680000014e+03 9.066131180449999993e-01
2.927356207230000109e+03 9.067283368909999641e-01
2.928009530790000099e+03 9.051012775950000311e-01
2.928662854350000089e+03 9.054457809189999651e-01
2.929316177910000079e+03 9.033451123950000383e-01
2.929969501470000068e+03 9.023107245450000535e-01
2.930622825020000164e+03 9.005994298730000125e-01
2.931276148580000154e+03 9.022270249460000446e-01
2.931929472140000144e+03 9.028718578300000130e-01
2.932582795700000133e+03 9.034563573120000246e-01
2.933236119260000123e+03 9.037400964809999548e-01
2.933889442820000113e+03 9.041412770379999575e-01
2.934542766370000209e+03 9.072071425809999923e-01
2.935196089930000198e+03 9.083260705669999879e-01
2.935849413490000188e+03 9.081155403520000391e-01
2.936502737050000178e+03 9.066224788760000042e-01
2.937156060610000168e+03 9.061365612120000357e-01
2.937809384159999809e+03 9.069005992669999516e-01
2.938462707719999798e+03 9.094245582800000172e-01
2.939116031279999788e+03 9.086507066179999592e-01
2.939769354839999778e+03 9.077438503229999789e-01
2.940422678400000223e+03 9.090908531379999769e-01
2.941076001960000212e+03 9.111138140179999567e-01
2.941729325509999853e+03 9.112785408500000406e-01
2.942382649069999843e+03 9.109739140760000353e-01
2.943035972629999833e+03 9.103395123559999691e-01
2.943689296189999823e+03 9.084512300879999946e-01
2.944342619749999812e+03 9.058364659340000236e-01
2.944995943299999908e+03 9.021056733919999848e-01
2.945649266859999898e+03 8.991021302639999879e-01
2.946302590419999888e+03 8.964541096189999614e-01
2.946955913979999877e+03 8.954530601079999652e-01
2.947609237539999867e+03 8.972742767160000188e-01
2.948262561089999963e+03 8.954339281330000455e-01
2.948915884649999953e+03 8.947357943299999450e-01
2.949569208209999942e+03 8.951309042520000370e-01
2.950222531769999932e+03 8.962046528839999748e-01
2.950875855329999922e+03 8.960669748289999959e-01
2.951529178889999912e+03 8.999170518479999714e-01
2.952182502440000007e+03 9.024008544179999980e-01
2.952835825999999997e+03 9.003429760900000245e-01
2.953489149559999987e+03 8.995968715250000081e-01
2.954142473119999977e+03 9.013631765590000011e-01
2.954795796679999967e+03 9.009406425120000117e-01
2.955449120230000062e+03 9.021598823459999750e-01
2.956102443790000052e+03 9.035258401560000152e-01
2.956755767350000042e+03 9.012823022479999890e-01
2.957409090910000032e+03 9.019351500000000188e-01
2.958062414470000022e+03 9.051604196870000063e-01
2.958715738030000011e+03 9.065560701470000149e-01
2.959369061580000107e+03 9.083187309089999495e-01
2.960022385140000097e+03 9.094787511630000321e-01
2.960675708700000087e+03 9.090960535090000239e-01
2.961329032260000076e+03 9.088489061290000448e-01
2.961982355820000066e+03 9.094087691890000436e-01
2.962635679370000162e+03 9.109614254350000273e-01
2.963289002930000152e+03 9.138297702640000297e-01
2.963942326490000141e+03 9.147094021410000497e-01
2.964595650050000131e+03 9.128146551910000239e-01
2.965248973610000121e+03 9.130496899409999978e-01
2.965902297170000111e+03 9.124314973410000418e-01
2.966555620720000206e+03 9.103202195799999785e-01
2.967208944280000196e+03 9.076363085630000382e-01
2.967862267840000186e+03 9.041213332259999680e-01
2.968515591400000176e+03 8.994118612899999476e-01
2.969168914960000166e+03 8.983763095890000550e-01
2.969822238509999806e+03 9.011995667840000390e-01
2.970475562069999796e+03 9.020794003809999850e-01
2.971128885629999786e+03 9.029301606449999795e-01
2.971782209189999776e+03 9.039718252589999947e-01
2.972435532750000220e+03 9.066759856110000459e-01
2.973088856299999861e+03 9.107166135480000424e-01
2.973742179859999851e+03 9.177657181039999834e-01
2.974395503419999841e+03 9.228277985430000108e-01
2.975048826979999831e+03 9.260315453959999665e-01
2.975702150539999820e+03 9.308734911830000014e-01
2.976355474099999810e+03 9.363068888369999732e-01
2.977008797649999906e+03 9.407447679179999911e-01
2.977662121209999896e+03 9.415983127270000086e-01
2.978315444769999885e+03 9.383065537629999842e-01
2.978968768329999875e+03 9.336786246329999983e-01
2.979622091889999865e+03 9.320456653959999782e-01
2.980275415439999961e+03 9.305883196480000397e-01
2.980928738999999950e+03 9.319981512020000247e-01
2.981582062559999940e+03 9.342190768329999839e-01
2.982235386119999930e+03 9.349255172629999944e-01
2.982888709679999920e+03 9.368995580650000266e-01
2.983542033239999910e+03 9.400620429520000210e-01
2.984195356790000005e+03 9.422461579080000371e-01
2.984848680349999995e+03 9.442004485039999784e-01
2.985502003909999985e+03 9.445552628929999583e-01
2.986155327469999975e+03 9.427840503909999947e-01
2.986808651029999965e+03 9.410062946039999821e-01
2.987461974580000060e+03 9.401086678400000229e-01
2.988115298140000050e+03 9.399157126299999554e-01
2.988768621700000040e+03 9.398324616719999636e-01
2.989421945260000030e+03 9.405850485829999608e-01
2.990075268820000019e+03 9.403776484950000514e-01
2.990728592380000009e+03 9.411474695599999496e-01
2.991381915930000105e+03 9.411463206839999485e-01
2.992035239490000095e+03 9.409656680160000120e-01
2.992688563050000084e+03 9.426725694719999549e-01
2.993341886610000074e+03 9.414473532360000396e-01
2.993995210170000064e+03 9.399672903710000194e-01
2.994648533720000160e+03 9.409138229910000151e-01
2.995301857280000149e+03 9.420031129620000110e-01
2.995955180840000139e+03 9.400858895600000542e-01
2.996608504400000129e+03 9.399642925810000049e-01
2.997261827960000119e+03 9.403718881720000144e-01
2.997915151520000109e+03 9.401855996969999962e-01
2.998568475070000204e+03 9.423266285629999794e-01
2.999221798630000194e+03 9.426522590220000053e-01
2.999875122190000184e+03 9.394104837929999618e-01
3.000528445750000174e+03 9.399212995889999478e-01
3.001181769310000163e+03 9.405266607919999799e-01
3.001835092859999804e+03 9.396960300879999561e-01
3.002488416419999794e+03 9.385631853370000055e-01
3.003141739979999784e+03 9.374148296380000467e-01
3.003795063539999774e+03 9.352566836750000334e-01
3.004448387100000218e+03 9.345875922580000328e-01
3.005101710649999859e+03 9.325468036559999563e-01
3.005755034209999849e+03 9.285038253959999599e-01
3.006408357769999839e+03 9.261633100289999865e-01
3.007061681329999828e+03 9.274622316909999498e-01
3.007715004889999818e+03 9.277882452879999686e-01
3.008368328449999808e+03 9.299123735480000486e-01
3.009021651999999904e+03 9.326634698439999482e-01
3.009674975559999893e+03 9.355214944090000095e-01
3.010328299119999883e+03 9.370618831379999847e-01
3.010981622679999873e+03 9.388054591009999950e-01
3.011634946239999863e+03 9.385923652690000285e-01
3.012288269789999958e+03 9.362923360120000149e-01
3.012941593349999948e+03 9.362394641150000307e-01
3.013594916909999938e+03 9.350097138809999597e-01
3.014248240469999928e+03 9.340793750439999599e-01
3.014901564029999918e+03 9.342001169700000496e-01
3.015554887589999908e+03 9.336541636359999563e-01
3.016208211140000003e+03 9.327793034019999929e-01
3.016861534699999993e+03 9.327563237439999710e-01
3.017514858259999983e+03 9.346346505179999875e-01
3.018168181819999973e+03 9.340934245449999951e-01
3.018821505379999962e+03 9.343500782800000515e-01
3.019474828930000058e+03 9.322549410070000153e-01
3.020128152490000048e+03 9.301023368330000318e-01
3.020781476050000038e+03 9.324186883970000395e-01
3.021434799610000027e+03 9.345739208409999943e-01
3.022088123170000017e+03 9.340433604400000256e-01
3.022741446730000007e+03 9.333474465490000371e-01
3.023394770280000103e+03 9.346185110069999968e-01
3.024048093840000092e+03 9.360675601760000131e-01
3.024701417400000082e+03 9.367822787589999978e-01
3.025354740960000072e+03 9.380695979469999557e-01
3.026008064520000062e+03 9.395933148389999934e-01
3.026661388070000157e+03 9.403590100880000469e-01
3.027314711630000147e+03 9.420566746140000003e-01
3.027968035190000137e+03 9.407418663929999481e-01
3.028621358750000127e+03 9.380211655519999914e-01
3.029274682310000117e+03 9.386268439299999544e-01
3.029928005870000106e+03 9.410892522579999975e-01
3.030581329420000202e+03 9.400739306740000245e-01
3.031234652980000192e+03 9.382761316230000537e-01
3.031887976540000182e+03 9.368904876829999839e-01
3.032541300100000171e+03 9.348869482599999614e-01
3.033194623660000161e+03 9.352301389249999541e-01
3.033847947209999802e+03 9.372666150730000201e-01
3.034501270769999792e+03 9.387947230109999763e-01
3.035154594329999782e+03 9.398475289350000095e-01
3.035807917890000226e+03 9.416815429329999931e-01
3.036461241450000216e+03 9.430920218670000299e-01
3.037114564999999857e+03 9.441630682499999594e-01
3.037767888559999847e+03 9.469967313199999515e-01
3.038421212119999836e+03 9.476974193939999846e-01
3.039074535679999826e+03 9.454570705279999876e-01
3.039727859239999816e+03 9.436765154249999732e-01
3.040381182799999806e+03 9.415339015050000482e-01
3.041034506349999901e+03 9.418528798040000094e-01
3.041687829909999891e+03 9.406452544869999821e-01
3.042341153469999881e+03 9.377292266079999550e-01
3.042994477029999871e+03 9.334652484950000106e-01
3.043647800589999861e+03 9.323521666280000231e-01
3.044301124139999956e+03 9.322452925419999481e-01
3.044954447699999946e+03 9.323952695799999635e-01
3.045607771259999936e+03 9.302896183279999454e-01
3.046261094819999926e+03 9.282569196290000324e-01
3.046914418379999915e+03 9.290135976929999595e-01
3.047567741939999905e+03 9.300946154839999647e-01
3.048221065490000001e+03 9.301058972919999945e-01
3.048874389049999991e+03 9.290008275659999981e-01
3.049527712609999980e+03 9.265559149850000065e-01
3.050181036169999970e+03 9.240675847510000374e-01
3.050834359729999960e+03 9.248778611729999710e-01
3.051487683280000056e+03 9.231024510259999705e-01
3.052141006840000045e+03 9.233849245849999887e-01
3.052794330400000035e+03 9.246964105570000259e-01
3.053447653960000025e+03 9.275571161290000477e-01
3.054100977520000015e+03 9.293698621699999496e-01
3.054754301080000005e+03 9.326711470970000528e-01
3.055407624630000100e+03 9.352027680940000476e-01
3.056060948190000090e+03 9.364700189639999506e-01
3.056714271750000080e+03 9.384371037340000221e-01
3.057367595310000070e+03 9.403656231089999595e-01
3.058020918870000060e+03 9.400822677810000139e-01
3.058674242420000155e+03 9.386402066669999877e-01
3.059327565980000145e+03 9.375684444570000498e-01
3.059980889540000135e+03 9.371538379770000260e-01
3.060634213100000125e+03 9.366389729230000238e-01
3.061287536660000114e+03 9.382039368329999629e-01
3.061940860220000104e+03 9.385553505379999883e-01
3.062594183770000200e+03 9.385076658259999816e-01
3.063247507330000190e+03 9.382947540179999990e-01
3.063900830890000179e+03 9.419443913289999859e-01
3.064554154450000169e+03 9.418330669400000188e-01
3.065207478010000159e+03 9.403439240759999818e-01
3.065860801559999800e+03 9.387217457669999598e-01
3.066514125119999790e+03 9.360355734599999922e-01
3.067167448679999779e+03 9.342177517890000171e-01
3.067820772240000224e+03 9.336658771069999974e-01
3.068474095800000214e+03 9.335851255329999931e-01
3.069127419349999855e+03 9.326124235480000024e-01
3.069780742909999844e+03 9.324634223459999927e-01
3.070434066469999834e+03 9.324775735779999852e-01
3.071087390029999824e+03 9.343333399409999851e-01
3.071740713589999814e+03 9.358190993939999869e-01
3.072394037149999804e+03 9.379646723950000320e-01
3.073047360699999899e+03 9.405499892959999775e-01
3.073700684259999889e+03 9.398633623459999864e-01
3.074354007819999879e+03 9.373967160020000300e-01
3.075007331379999869e+03 9.365069615840000417e-01
3.075660654939999858e+03 9.351519052300000245e-01
3.076313978489999954e+03 9.345102578489999923e-01
3.076967302049999944e+03 9.332329492380000424e-01
3.077620625609999934e+03 9.302230959139999866e-01
3.078273949169999923e+03 9.266367022679999899e-01
3.078927272729999913e+03 9.272204218180000179e-01
3.079580596289999903e+03 9.287329869399999493e-01
3.080233919839999999e+03 9.296333189829999455e-01
3.080887243399999988e+03 9.296939452200000398e-01
3.081540566959999978e+03 9.301867053760000115e-01
3.082193890519999968e+03 9.313658013290000426e-01
3.082847214079999958e+03 9.317344384160000104e-01
3.083500537630000053e+03 9.325702249459999482e-01
3.084153861190000043e+03 9.320451535289999700e-01
3.084807184750000033e+03 9.323751663929999989e-01
3.085460508310000023e+03 9.338283463930000527e-01
3.086113831870000013e+03 9.325331519839999972e-01
3.086767155430000003e+03 9.291247253959999952e-01
3.087420478980000098e+03 9.283177471750000409e-01
3.088073802540000088e+03 9.295430314370000113e-01
3.088727126100000078e+03 9.308203921990000351e-01
3.089380449660000068e+03 9.298326758160000427e-01
3.090033773220000057e+03 9.286504870670000411e-01
3.090687096770000153e+03 9.281338729029999790e-01
3.091340420330000143e+03 9.308528254550000325e-01
3.091993743890000133e+03 9.327086026199999935e-01
3.092647067450000122e+03 9.330594700880000536e-01
3.093300391010000112e+03 9.322775367159999993e-01
3.093953714570000102e+03 9.325827431380000476e-01
3.094607038120000198e+03 9.317839175950000108e-01
3.095260361680000187e+03 9.324753829330000299e-01
3.095913685240000177e+03 9.315525580250000326e-01
3.096567008800000167e+03 9.315362976540000339e-01
3.097220332360000157e+03 9.345704050640000204e-01
3.097873655909999798e+03 9.353300502150000417e-01
3.098526979469999787e+03 9.356451729620000046e-01
3.099180303029999777e+03 9.355636939389999629e-01
3.099833626590000222e+03 9.358070799409999863e-01
3.100486950150000212e+03 9.335633851029999652e-01
3.101140273699999852e+03 9.359829781230000201e-01
3.101793597259999842e+03 9.342712375949999704e-01
3.102446920819999832e+03 9.307076991199999538e-01
3.103100244379999822e+03 9.270569760119999891e-01
3.103753567939999812e+03 9.254017276439999717e-01
3.104406891499999801e+03 9.263543191199999915e-01
3.105060215049999897e+03 9.280957051610000397e-01
3.105713538609999887e+03 9.284191585919999712e-01
3.106366862169999877e+03 9.259728795889999864e-01
3.107020185729999866e+03 9.250639170869999761e-01
3.107673509289999856e+03 9.265055306549999647e-01
3.108326832839999952e+03 9.281677084749999640e-01
3.108980156399999942e+03 9.269113502639999558e-01
3.109633479959999931e+03 9.245503526389999838e-01
3.110286803519999921e+03 9.220205711440000451e-01
3.110940127079999911e+03 9.205617934209999742e-01
3.111593450639999901e+03 9.211899664520000197e-01
3.112246774189999996e+03 9.222197090320000123e-01
3.112900097749999986e+03 9.237560355620000330e-01
3.113553421309999976e+03 9.260152405570000189e-01
3.114206744869999966e+03 9.280918388859999979e-01
3.114860068429999956e+03 9.297377210649999668e-01
3.115513391980000051e+03 9.323044504990000148e-01
3.116166715540000041e+03 9.339783046630000252e-01
3.116820039100000031e+03 9.343392130009999796e-01
3.117473362660000021e+03 9.329432103420000066e-01
3.118126686220000011e+03 9.313720503229999670e-01
3.118780009780000000e+03 9.319749664519999532e-01
3.119433333330000096e+03 9.329629799999999973e-01
3.120086656890000086e+03 9.331246995009999656e-01
3.120739980450000076e+03 9.323849014080000108e-01
3.121393304010000065e+03 9.342725707140000502e-01
3.122046627570000055e+03 9.346271546629999483e-01
3.122699951120000151e+03 9.367132965879999551e-01
3.123353274680000141e+03 9.366947085429999653e-01
3.124006598240000130e+03 9.375973235779999637e-01
3.124659921800000120e+03 9.378035536459999877e-01
3.125313245360000110e+03 9.391170159530000117e-01
3.125966568910000206e+03 9.393774702639999807e-01
3.126619892470000195e+03 9.386209925809999577e-01
3.127273216030000185e+03 9.388583668619999711e-01
3.127926539590000175e+03 9.372159117299999620e-01
3.128579863150000165e+03 9.352389372830000047e-01
3.129233186710000155e+03 9.327004698530000359e-01
3.129886510259999795e+03 9.290422429329999732e-01
3.130539833819999785e+03 9.265077723260000120e-01
3.131193157379999775e+03 9.268436893450000547e-01
3.131846480940000220e+03 9.250389284459999972e-01
3.132499804500000209e+03 9.238260835579999997e-01
3.133153128049999850e+03 9.247693461779999957e-01
3.133806451609999840e+03 9.237551032259999628e-01
3.134459775169999830e+03 9.243531032649999757e-01
3.135113098729999820e+03 9.249068027960000160e-01
3.135766422289999809e+03 9.230184195599999697e-01
3.136419745849999799e+03 9.208683591980000305e-01
3.137073069399999895e+03 9.218055863730000299e-01
3.137726392959999885e+03 9.225034899120000409e-01
3.138379716519999874e+03 9.225530281329999971e-01
3.139033040079999864e+03 9.242287880739999961e-01
3.139686363639999854e+03 9.266292954549999461e-01
3.140339687189999950e+03 9.276219505180000047e-01
3.140993010749999939e+03 9.279650095700000545e-01
3.141646334309999929e+03 9.298137684460000552e-01
3.142299657869999919e+03 9.289965359820000490e-01
3.142952981429999909e+03 9.293298671359999652e-01
3.143606304989999899e+03 9.278525957180000505e-01
3.144259628539999994e+03 9.268794270189999462e-01
3.144912952099999984e+03 9.271178229519999592e-01
3.145566275659999974e+03 9.294062643399999546e-01
3.146219599219999964e+03 9.322585328250000414e-01
3.146872922779999953e+03 9.342628745059999851e-01
3.147526246330000049e+03 9.359393759530000301e-01
3.148179569890000039e+03 9.376754240860000200e-01
3.148832893450000029e+03 9.383957795309999517e-01
3.149486217010000018e+03 9.361411088559999927e-01
3.150139540570000008e+03 9.342782572240000416e-01
3.150792864129999998e+03 9.320512517300000299e-01
3.151446187680000094e+03 9.285343160410000074e-01
3.152099511240000083e+03 9.268598835779999767e-01
3.152752834800000073e+03 9.253384693349999690e-01
3.153406158360000063e+03 9.237353754839999764e-01
3.154059481920000053e+03 9.248371170379999784e-01
3.154712805470000148e+03 9.252809439100000422e-01
3.155366129030000138e+03 9.244711338709999948e-01
3.156019452590000128e+03 9.259487782399999922e-01
3.156672776150000118e+03 9.253786194719999525e-01
3.157326099710000108e+03 9.244819053959999477e-01
3.157979423260000203e+03 9.257563029030000390e-01
3.158632746820000193e+03 9.257716639880000375e-01
3.159286070380000183e+03 9.242667635189999453e-01
3.159939393940000173e+03 9.244661963639999591e-01
3.160592717500000163e+03 9.245619040179999804e-01
3.161246041060000152e+03 9.250023920819999690e-01
3.161899364609999793e+03 9.278691303320000250e-01
3.162552688169999783e+03 9.260310576339999544e-01
3.163206011729999773e+03 9.231346894430000338e-01
3.163859335290000217e+03 9.195521411529999911e-01
3.164512658850000207e+03 9.181882701760000209e-01
3.165165982399999848e+03 9.181127746630000086e-01
3.165819305959999838e+03 9.164762520229999820e-01
3.166472629519999828e+03 9.141777146820000421e-01
3.167125953079999817e+03 9.139208775370000204e-01
3.167779276639999807e+03 9.149739649460000290e-01
3.168432600199999797e+03 9.170923826779999732e-01
3.169085923749999893e+03 9.194361225810000482e-01
3.169739247309999882e+03 9.215707919350000221e-01
3.170392570869999872e+03 9.224385399610000036e-01
3.171045894429999862e+03 9.241162907919999725e-01
3.171699217989999852e+03 9.246893392770000331e-01
3.172352541539999947e+03 9.247193026200000165e-01
3.173005865099999937e+03 9.245582415249999908e-01
3.173659188659999927e+03 9.259445289050000083e-01
3.174312512219999917e+03 9.289179273509999835e-01
3.174965835779999907e+03 9.278475729330000199e-01
3.175619159339999896e+03 9.267068681519999851e-01
3.176272482889999992e+03 9.254126126099999627e-01
3.176925806449999982e+03 9.227889683869999748e-01
3.177579130009999972e+03 9.220049550240000391e-01
3.178232453569999961e+03 9.221384095600000386e-01
3.178885777129999951e+03 9.187865796480000347e-01
3.179539100680000047e+03 9.171628440860000175e-01
3.180192424240000037e+03 9.174539130300000123e-01
3.180845747800000026e+03 9.192512243399999505e-01
3.181499071360000016e+03 9.206748794819999970e-01
3.182152394920000006e+03 9.218980795310000032e-01
3.182805718479999996e+03 9.206475059530000449e-01
3.183459042030000091e+03 9.225620097169999756e-01
3.184112365590000081e+03 9.226824267740000307e-01
3.184765689150000071e+03 9.225271935479999463e-01
3.185419012710000061e+03 9.221448758460000228e-01
3.186072336270000051e+03 9.198812356400000168e-01
3.186725659820000146e+03 9.207829085630000465e-01
3.187378983380000136e+03 9.221106613099999683e-01
3.188032306940000126e+03 9.223850135000000172e-01
3.188685630500000116e+03 9.231642676250000346e-01
3.189338954060000106e+03 9.248550649560000059e-01
3.189992277610000201e+03 9.281642640270000300e-01
3.190645601170000191e+03 9.307070641060000149e-01
3.191298924730000181e+03 9.309770329030000457e-01
3.191952248290000171e+03 9.317028499220000315e-01
3.192605571850000160e+03 9.327645453370000395e-01
3.193258895410000150e+03 9.330365664909999746e-01
3.193912218959999791e+03 9.308308120820000253e-01
3.194565542519999781e+03 9.280350011139999467e-01
3.195218866080000225e+03 9.241373003709999479e-01
3.195872189640000215e+03 9.226888662169999700e-01
3.196525513200000205e+03 9.218133677419999561e-01
3.197178836749999846e+03 9.179667288070000319e-01
3.197832160309999836e+03 9.166226166569999556e-01
3.198485483869999825e+03 9.159385529029999695e-01
3.199138807429999815e+03 9.174923706159999748e-01
3.199792130989999805e+03 9.196046881230000025e-01
3.200445454549999795e+03 9.209888472730000109e-01
3.201098778099999890e+03 9.188821167249999755e-01
3.201752101659999880e+03 9.174848143499999553e-01
3.202405425219999870e+03 9.177407311440000104e-01
3.203058748779999860e+03 9.189782391790000116e-01
3.203712072339999850e+03 9.200746746729999703e-01
3.204365395889999945e+03 9.202348768910000310e-01
3.205018719449999935e+03 9.186269771160000541e-01
3.205672043009999925e+03 9.190293073120000544e-01
3.206325366569999915e+03 9.224545091789999596e-01
3.206978690129999904e+03 9.256022214660000191e-01
3.207632013689999894e+03 9.265049508499999531e-01
3.208285337239999990e+03 9.260704339590000167e-01
3.208938660799999980e+03 9.257688717890000252e-01
3.209591984359999969e+03 9.264023356210000504e-01
3.210245307919999959e+03 9.266589160410000359e-01
3.210898631479999949e+03 9.262575363830000130e-01
3.211551955030000045e+03 9.253706861970000253e-01
3.212205278590000034e+03 9.221913360700000339e-01
3.212858602150000024e+03 9.201640730110000055e-01
3.213511925710000014e+03 9.177557609580000442e-01
3.214165249270000004e+03 9.172088331379999460e-01
3.214818572829999994e+03 9.158842741149999522e-01
3.215471896380000089e+03 9.164207372139999697e-01
3.216125219940000079e+03 9.184726691500000317e-01
3.216778543500000069e+03 9.203801391010000277e-01
3.217431867060000059e+03 9.221942508899999558e-01
3.218085190620000049e+03 9.245475645749999805e-01
3.218738514170000144e+03 9.252358087780000462e-01
3.219391837730000134e+03 9.260524044090000517e-01
3.220045161290000124e+03 9.257890270969999502e-01
3.220698484850000114e+03 9.240482003029999447e-01
3.221351808410000103e+03 9.218737424049999740e-01
3.222005131960000199e+03 9.219330278299999737e-01
3.222658455520000189e+03 9.210485248680000403e-01
3.223311779080000179e+03 9.200807077910000409e-01
3.223965102640000168e+03 9.214562513780000241e-01
3.224618426200000158e+03 9.215536828150000526e-01
3.225271749760000148e+03 9.234479884070000422e-01
3.225925073309999789e+03 9.254619873020000220e-01
3.226578396869999779e+03 9.232752567940000210e-01
3.227231720430000223e+03 9.218337907529999820e-01
3.227885043990000213e+03 9.206417825220000184e-01
3.228538367550000203e+03 9.173453597170000418e-01
3.229191691099999844e+03 9.153306276829999977e-01
3.229845014659999833e+03 9.131454166860000221e-01
3.230498338219999823e+03 9.111840054550000012e-01
3.231151661779999813e+03 9.105966286509999952e-01
3.231804985339999803e+03 9.111539215839999928e-01
3.232458308899999793e+03 9.101713357180000186e-01
3.233111632449999888e+03 9.107335824440000449e-01
3.233764956009999878e+03 9.089630866569999856e-01
3.234418279569999868e+03 9.088225212899999628e-01
3.235071603129999858e+03 9.073390962459999542e-01
3.235724926689999847e+03 9.058893111439999535e-01
3.236378250239999943e+03 9.059119668620000398e-01
3.237031573799999933e+03 9.067461038509999627e-01
3.237684897359999923e+03 9.069476529619999727e-01
3.238338220919999912e+03 9.070919783769999523e-01
3.238991544479999902e+03 9.070010688559999590e-01
3.239644868039999892e+03 9.086831401170000211e-01
3.240298191589999988e+03 9.116239868719999695e-01
3.240951515149999977e+03 9.112249509090000199e-01
3.241604838709999967e+03 9.111528596769999933e-01
3.242258162269999957e+03 9.117256598830000280e-01
3.242911485829999947e+03 9.137240841939999747e-01
3.243564809380000042e+03 9.166970509089999997e-01
3.244218132940000032e+03 9.175658270969999641e-01
3.244871456500000022e+03 9.162890240269999653e-01
3.245524780060000012e+03 9.144278025509999797e-01
3.246178103620000002e+03 9.137120033819999820e-01
3.246831427170000097e+03 9.150051081429999567e-01
3.247484750730000087e+03 9.167679473309999771e-01
3.248138074290000077e+03 9.177826625020000240e-01
3.248791397850000067e+03 9.181645103229999494e-01
3.249444721410000056e+03 9.190356025220000058e-01
3.250098044970000046e+03 9.193762064520000221e-01
3.250751368520000142e+03 9.225770554640000398e-01
3.251404692080000132e+03 9.233496123169999681e-01
3.252058015640000121e+03 9.210438159530000002e-01
3.252711339200000111e+03 9.205526259240000009e-01
3.253364662760000101e+03 9.195449231379999588e-01
3.254017986310000197e+03 9.189849912019999456e-01
3.254671309870000186e+03 9.203077987190000364e-01
3.255324633430000176e+03 9.201339038710000251e-01
3.255977956990000166e+03 9.198690183869999704e-01
3.256631280550000156e+03 9.186249298140000130e-01
3.257284604110000146e+03 9.188236767740000088e-01
3.257937927659999787e+03 9.181636377320000486e-01
3.258591251219999776e+03 9.175486135679999933e-01
3.259244574780000221e+03 9.180328125509999992e-01
3.259897898340000211e+03 9.171199033429999758e-01
3.260551221900000201e+03 9.176458740570000439e-01
3.261204545449999841e+03 9.198809854549999665e-01
3.261857869009999831e+03 9.222366498139999980e-01
3.262511192569999821e+03 9.226596573999999995e-01
3.263164516129999811e+03 9.230220470969999758e-01
3.263817839689999801e+03 9.219026407329999895e-01
3.264471163249999790e+03 9.216776538809999808e-01
3.265124486799999886e+03 9.223648032550000320e-01
3.265777810359999876e+03 9.224575537829999838e-01
3.266431133919999866e+03 9.218077926100000097e-01
3.267084457479999855e+03 9.205945171260000448e-01
3.267737781039999845e+03 9.176070711339999741e-01
3.268391104589999941e+03 9.199637532940000417e-01
3.269044428149999931e+03 9.221439384159999531e-01
3.269697751709999920e+03 9.222054450050000129e-01
3.270351075269999910e+03 9.216196958060000055e-01
3.271004398829999900e+03 9.223475808800000175e-01
3.271657722389999890e+03 9.214035913689999635e-01
3.272311045939999985e+03 9.203237408990000423e-01
3.272964369499999975e+03 9.173068578009999641e-01
3.273617693059999965e+03 9.149311748580000181e-01
3.274271016619999955e+03 9.130375448480000378e-01
3.274924340179999945e+03 9.137602179470000197e-01
3.275577663730000040e+03 9.136049297070000241e-01
3.276230987290000030e+03 9.117471118669999708e-01
3.276884310850000020e+03 9.132339019059999563e-01
3.277537634410000010e+03 9.158239688170000115e-01
3.278190957969999999e+03 9.179850085240000013e-01
3.278844281520000095e+03 9.190188304990000168e-01
3.279497605080000085e+03 9.206347599409999694e-01
3.280150928640000075e+03 9.202809296970000386e-01
3.280804252200000064e+03 9.208648564810000270e-01
3.281457575760000054e+03 9.188371951520000191e-01
3.282110899320000044e+03 9.176817833139999658e-01
3.282764222870000140e+03 9.175263211730000368e-01
3.283417546430000129e+03 9.176294245160000473e-01
3.284070869990000119e+03 9.150252427370000330e-01
3.284724193550000109e+03 9.139109274190000409e-01
3.285377517110000099e+03 9.134322004889999791e-01
3.286030840660000194e+03 9.131547543110000165e-01
3.286684164220000184e+03 9.159141567740000101e-01
3.287337487780000174e+03 9.160723471649999672e-01
3.287990811340000164e+03 9.162189569499999964e-01
3.288644134900000154e+03 9.164220853669999833e-01
3.289297458460000144e+03 9.184403869599999659e-01
3.289950782009999784e+03 9.182373306940000424e-01
3.290604105569999774e+03 9.188532137239999731e-01
3.291257429130000219e+03 9.176422693739999525e-01
3.291910752690000209e+03 9.158085645160000121e-01
3.292564076250000198e+03 9.142261985630000254e-01
3.293217399799999839e+03 9.120730038709999876e-01
3.293870723359999829e+03 9.123494024049999540e-01
3.294524046919999819e+03 9.127871125509999795e-01
3.295177370479999809e+03 9.118681327569999606e-01
3.295830694039999798e+03 9.097779558359999630e-01
3.296484017599999788e+03 9.096199936069999659e-01
3.297137341149999884e+03 9.096811145259999787e-01
3.297790664709999874e+03 9.108922706940000280e-01
3.298443988269999863e+03 9.107775429909999998e-01
3.299097311829999853e+03 9.090704754839999957e-01
3.299750635389999843e+03 9.074119500289999918e-01
3.300403958939999939e+03 9.064241837240000210e-01
3.301057282499999928e+03 9.060029927079999990e-01
3.301710606059999918e+03 9.080616087880000187e-01
3.302363929619999908e+03 9.095324955429999747e-01
3.303017253179999898e+03 9.104329396479999836e-01
3.303670576739999888e+03 9.119348850830000242e-01
3.304323900289999983e+03 9.117094490910000459e-01
3.304977223849999973e+03 9.139134569700000377e-01
3.305630547409999963e+03 9.184574778790000060e-01
3.306283870969999953e+03 9.202214090320000039e-01
3.306937194529999942e+03 9.216158792380000353e-01
3.307590518080000038e+03 9.213524684070000248e-01
3.308243841640000028e+03 9.201616873019999865e-01
3.308897165200000018e+03 9.202586709679999588e-01
3.309550488760000007e+03 9.197269331670000492e-01
3.310203812319999997e+03 9.188879777709999530e-01
3.310857135870000093e+03 9.178557238219999803e-01
3.311510459430000083e+03 9.167773605279999627e-01
3.312163782990000072e+03 9.129727855429999872e-01
3.312817106550000062e+03 9.122672818770000136e-01
3.313470430110000052e+03 9.120064640859999461e-01
3.314123753670000042e+03 9.119366530210000210e-01
3.314777077220000137e+03 9.116974988760000453e-01
3.315430400780000127e+03 9.093567681719999518e-01
3.316083724340000117e+03 9.070416467449999853e-01
3.316737047900000107e+03 9.071724906350000506e-01
3.317390371460000097e+03 9.091909532749999912e-01
3.318043695010000192e+03 9.106746698530000517e-01
3.318697018570000182e+03 9.127589198040000351e-01
3.319350342130000172e+03 9.142937551319999523e-01
3.320003665690000162e+03 9.157907526690000077e-01
3.320656989250000152e+03 9.169945361289999486e-01
3.321310312810000141e+03 9.164860181720000387e-01
3.321963636359999782e+03 9.170199909089999935e-01
3.322616959920000227e+03 9.170981626490000149e-01
3.323270283480000217e+03 9.167569287979999704e-01
3.323923607040000206e+03 9.149820318770000016e-01
3.324576930600000196e+03 9.152077087190000348e-01
3.325230254149999837e+03 9.125173638610000193e-01
3.325883577709999827e+03 9.119632618180000261e-01
3.326536901269999817e+03 9.120922101370000368e-01
3.327190224829999806e+03 9.103412821699999879e-01
3.327843548389999796e+03 9.105855532259999885e-01
3.328496871949999786e+03 9.114139672140000314e-01
3.329150195499999882e+03 9.098140673700000347e-01
3.329803519059999871e+03 9.086824173019999451e-01
3.330456842619999861e+03 9.107512825710000204e-01
3.331110166179999851e+03 9.095524816619999786e-01
3.331763489739999841e+03 9.074693560409999860e-01
3.332416813289999936e+03 9.066138808210000288e-01
3.333070136849999926e+03 9.053397897949999606e-01
3.333723460409999916e+03 9.060599992960000071e-01
3.334376783969999906e+03 9.090788828839999614e-01
3.335030107529999896e+03 9.105222376339999757e-01
3.335683431089999885e+03 9.126070965100000487e-01
3.336336754639999981e+03 9.158526217789999535e-01
3.336990078199999971e+03 9.184922810260000015e-01
3.337643401759999961e+03 9.202111690319999537e-01
3.338296725319999950e+03 9.194555976149999532e-01
3.338950048879999940e+03 9.189840318669999508e-01
3.339603372430000036e+03 9.182471543989999541e-01
3.340256695990000026e+03 9.165800084849999863e-01
3.340910019550000015e+03 9.145741018570000547e-01
3.341563343110000005e+03 9.120844164219999994e-01
3.342216666669999995e+03 9.105680266669999856e-01
3.342869990220000091e+03 9.088485220330000391e-01
3.343523313780000080e+03 9.085890379769999692e-01
3.344176637340000070e+03 9.073304979470000475e-01
3.344829960900000060e+03 9.069961749360000436e-01
3.345483284460000050e+03 9.065232202349999824e-01
3.346136608020000040e+03 9.068024729329999811e-01
3.346789931570000135e+03 9.086467503809999569e-01
3.347443255130000125e+03 9.090959429029999983e-01
3.348096578690000115e+03 9.089030496379999491e-01
3.348749902250000105e+03 9.102482553180000213e-01
3.349403225810000094e+03 9.122677935480000277e-01
3.350056549360000190e+03 9.148822466179999946e-01
3.350709872920000180e+03 9.177045636559999497e-01
3.351363196480000170e+03 9.172444839000000183e-01
3.352016520040000159e+03 9.153196991590000220e-01
3.352669843600000149e+03 9.127046817599999695e-01
3.353323167160000139e+03 9.122135258060000140e-01
3.353976490709999780e+03 9.117035280059999636e-01
3.354629814270000224e+03 9.107661579860000245e-01
3.355283137830000214e+03 9.083885458360000387e-01
3.355936461390000204e+03 9.072361928050000079e-01
3.356589784950000194e+03 9.099923247310000018e-01
3.357243108499999835e+03 9.131507368910000144e-01
3.357896432059999825e+03 9.157169981820000304e-01
3.358549755619999814e+03 9.146003844569999819e-01
3.359203079179999804e+03 9.112309196479999596e-01
3.359856402739999794e+03 9.105342142719999865e-01
3.360509726299999784e+03 9.109485699120000168e-01
3.361163049849999879e+03 9.107750265690000013e-01
3.361816373409999869e+03 9.090047534120000439e-01
3.362469696969999859e+03 9.086570533329999533e-01
3.363123020529999849e+03 9.101836516129999666e-01
3.363776344089999839e+03 9.111537475269999575e-01
3.364429667639999934e+03 9.113755044569999963e-01
3.365082991199999924e+03 9.098852147210000352e-01
3.365736314759999914e+03 9.092551849659999963e-01
3.366389638319999904e+03 9.095862227369999609e-01
3.367042961879999893e+03 9.105111962759999678e-01
3.367696285429999989e+03 9.098544287390000207e-01
3.368349608989999979e+03 9.091965240179999963e-01
3.369002932549999969e+03 9.093369141349999518e-01
3.369656256109999958e+03 9.104102982499999719e-01
3.370309579669999948e+03 9.109677026979999814e-01
3.370962903229999938e+03 9.107994474189999856e-01
3.371616226780000034e+03 9.106537016029999654e-01
3.372269550340000023e+03 9.079610080550000184e-01
3.372922873900000013e+03 9.072681182990000037e-01
3.373576197460000003e+03 9.079555760699999922e-01
3.374229521019999993e+03 9.104887299320000293e-01
3.374882844570000088e+03 9.104845664220000412e-01
3.375536168130000078e+03 9.110363518480000256e-01
3.376189491690000068e+03 9.109045299610000201e-01
3.376842815250000058e+03 9.128299601170000166e-01
3.377496138810000048e+03 9.161407304399999951e-01
3.378149462370000037e+03 9.179910875269999826e-01
3.378802785920000133e+03 9.175086912019999597e-01
3.379456109480000123e+03 9.160292891500000367e-01
3.380109433040000113e+03 9.157389669890000361e-01
3.380762756600000102e+03 9.151266675660000294e-01
3.381416080160000092e+03 9.138958187290000534e-01
3.382069403710000188e+03 9.123293919060000423e-01
3.382722727270000178e+03 9.094956072730000507e-01
3.383376050830000167e+03 9.075244097560000167e-01
3.384029374390000157e+03 9.046839312609999961e-01
3.384682697950000147e+03 9.015582642820000325e-01
3.385336021510000137e+03 9.002059226880000375e-01
3.385989345059999778e+03 8.988301051999999514e-01
3.386642668620000222e+03 8.982634038119999831e-01
3.387295992180000212e+03 8.969342205279999813e-01
3.387949315740000202e+03 8.982839963049999987e-01
3.388602639300000192e+03 9.000535109680000145e-01
3.389255962849999833e+03 9.033180047019999659e-01
3.389909286409999822e+03 9.069803601370000079e-01
3.390562609969999812e+03 9.074399491789999495e-01
3.391215933529999802e+03 9.066142677609999589e-01
3.391869257089999792e+03 9.085745971849999991e-01
3.392522580649999782e+03 9.076450561290000385e-01
3.393175904199999877e+03 9.051051168820000159e-01
3.393829227759999867e+03 9.051209134700000103e-01
3.394482551319999857e+03 9.061076171259999645e-01
3.395135874879999847e+03 9.075471577520000110e-01
3.395789198439999836e+03 9.089933455719999555e-01
3.396442521989999932e+03 9.117478897359999612e-01
3.397095845549999922e+03 9.129536095700000464e-01
3.397749169109999912e+03 9.151830838119999756e-01
3.398402492669999901e+03 9.157264838119999473e-01
3.399055816229999891e+03 9.132018474880000403e-01
3.399709139779999987e+03 9.091930830109999917e-01
3.400362463339999977e+03 9.081574855130000179e-01
3.401015786899999966e+03 9.074079292769999805e-01
3.401669110459999956e+03 9.056968824240000382e-01
3.402322434019999946e+03 9.041087585039999652e-01
3.402975757579999936e+03 9.045261054550000068e-01
3.403629081130000031e+03 9.033301452390000152e-01
3.404282404690000021e+03 9.044097597069999939e-01
3.404935728250000011e+03 9.053869826779999963e-01
3.405589051810000001e+03 9.059452328049999448e-01
3.406242375369999991e+03 9.059493240470000153e-01
3.406895698920000086e+03 9.064393268820000182e-01
3.407549022480000076e+03 9.077610580449999578e-01
3.408202346040000066e+03 9.090139086799999824e-01
3.408855669600000056e+03 9.110936726389999851e-01
3.409508993160000045e+03 9.111315097950000164e-01
3.410162316720000035e+03 9.097475791789999544e-01
3.410815640270000131e+03 9.087691882699999724e-01
3.411468963830000121e+03 9.072369244569999935e-01
3.412122287390000110e+03 9.082134224050000260e-01
3.412775610950000100e+03 9.063483016129999514e-01
3.413428934510000090e+03 9.043193596090000064e-01
3.414082258060000186e+03 9.051354125810000539e-01
3.414735581620000175e+03 9.082380696580000246e-01
3.415388905180000165e+03 9.100622168330000372e-01
3.416042228740000155e+03 9.092928751909999940e-01
3.416695552300000145e+03 9.094469265589999463e-01
3.417348875860000135e+03 9.064511774000000299e-01
3.418002199409999776e+03 9.079229809679999486e-01
3.418655522970000220e+03 9.081734226000000021e-01
3.419308846530000210e+03 9.032373584459999494e-01
3.419962170090000200e+03 9.003917381229999961e-01
3.420615493650000190e+03 9.023624442909999877e-01
3.421268817199999830e+03 9.041672103229999591e-01
3.421922140759999820e+03 9.049681772140000247e-01
3.422575464319999810e+03 9.069044742130000225e-01
3.423228787879999800e+03 9.090364066670000298e-01
3.423882111439999790e+03 9.122599862169999962e-01
3.424535434999999779e+03 9.136880316230000521e-01
3.425188758549999875e+03 9.117391754250000480e-01
3.425842082109999865e+03 9.087800914660000284e-01
3.426495405669999855e+03 9.082970155620000430e-01
3.427148729229999844e+03 9.070764214759999833e-01
3.427802052789999834e+03 9.062875522579999510e-01
3.428455376339999930e+03 9.039186501079999880e-01
3.429108699899999920e+03 9.036016303620000301e-01
3.429762023459999909e+03 9.060841399119999862e-01
3.430415347019999899e+03 9.079096403319999453e-01
3.431068670579999889e+03 9.078090807619999536e-01
3.431721994129999985e+03 9.059248722580000024e-01
3.432375317689999974e+03 9.050662709290000496e-01
3.433028641249999964e+03 9.035809033820000336e-01
3.433681964809999954e+03 9.042693435190000129e-01
3.434335288369999944e+03 9.003462110459999890e-01
3.434988611929999934e+03 8.993298315250000119e-01
3.435641935480000029e+03 9.003563587099999710e-01
3.436295259040000019e+03 9.036172253180000391e-01
3.436948582600000009e+03 9.056041034799999778e-01
3.437601906159999999e+03 9.063677310559999922e-01
3.438255229719999988e+03 9.071397418379999467e-01
3.438908553270000084e+03 9.074135176340000219e-01
3.439561876830000074e+03 9.095331607619999703e-01
3.440215200390000064e+03 9.092878135869999490e-01
3.440868523950000053e+03 9.061335854149999980e-01
3.441521847510000043e+03 9.037030494429999505e-01
3.442175171070000033e+03 9.042106518279999783e-01
3.442828494620000129e+03 9.042812582800000554e-01
3.443481818180000118e+03 9.031593981819999728e-01
3.444135141740000108e+03 9.052214413200000420e-01
3.444788465300000098e+03 9.072339515149999700e-01
3.445441788860000088e+03 9.079888814369999617e-01
3.446095112410000183e+03 9.068788175559999720e-01
3.446748435970000173e+03 9.042690336169999510e-01
3.447401759530000163e+03 9.023781910849999477e-01
3.448055083090000153e+03 9.008704073019999647e-01
3.448708406650000143e+03 9.002535023459999897e-01
3.449361730210000133e+03 8.975198026389999972e-01
3.450015053759999773e+03 8.954419486019999930e-01
3.450668377320000218e+03 8.964710128839999959e-01
3.451321700880000208e+03 8.998978003519999547e-01
3.451975024440000198e+03 9.018041563830000440e-01
3.452628348000000187e+03 9.040295755620000318e-01
3.453281671549999828e+03 9.045937335479999897e-01
3.453934995109999818e+03 9.051990046529999612e-01
3.454588318669999808e+03 9.028128547310000362e-01
3.455241642229999798e+03 9.002892931960000400e-01
3.455894965789999787e+03 8.993957701270000049e-01
3.456548289349999777e+03 8.987577630890000169e-01
3.457201612899999873e+03 8.960887448390000287e-01
3.457854936459999863e+03 8.956532112020000325e-01
3.458508260019999852e+03 8.955023467249999536e-01
3.459161583579999842e+03 8.943008808210000105e-01
3.459814907139999832e+03 8.944373011339999957e-01
3.460468230689999928e+03 8.941512766960000302e-01
3.461121554249999917e+03 8.925580809090000178e-01
3.461774877809999907e+03 8.925076860220000352e-01
3.462428201369999897e+03 8.934240896770000440e-01
3.463081524929999887e+03 8.940388593550000484e-01
3.463734848479999982e+03 8.921897112119999695e-01
3.464388172039999972e+03 8.911055322580000437e-01
3.465041495599999962e+03 8.936735055129999550e-01
3.465694819159999952e+03 8.965789805670000279e-01
3.466348142719999942e+03 8.986051978589999489e-01
3.467001466279999931e+03 8.999069665100000170e-01
3.467654789830000027e+03 9.003018772240000134e-01
3.468308113390000017e+03 9.018144529810000476e-01
3.468961436950000007e+03 9.046907160699999562e-01
3.469614760509999996e+03 9.064989911830000358e-01
3.470268084069999986e+03 9.048466039689999629e-01
3.470921407620000082e+03 9.040979715539999573e-01
3.471574731180000072e+03 9.037146070970000222e-01
3.472228054740000061e+03 8.995783379280000158e-01
3.472881378300000051e+03 8.985565811440000550e-01
3.473534701860000041e+03 8.967165388469999776e-01
3.474188025420000031e+03 8.963529872629999451e-01
3.474841348970000126e+03 8.979568307919999492e-01
3.475494672530000116e+03 8.992121775169999998e-01
3.476147996090000106e+03 8.984408250440000243e-01
3.476801319650000096e+03 8.996616036360000068e-01
3.477454643210000086e+03 9.023379269789999491e-01
3.478107966760000181e+03 9.008128757379999518e-01
3.478761290320000171e+03 9.007714922580000172e-01
3.479414613880000161e+03 8.973426061489999661e-01
3.480067937440000151e+03 8.915988074880000225e-01
3.480721261000000140e+03 8.887080956889999994e-01
3.481374584560000130e+03 8.867448800199999592e-01
3.482027908110000226e+03 8.837774401660000168e-01
3.482681231670000216e+03 8.834554331959999507e-01
3.483334555230000205e+03 8.833155330299999886e-01
3.483987878790000195e+03 8.814434345449999597e-01
3.484641202350000185e+03 8.837162706740000484e-01
3.485294525899999826e+03 8.882887334700000359e-01
3.485947849459999816e+03 8.909364005380000506e-01
3.486601173019999806e+03 8.944795866860000277e-01
3.487254496579999795e+03 8.990028957969999901e-01
3.487907820139999785e+03 9.015557529230000533e-01
3.488561143699999775e+03 9.032263922580000548e-01
3.489214467249999871e+03 9.060489649070000429e-01
3.489867790809999860e+03 9.065073233629999949e-01
3.490521114369999850e+03 9.038259590620000283e-01
3.491174437929999840e+03 9.037510501469999680e-01
3.491827761489999830e+03 9.030848705180000158e-01
3.492481085039999925e+03 9.002754342519999620e-01
3.493134408599999915e+03 9.002651322579999782e-01
3.493787732159999905e+03 9.012671060119999966e-01
3.494441055719999895e+03 9.010343772429999509e-01
3.495094379279999885e+03 9.024839364910000050e-01
3.495747702829999980e+03 9.028733733529999972e-01
3.496401026389999970e+03 8.997719125809999774e-01
3.497054349949999960e+03 8.973445808990000438e-01
3.497707673509999950e+03 8.926474262269999960e-01
3.498360997069999939e+03 8.887124857479999918e-01
3.499014320629999929e+03 8.893344247309999950e-01
3.499667644180000025e+03 8.866152516130000327e-01
3.500320967740000015e+03 8.864918229029999930e-01
3.500974291300000004e+03 8.884861943109999549e-01
3.501627614859999994e+03 8.911874366759999777e-01
3.502280938419999984e+03 8.936521121410000434e-01
3.502934261970000080e+03 8.959376006839999684e-01
3.503587585530000069e+03 8.949094057090000165e-01
3.504240909090000059e+03 8.927686790909999948e-01
3.504894232650000049e+03 8.926281037340000335e-01
3.505547556210000039e+03 8.920757968720000042e-01
3.506200879770000029e+03 8.902973056890000070e-01
3.506854203320000124e+03 8.893342141250000221e-01
3.507507526880000114e+03 8.894535436560000452e-01
3.508160850440000104e+03 8.893599676250000252e-01
3.508814174000000094e+03 8.905357358550000102e-01
3.509467497560000083e+03 8.929798861090000317e-01
3.510120821110000179e+03 8.955532497949999504e-01
3.510774144670000169e+03 8.953590691010000491e-01
3.511427468230000159e+03 8.960901008599999606e-01
3.512080791790000148e+03 8.959334596479999746e-01
3.512734115350000138e+03 8.960347840079999626e-01
3.513387438910000128e+03 8.964248444379999681e-01
3.514040762460000224e+03 8.964505492080000471e-01
3.514694086020000213e+03 8.982165838710000072e-01
3.515347409580000203e+03 8.983270697559999629e-01
3.516000733140000193e+03 8.977480939880000399e-01
3.516654056700000183e+03 8.968698106160000183e-01
3.517307380249999824e+03 8.981556368130000356e-01
3.517960703809999814e+03 8.968241771849999600e-01
3.518614027369999803e+03 8.972764213589999871e-01
3.519267350929999793e+03 8.950525803319999696e-01
3.519920674489999783e+03 8.943921865689999917e-01
3.520573998039999879e+03 8.950812675860000400e-01
3.521227321599999868e+03 8.971706068820000102e-01
3.521880645159999858e+03 8.965842748390000505e-01
3.522533968719999848e+03 8.961118997560000299e-01
3.523187292279999838e+03 9.028481522969999951e-01
3.523840615839999828e+03 9.142639457769999867e-01
3.524493939389999923e+03 9.272517709090000171e-01
3.525147262949999913e+03 9.390642812510000548e-01
3.525800586509999903e+03 9.507110189440000081e-01
3.526453910069999893e+03 9.632943227369999972e-01
3.527107233629999882e+03 9.768605081719999861e-01
3.527760557179999978e+03 9.902323067160000436e-01
3.528413880739999968e+03 9.963927034409999495e-01
3.529067204299999958e+03 9.973872827959999743e-01
3.529720527859999947e+03 9.979184239299999648e-01
3.530373851419999937e+03 9.984080499799999897e-01
3.531027174979999927e+03 9.988678787679999838e-01
3.531680498530000023e+03 9.993027762459999463e-01
3.532333822090000012e+03 9.994023539390000099e-01
3.532987145650000002e+03 9.995023050439999501e-01
3.533640469209999992e+03 9.996041237539999846e-01
3.534293792769999982e+03 9.996922916810000448e-01
3.534947116320000077e+03 9.997691627960000327e-01
3.535600439880000067e+03 9.998367623170000273e-01
3.536253763440000057e+03 9.998965344089999485e-01
3.536907087000000047e+03 9.999497000289999660e-01
3.537560410560000037e+03 9.999972604110000107e-01
3.538213734120000026e+03 1.000000000000000000e+00
3.538867057670000122e+03 1.000000000000000000e+00
3.539520381230000112e+03 1.000000000000000000e+00
3.540173704790000102e+03 1.000000000000000000e+00
3.540827028350000091e+03 1.000000000000000000e+00
3.541480351910000081e+03 1.000000000000000000e+00
3.542133675460000177e+03 1.000000000000000000e+00
3.542786999020000167e+03 1.000000000000000000e+00
3.543440322580000156e+03 1.000000000000000000e+00
3.544093646140000146e+03 1.000000000000000000e+00
3.544746969700000136e+03 1.000000000000000000e+00
3.545400293260000126e+03 1.000000000000000000e+00
3.546053616810000221e+03 1.000000000000000000e+00
3.546706940370000211e+03 1.000000000000000000e+00
3.547360263930000201e+03 1.000000000000000000e+00
3.548013587490000191e+03 1.000000000000000000e+00
3.548666911050000181e+03 1.000000000000000000e+00
3.549320234599999822e+03 1.000000000000000000e+00
3.549973558159999811e+03 1.000000000000000000e+00
3.550626881719999801e+03 1.000000000000000000e+00
3.551280205279999791e+03 1.000000000000000000e+00
3.551933528839999781e+03 1.000000000000000000e+00
3.552586852389999876e+03 1.000000000000000000e+00
3.553240175949999866e+03 1.000000000000000000e+00
3.553893499509999856e+03 1.000000000000000000e+00
3.554546823069999846e+03 1.000000000000000000e+00
3.555200146629999836e+03 1.000000000000000000e+00
3.555853470189999825e+03 1.000000000000000000e+00
3.556506793739999921e+03 1.000000000000000000e+00
3.557160117299999911e+03 1.000000000000000000e+00
3.557813440859999901e+03 1.000000000000000000e+00
3.558466764419999890e+03 1.000000000000000000e+00
3.559120087979999880e+03 1.000000000000000000e+00
3.559773411529999976e+03 1.000000000000000000e+00
3.560426735089999966e+03 1.000000000000000000e+00
3.561080058649999955e+03 1.000000000000000000e+00
3.561733382209999945e+03 1.000000000000000000e+00
3.562386705769999935e+03 1.000000000000000000e+00
3.563040029329999925e+03 1.000000000000000000e+00
3.563693352880000020e+03 1.000000000000000000e+00
3.564346676440000010e+03 1.000000000000000000e+00
3.565000000000000000e+03 1.000000000000000000e+00
