# Wavelength (Angstroms)     Mean
2.911860000000000127e+03 5.141782400000000086e-01
2.913109403710000151e+03 5.015586419430000387e-01
2.914358807430000070e+03 4.919394845360000046e-01
2.915608211140000094e+03 4.918697482930000087e-01
2.916857614860000012e+03 4.921740972320000074e-01
2.918107018570000037e+03 4.958918073310000230e-01
2.919356422289999955e+03 4.957232507920000253e-01
2.920605825999999979e+03 4.966358330319999848e-01
2.921855229719999897e+03 5.002553956790000145e-01
2.923104633429999922e+03 4.970269767859999965e-01
2.924354037149999840e+03 5.002132348000000173e-01
2.925603440859999864e+03 4.978708812040000264e-01
2.926852844569999888e+03 4.938014940880000037e-01
2.928102248289999807e+03 4.966413818339999731e-01
2.929351651999999831e+03 4.968248465769999900e-01
2.930601055720000204e+03 4.982824168330000081e-01
2.931850459429999773e+03 5.030585609809999914e-01
2.933099863150000147e+03 5.030529005870000292e-01
2.934349266860000171e+03 5.046739726919999836e-01
2.935598670580000089e+03 5.136034185610000025e-01
2.936848074290000113e+03 5.173542973610000262e-01
2.938097478010000032e+03 5.238846534190000348e-01
2.939346881720000056e+03 5.251332227099999583e-01
2.940596285430000080e+03 5.208307405469999596e-01
2.941845689149999998e+03 5.197275231789999506e-01
2.943095092860000022e+03 5.172795859630000548e-01
2.944344496579999941e+03 5.171669986389999529e-01
2.945593900289999965e+03 5.223190693720000111e-01
2.946843304009999883e+03 5.241008260880000158e-01
2.948092707719999908e+03 5.267879091499999555e-01
2.949342111439999826e+03 5.351466809379999967e-01
2.950591515149999850e+03 5.383745358789999713e-01
2.951840918870000223e+03 5.430946575759999506e-01
2.953090322579999793e+03 5.430687665810000064e-01
2.954339726300000166e+03 5.416283536270000143e-01
2.955589130010000190e+03 5.439961013880000307e-01
2.956838533720000214e+03 5.463727945690000087e-01
2.958087937440000132e+03 5.528375738340000067e-01
2.959337341150000157e+03 5.563230519649999817e-01
2.960586744870000075e+03 5.558591973490000226e-01
2.961836148580000099e+03 5.528782309680000395e-01
2.963085552300000018e+03 5.518655196010000541e-01
2.964334956010000042e+03 5.528372012200000185e-01
2.965584359729999960e+03 5.552156608560000484e-01
2.966833763439999984e+03 5.591016501509999959e-01
2.968083167159999903e+03 5.611735333139999948e-01
2.969332570869999927e+03 5.620881925039999949e-01
2.970581974579999951e+03 5.610147030650000088e-01
2.971831378299999869e+03 5.645271915780000205e-01
2.973080782009999893e+03 5.685850188150000095e-01
2.974330185729999812e+03 5.722241736069999529e-01
2.975579589439999836e+03 5.768924744990000519e-01
2.976828993160000209e+03 5.786193738889999771e-01
2.978078396869999779e+03 5.813132541000000097e-01
2.979327800590000152e+03 5.865105244570000265e-01
2.980577204300000176e+03 5.907826802150000223e-01
2.981826608020000094e+03 5.936578070970000010e-01
2.983076011730000118e+03 5.963378925040000444e-01
2.984325415440000143e+03 5.946603287739999910e-01
2.985574819160000061e+03 5.939085655560000232e-01
2.986824222870000085e+03 5.978907692079999947e-01
2.988073626590000003e+03 5.959497602190000354e-01
2.989323030300000028e+03 5.914104450910000477e-01
2.990572434019999946e+03 5.892499594719999845e-01
2.991821837729999970e+03 5.882663465690000093e-01
2.993071241449999889e+03 5.907354690910000539e-01
2.994320645159999913e+03 5.998162864520000248e-01
2.995570048879999831e+03 6.039791110150000142e-01
2.996819452589999855e+03 6.063529526409999759e-01
2.998068856299999879e+03 6.068037073430000428e-01
2.999318260019999798e+03 6.033083821310000205e-01
3.000567663729999822e+03 6.048761227919999817e-01
3.001817067450000195e+03 5.995136063579999952e-01
3.003066471160000219e+03 6.020896361490000182e-01
3.004315874880000138e+03 6.042784408519999984e-01
3.005565278590000162e+03 6.053462651030000474e-01
3.006814682310000080e+03 6.140127070149999922e-01
3.008064086020000104e+03 6.168216260650000171e-01
3.009313489740000023e+03 6.210569094429999604e-01
3.010562893450000047e+03 6.221468284540000449e-01
3.011812297169999965e+03 6.234492018060000529e-01
3.013061700879999989e+03 6.269885171610000141e-01
3.014311104590000014e+03 6.301856831480000531e-01
3.015560508309999932e+03 6.354580111049999980e-01
3.016809912019999956e+03 6.358971563990000186e-01
3.018059315739999874e+03 6.330822918549999789e-01
3.019308719449999899e+03 6.350716000939999883e-01
3.020558123169999817e+03 6.359021241059999996e-01
3.021807526879999841e+03 6.349516002149999672e-01
3.023056930600000214e+03 6.345736831789999810e-01
3.024306334309999784e+03 6.363327751789999986e-01
3.025555738030000157e+03 6.406104809929999977e-01
3.026805141740000181e+03 6.449980644930000118e-01
3.028054545450000205e+03 6.538208090910000436e-01
3.029303949170000124e+03 6.539937465180000187e-01
3.030553352880000148e+03 6.521586648520000251e-01
3.031802756600000066e+03 6.560471099350000390e-01
3.033052160310000090e+03 6.531965123949999841e-01
3.034301564030000009e+03 6.589336435000000547e-01
3.035550967740000033e+03 6.614605473550000392e-01
3.036800371459999951e+03 6.605309111120000187e-01
3.038049775169999975e+03 6.639097321679999775e-01
3.039299178889999894e+03 6.624141780179999550e-01
3.040548582599999918e+03 6.662555929810000110e-01
3.041797986309999942e+03 6.731409209149999961e-01
3.043047390029999860e+03 6.745397594599999991e-01
3.044296793739999885e+03 6.789827749869999929e-01
3.045546197459999803e+03 6.824637215840000382e-01
3.046795601169999827e+03 6.806200570670000172e-01
3.048045004890000200e+03 6.889400094859999824e-01
3.049294408600000224e+03 6.906034067099999785e-01
3.050543812320000143e+03 6.903391032140000494e-01
3.051793216030000167e+03 6.966312659390000439e-01
3.053042619750000085e+03 6.961656275859999798e-01
3.054292023460000109e+03 6.955263595889999984e-01
3.055541427170000134e+03 6.930123338810000311e-01
3.056790830890000052e+03 6.913924816700000031e-01
3.058040234600000076e+03 6.907728641879999909e-01
3.059289638319999995e+03 6.979748350729999551e-01
3.060539042030000019e+03 7.029157576850000311e-01
3.061788445749999937e+03 7.054470589679999737e-01
3.063037849459999961e+03 7.135454646879999530e-01
3.064287253179999880e+03 7.184175067639999579e-01
3.065536656889999904e+03 7.282128909680000151e-01
3.066786060609999822e+03 7.359228972119999934e-01
3.068035464319999846e+03 7.416939460329999845e-01
3.069284868040000219e+03 7.412324433779999833e-01
3.070534271749999789e+03 7.399998912919999450e-01
3.071783675459999813e+03 7.381612615839999725e-01
3.073033079180000186e+03 7.348425768680000303e-01
3.074282482890000210e+03 7.393077867020000360e-01
3.075531886610000129e+03 7.409909867920000393e-01
3.076781290320000153e+03 7.459383880000000078e-01
3.078030694040000071e+03 7.504719010949999491e-01
3.079280097750000095e+03 7.512695724569999900e-01
3.080529501470000014e+03 7.587446561759999542e-01
3.081778905180000038e+03 7.611269573569999780e-01
3.083028308899999956e+03 7.614743074959999802e-01
3.084277712609999980e+03 7.623056473899999519e-01
3.085527116320000005e+03 7.620568154450000353e-01
3.086776520039999923e+03 7.661101007389999884e-01
3.088025923749999947e+03 7.761554536300000473e-01
3.089275327469999866e+03 7.846246733720000366e-01
3.090524731179999890e+03 7.888726156990000238e-01
3.091774134899999808e+03 7.887316485280000400e-01
3.093023538609999832e+03 7.867728551710000406e-01
3.094272942330000205e+03 7.819383713390000157e-01
3.095522346039999775e+03 7.839528441759999744e-01
3.096771749760000148e+03 7.870217882109999952e-01
3.098021153470000172e+03 7.882721327899999686e-01
3.099270557180000196e+03 7.935160790849999923e-01
3.100519960900000115e+03 7.965897528449999987e-01
3.101769364610000139e+03 7.990041882930000172e-01
3.103018768330000057e+03 7.957919512609999968e-01
3.104268172040000081e+03 7.949606092469999608e-01
3.105517575760000000e+03 7.928545869090000142e-01
3.106766979470000024e+03 7.917856807509999761e-01
3.108016383189999942e+03 7.955904103190000187e-01
3.109265786899999966e+03 7.924991670580000536e-01
3.110515190619999885e+03 7.950945108150000440e-01
3.111764594329999909e+03 7.919653434100000222e-01
3.113013998039999933e+03 7.907740149519999484e-01
3.114263401759999851e+03 7.973565176419999956e-01
3.115512805469999876e+03 7.907288227759999844e-01
3.116762209189999794e+03 7.962671758279999956e-01
3.118011612899999818e+03 7.923767200000000344e-01
3.119261016620000191e+03 7.874911440080000213e-01
3.120510420330000215e+03 7.895607864629999861e-01
3.121759824050000134e+03 7.840069554249999850e-01
3.123009227760000158e+03 7.864000280349999761e-01
3.124258631480000076e+03 7.897279460610000523e-01
3.125508035190000101e+03 7.864099489029999779e-01
3.126757438910000019e+03 7.843756516750000074e-01
3.128006842620000043e+03 7.865967781039999718e-01
3.129256246330000067e+03 7.859185603049999580e-01
3.130505650049999986e+03 7.929561560860000080e-01
3.131755053760000010e+03 7.971890271829999985e-01
3.133004457479999928e+03 7.985974537129999495e-01
3.134253861189999952e+03 8.004885751710000275e-01
3.135503264909999871e+03 8.022105549360000198e-01
3.136752668619999895e+03 8.077726546979999700e-01
3.138002072339999813e+03 8.034001506469999887e-01
3.139251476049999837e+03 8.027865492939999514e-01
3.140500879770000211e+03 8.001367763640000463e-01
3.141750283479999780e+03 7.950274228389999642e-01
3.142999687189999804e+03 7.981625237220000280e-01
3.144249090910000177e+03 7.906199894550000051e-01
3.145498494620000201e+03 7.870762556560000345e-01
3.146747898340000120e+03 7.915587202539999812e-01
3.147997302050000144e+03 7.974618967740000341e-01
3.149246705770000062e+03 8.077202192919999968e-01
3.150496109480000086e+03 8.112789076399999910e-01
3.151745513200000005e+03 8.107584496190000101e-01
3.152994916910000029e+03 8.103946145649999488e-01
3.154244320629999947e+03 8.090777916789999580e-01
3.155493724339999972e+03 8.179478471090000369e-01
3.156743128049999996e+03 8.224030982800000222e-01
3.157992531769999914e+03 8.157082875350000206e-01
3.159241935479999938e+03 8.094719645160000088e-01
3.160491339199999857e+03 8.002603069129999858e-01
3.161740742909999881e+03 7.963021110579999728e-01
3.162990146629999799e+03 7.985369051380000194e-01
3.164239550339999823e+03 8.079791875890000030e-01
3.165488954060000196e+03 8.134455474489999949e-01
3.166738357770000221e+03 8.137489962349999661e-01
3.167987761490000139e+03 8.179746601249999749e-01
3.169237165200000163e+03 8.176230869949999702e-01
3.170486568910000187e+03 8.166082072489999621e-01
3.171735972630000106e+03 8.171795000199999492e-01
3.172985376340000130e+03 8.134019216769999838e-01
3.174234780060000048e+03 8.111028111320000011e-01
3.175484183770000072e+03 8.138559719919999935e-01
3.176733587489999991e+03 8.139785111199999701e-01
3.177982991200000015e+03 8.187928131959999467e-01
3.179232394919999933e+03 8.230617503970000248e-01
3.180481798629999957e+03 8.233475373449999912e-01
3.181731202349999876e+03 8.232562845280000374e-01
3.182980606059999900e+03 8.258819986669999613e-01
3.184230009779999818e+03 8.208081604689999589e-01
3.185479413489999843e+03 8.145605297829999758e-01
3.186728817199999867e+03 8.168143767740000394e-01
3.187978220919999785e+03 8.144001153350000077e-01
3.189227624629999809e+03 8.148480690670000248e-01
3.190477028350000182e+03 8.170383478980000058e-01
3.191726432060000207e+03 8.183406645280000280e-01
3.192975835780000125e+03 8.195049567509999910e-01
3.194225239490000149e+03 8.288571335209999891e-01
3.195474643210000067e+03 8.282141297749999742e-01
3.196724046920000092e+03 8.276907315539999699e-01
3.197973450640000010e+03 8.277139270890000455e-01
3.199222854350000034e+03 8.199958338489999887e-01
3.200472258060000058e+03 8.221161344520000469e-01
3.201721661779999977e+03 8.206504265059999526e-01
3.202971065490000001e+03 8.242050798440000436e-01
3.204220469209999919e+03 8.305126608330000160e-01
3.205469872919999943e+03 8.337276735640000158e-01
3.206719276639999862e+03 8.357314407510000320e-01
3.207968680349999886e+03 8.322200469560000480e-01
3.209218084069999804e+03 8.315568170089999711e-01
3.210467487779999828e+03 8.344163530949999519e-01
3.211716891500000202e+03 8.330224992489999591e-01
3.212966295210000226e+03 8.348432066159999776e-01
3.214215698919999795e+03 8.292451595269999531e-01
3.215465102640000168e+03 8.238526800590000310e-01
3.216714506350000192e+03 8.264193428270000252e-01
3.217963910070000111e+03 8.198335094149999946e-01
3.219213313780000135e+03 8.214742727620000240e-01
3.220462717500000053e+03 8.210519640000000230e-01
3.221712121210000078e+03 8.169728854550000197e-01
3.222961524929999996e+03 8.191768091850000211e-01
3.224210928640000020e+03 8.153985412319999515e-01
3.225460332359999938e+03 8.164207526879999621e-01
3.226709736069999963e+03 8.215399649029999640e-01
3.227959139779999987e+03 8.273357711829999461e-01
3.229208543499999905e+03 8.345916545489999727e-01
3.230457947209999929e+03 8.416920449379999836e-01
3.231707350929999848e+03 8.484147211610000294e-01
3.232956754639999872e+03 8.519145118630000457e-01
3.234206158359999790e+03 8.536110612320000346e-01
3.235455562069999814e+03 8.516043453839999833e-01
3.236704965790000188e+03 8.490362949519999480e-01
3.237954369500000212e+03 8.413791802700000266e-01
3.239203773220000130e+03 8.436099137200000486e-01
3.240453176930000154e+03 8.426741359920000285e-01
3.241702580650000073e+03 8.446162140649999817e-01
3.242951984360000097e+03 8.491802503930000467e-01
3.244201388070000121e+03 8.426966470460000025e-01
3.245450791790000039e+03 8.426295132900000207e-01
3.246700195500000063e+03 8.355675018179999913e-01
3.247949599219999982e+03 8.314815411460000361e-01
3.249199002930000006e+03 8.326344133369999456e-01
3.250448406649999924e+03 8.360201902170000254e-01
3.251697810359999949e+03 8.378672846689999565e-01
3.252947214079999867e+03 8.374189059240000343e-01
3.254196617789999891e+03 8.396201065920000373e-01
3.255446021509999809e+03 8.415861304089999884e-01
3.256695425219999834e+03 8.472730612200000122e-01
3.257944828929999858e+03 8.504828586429999948e-01
3.259194232649999776e+03 8.485508483089999610e-01
3.260443636359999800e+03 8.414291814550000081e-01
3.261693040080000173e+03 8.312231853960000416e-01
3.262942443790000198e+03 8.264576203750000349e-01
3.264191847510000116e+03 8.234884357299999680e-01
3.265441251220000140e+03 8.261447081330000053e-01
3.266690654940000059e+03 8.272609122620000477e-01
3.267940058650000083e+03 8.311848592730000096e-01
3.269189462370000001e+03 8.389069366879999823e-01
3.270438866080000025e+03 8.376872606799999899e-01
3.271688269790000049e+03 8.412343679770000193e-01
3.272937673509999968e+03 8.381937311239999744e-01
3.274187077219999992e+03 8.308508499040000439e-01
3.275436480939999910e+03 8.331292952729999479e-01
3.276685884649999934e+03 8.308503307919999914e-01
3.277935288369999853e+03 8.343979867059999611e-01
3.279184692079999877e+03 8.401755923749999466e-01
3.280434095799999795e+03 8.417601955779999701e-01
3.281683499509999820e+03 8.378030470809999519e-01
3.282932903230000193e+03 8.284513861940000501e-01
3.284182306940000217e+03 8.210164668230000018e-01
3.285431710649999786e+03 8.141105375839999825e-01
3.286681114370000159e+03 8.187406383109999686e-01
3.287930518080000184e+03 8.305165106040000023e-01
3.289179921800000102e+03 8.360507567160000431e-01
3.290429325510000126e+03 8.376506324339999532e-01
3.291678729230000044e+03 8.324670408330000493e-01
3.292928132940000069e+03 8.251906402269999496e-01
3.294177536659999987e+03 8.263812267679999657e-01
3.295426940370000011e+03 8.275231771459999885e-01
3.296676344089999930e+03 8.303889933329999806e-01
3.297925747799999954e+03 8.301726283750000546e-01
3.299175151519999872e+03 8.251519366059999472e-01
3.300424555229999896e+03 8.204739045829999577e-01
3.301673958939999920e+03 8.190500763050000410e-01
3.302923362659999839e+03 8.239786085239999558e-01
3.304172766369999863e+03 8.270434699159999736e-01
3.305422170089999781e+03 8.342608205629999940e-01
3.306671573799999805e+03 8.460679442740000056e-01
3.307920977520000179e+03 8.492555388539999583e-01
3.309170381230000203e+03 8.551223789440000056e-01
3.310419784950000121e+03 8.591723250320000282e-01
3.311669188660000145e+03 8.591197569970000503e-01
3.312918592380000064e+03 8.671509645749999606e-01
3.314167996090000088e+03 8.719348531930000146e-01
3.315417399800000112e+03 8.734323632649999558e-01
3.316666803520000030e+03 8.687413227100000412e-01
3.317916207230000055e+03 8.629434591279999678e-01
3.319165610949999973e+03 8.623243292079999511e-01
3.320415014659999997e+03 8.621562125749999694e-01
3.321664418379999915e+03 8.643434574189999831e-01
3.322913822089999940e+03 8.627262992690000187e-01
3.324163225809999858e+03 8.577818961290000210e-01
3.325412629519999882e+03 8.516484269049999778e-01
3.326662033239999801e+03 8.497163659349999953e-01
3.327911436949999825e+03 8.523970117889999587e-01
3.329160840659999849e+03 8.528181554129999897e-01
3.330410244380000222e+03 8.559410551480000073e-01
3.331659648089999791e+03 8.567794926799999766e-01
3.332909051810000165e+03 8.546753657519999825e-01
3.334158455520000189e+03 8.590795098729999690e-01
3.335407859240000107e+03 8.583273541699999454e-01
3.336657262950000131e+03 8.565807345420000107e-01
3.337906666670000050e+03 8.550914213329999791e-01
3.339156070380000074e+03 8.509730897130000082e-01
3.340405474099999992e+03 8.474414980450000190e-01
3.341654877810000016e+03 8.503589731849999778e-01
3.342904281520000040e+03 8.519574624869999946e-01
3.344153685239999959e+03 8.512467625299999785e-01
3.345403088949999983e+03 8.530628387140000157e-01
3.346652492669999901e+03 8.483276729030000407e-01
3.347901896379999926e+03 8.473788716129999621e-01
3.349151300099999844e+03 8.453180602969999624e-01
3.350400703809999868e+03 8.476564528450000191e-01
3.351650107529999786e+03 8.532483351399999805e-01
3.352899511239999811e+03 8.539478212119999689e-01
3.354148914960000184e+03 8.556601470970000012e-01
3.355398318670000208e+03 8.568057119569999491e-01
3.356647722390000126e+03 8.626594428070000209e-01
3.357897126100000150e+03 8.665498074370000525e-01
3.359146529810000175e+03 8.669698099120000112e-01
3.360395933530000093e+03 8.666378817869999640e-01
3.361645337240000117e+03 8.604912413959999729e-01
3.362894740960000036e+03 8.588546578100000328e-01
3.364144144670000060e+03 8.566981413409999746e-01
3.365393548389999978e+03 8.571107754840000537e-01
3.366642952100000002e+03 8.577221576300000372e-01
3.367892355819999921e+03 8.510854912299999908e-01
3.369141759529999945e+03 8.477205765509999713e-01
3.370391163249999863e+03 8.394589117220000452e-01
3.371640566959999887e+03 8.370427892470000408e-01
3.372889970669999911e+03 8.436048608089999901e-01
3.374139374389999830e+03 8.508110565040000184e-01
3.375388778099999854e+03 8.545920667919999492e-01
3.376638181820000227e+03 8.549351309089999740e-01
3.377887585529999797e+03 8.526322776539999593e-01
3.379136989250000170e+03 8.526780362579999828e-01
3.380386392960000194e+03 8.534314276719999759e-01
3.381635796680000112e+03 8.500095001880000334e-01
3.382885200390000136e+03 8.440559994249999809e-01
3.384134604110000055e+03 8.406521324340000545e-01
3.385384007820000079e+03 8.410018045279999965e-01
3.386633411530000103e+03 8.443140377869999824e-01
3.387882815250000021e+03 8.489700970210000142e-01
3.389132218960000046e+03 8.478731042349999525e-01
3.390381622679999964e+03 8.499874592770000348e-01
3.391631026389999988e+03 8.497953241519999867e-01
3.392880430109999907e+03 8.528015465810000473e-01
3.394129833819999931e+03 8.565695748499999596e-01
3.395379237539999849e+03 8.539411178650000434e-01
3.396628641249999873e+03 8.535361380060000336e-01
3.397878044969999792e+03 8.495767135680000193e-01
3.399127448679999816e+03 8.492044634959999838e-01
3.400376852389999840e+03 8.511448022249999967e-01
3.401626256110000213e+03 8.537730172630000336e-01
3.402875659819999782e+03 8.584593854550000014e-01
3.404125063540000156e+03 8.609531505569999466e-01
3.405374467250000180e+03 8.623825093650000495e-01
3.406623870970000098e+03 8.613377388390000000e-01
3.407873274680000122e+03 8.581651079730000520e-01
3.409122678400000041e+03 8.556474426000000300e-01
3.410372082110000065e+03 8.553584600939999616e-01
3.411621485829999983e+03 8.493486375440000291e-01
3.412870889540000007e+03 8.464944387060000519e-01
3.414120293259999926e+03 8.453022466740000018e-01
3.415369696969999950e+03 8.388310975760000510e-01
3.416619100679999974e+03 8.439496516910000024e-01
3.417868504399999892e+03 8.433672899819999458e-01
3.419117908109999917e+03 8.412599015370000322e-01
3.420367311829999835e+03 8.433867280860000148e-01
3.421616715539999859e+03 8.398314334309999740e-01
3.422866119259999778e+03 8.453596989830000075e-01
3.424115522969999802e+03 8.493101053570000225e-01
3.425364926690000175e+03 8.500490311320000325e-01
3.426614330400000199e+03 8.504442867960000374e-01
3.427863734120000117e+03 8.449451366369999938e-01
3.429113137830000142e+03 8.441145980409999749e-01
3.430362541540000166e+03 8.462905809970000526e-01
3.431611945260000084e+03 8.503731099779999747e-01
3.432861348970000108e+03 8.542375601639999871e-01
3.434110752690000027e+03 8.530711148389999998e-01
3.435360156400000051e+03 8.465669483750000168e-01
3.436609560119999969e+03 8.423726879299999748e-01
3.437858963829999993e+03 8.374561196290000176e-01
3.439108367549999912e+03 8.318327048879999852e-01
3.440357771259999936e+03 8.344142729029999650e-01
3.441607174979999854e+03 8.294353435150000342e-01
3.442856578689999878e+03 8.278724898489999706e-01
3.444105982399999903e+03 8.288268590380000189e-01
3.445355386119999821e+03 8.274417477300000101e-01
3.446604789829999845e+03 8.325589110459999942e-01
3.447854193550000218e+03 8.389111409030000077e-01
3.449103597259999788e+03 8.459190141969999965e-01
3.450353000980000161e+03 8.506670112690000174e-01
3.451602404690000185e+03 8.532312757179999485e-01
3.452851808410000103e+03 8.522678347019999601e-01
3.454101212120000127e+03 8.472537092120000501e-01
3.455350615840000046e+03 8.441936722109999458e-01
3.456600019550000070e+03 8.414344573259999738e-01
3.457849423260000094e+03 8.376111164649999719e-01
3.459098826980000013e+03 8.353285399409999812e-01
3.460348230690000037e+03 8.347926858459999711e-01
3.461597634409999955e+03 8.338066629679999897e-01
3.462847038119999979e+03 8.353989804689999632e-01
3.464096441839999898e+03 8.360554648050000370e-01
3.465345845549999922e+03 8.370063816420000302e-01
3.466595249269999840e+03 8.346442717769999575e-01
3.467844652979999864e+03 8.338962807390000176e-01
3.469094056699999783e+03 8.335673890639999639e-01
3.470343460409999807e+03 8.316643028389999470e-01
3.471592864130000180e+03 8.334880371849999747e-01
3.472842267840000204e+03 8.308307876129999991e-01
3.474091671549999774e+03 8.302830678589999680e-01
3.475341075270000147e+03 8.322902044729999504e-01
3.476590478980000171e+03 8.343072841090000136e-01
3.477839882700000089e+03 8.376217903810000420e-01
3.479089286410000113e+03 8.436689461190000072e-01
3.480338690130000032e+03 8.442852648130000359e-01
3.481588093840000056e+03 8.426001386860000331e-01
3.482837497559999974e+03 8.448234004769999972e-01
3.484086901269999998e+03 8.436531699899999515e-01
3.485336304989999917e+03 8.494500157069999613e-01
3.486585708699999941e+03 8.662205628469999974e-01
3.487835112409999965e+03 8.800136968720000397e-01
3.489084516129999884e+03 8.921054450319999551e-01
3.490333919839999908e+03 9.003127566759999700e-01
3.491583323559999826e+03 8.986418775800000258e-01
3.492832727269999850e+03 8.973083105450000430e-01
3.494082130990000223e+03 8.976230620220000400e-01
3.495331534699999793e+03 8.949734082460000240e-01
3.496580938420000166e+03 8.932766192379999470e-01
3.497830342130000190e+03 8.922555167160000078e-01
3.499079745850000108e+03 8.930265268739999707e-01
3.500329149560000133e+03 8.995753036250000445e-01
3.501578553270000157e+03 9.012650190969999642e-01
3.502827956990000075e+03 9.050515537629999496e-01
3.504077360700000099e+03 9.055373781940000422e-01
3.505326764420000018e+03 9.062874227249999581e-01
3.506576168130000042e+03 9.071603502989999956e-01
3.507825571849999960e+03 9.044881699469999869e-01
3.509074975559999984e+03 9.022819600779999893e-01
3.510324379279999903e+03 8.971822165430000107e-01
3.511573782989999927e+03 8.965058453369999514e-01
3.512823186709999845e+03 8.978568455050000008e-01
3.514072590419999869e+03 8.965726475859999711e-01
3.515321994129999894e+03 8.986669128449999988e-01
3.516571397849999812e+03 9.026035749680000331e-01
3.517820801559999836e+03 9.036457781150000201e-01
3.519070205280000209e+03 9.060466163520000116e-01
3.520319608989999779e+03 9.033685788499999925e-01
3.521569012710000152e+03 8.986068582209999489e-01
3.522818416420000176e+03 8.958386298530000014e-01
3.524067820140000094e+03 8.945748606179999562e-01
3.525317223850000119e+03 8.923886531810000244e-01
3.526566627570000037e+03 8.936551036250000024e-01
3.527816031280000061e+03 8.966761999410000072e-01
3.529065434999999979e+03 8.997730433980000164e-01
3.530314838710000004e+03 9.020937607740000530e-01
3.531564242420000028e+03 8.980582248480000196e-01
3.532813646139999946e+03 8.920860099670000487e-01
3.534063049849999970e+03 8.859178234019999820e-01
3.535312453569999889e+03 8.884233200040000389e-01
3.536561857279999913e+03 8.975669342209999790e-01
3.537811260999999831e+03 9.032249683519999461e-01
3.539060664709999855e+03 9.076905664519999695e-01
3.540310068429999774e+03 9.061845172239999524e-01
3.541559472139999798e+03 8.973702296769999753e-01
3.542808875860000171e+03 8.917411491460000006e-01
3.544058279570000195e+03 8.873329704950000396e-01
3.545307683280000219e+03 8.844792675070000110e-01
3.546557087000000138e+03 8.861933174980000105e-01
3.547806490710000162e+03 8.876429048949999734e-01
3.549055894430000080e+03 8.884462108499999733e-01
3.550305298140000104e+03 8.870321425380000013e-01
3.551554701860000023e+03 8.869044294510000093e-01
3.552804105570000047e+03 8.904416727859999492e-01
3.554053509289999965e+03 8.938275928450000185e-01
3.555302912999999990e+03 8.930859413060000529e-01
3.556552316719999908e+03 8.936206226389999951e-01
3.557801720429999932e+03 8.911150528169999863e-01
3.559051124139999956e+03 8.932231294229999730e-01
3.560300527859999875e+03 8.928659298650000187e-01
3.561549931569999899e+03 8.892347057239999852e-01
3.562799335289999817e+03 8.879494591709999884e-01
3.564048738999999841e+03 8.836093645279999853e-01
3.565298142720000214e+03 8.844653287589999691e-01
3.566547546429999784e+03 8.823029179319999971e-01
3.567796950150000157e+03 8.782773331380000492e-01
3.569046353860000181e+03 8.724995487269999739e-01
3.570295757580000100e+03 8.744019659389999921e-01
3.571545161290000124e+03 8.795007400000000031e-01
3.572794565000000148e+03 8.833490798280000389e-01
3.574043968720000066e+03 8.881480827759999919e-01
3.575293372430000090e+03 8.868908992380000189e-01
3.576542776150000009e+03 8.852464353629999616e-01
3.577792179860000033e+03 8.839660335679999648e-01
3.579041583579999951e+03 8.838415480819999948e-01
3.580290987289999975e+03 8.831573457950000483e-01
3.581540391009999894e+03 8.849355955269999630e-01
3.582789794719999918e+03 8.818927512609999741e-01
3.584039198439999836e+03 8.804266692669999728e-01
3.585288602149999861e+03 8.811179483440000348e-01
3.586538005869999779e+03 8.802150836250000054e-01
3.587787409579999803e+03 8.837653328760000093e-01
3.589036813289999827e+03 8.874696563010000538e-01
3.590286217010000200e+03 8.902714990619999824e-01
3.591535620720000225e+03 8.932886667610000497e-01
3.592785024440000143e+03 8.916293101940000465e-01
3.594034428150000167e+03 8.911846547799999740e-01
3.595283831870000085e+03 8.880052187529999808e-01
3.596533235580000110e+03 8.848536305769999499e-01
3.597782639300000028e+03 8.874362319180000291e-01
3.599032043010000052e+03 8.886969338489999481e-01
3.600281446729999971e+03 8.892264854700000498e-01
3.601530850439999995e+03 8.887916520699999934e-01
3.602780254150000019e+03 8.890197259430000498e-01
3.604029657869999937e+03 8.857902425850000538e-01
3.605279061579999961e+03 8.890259313549999654e-01
3.606528465299999880e+03 8.877925712180000373e-01
3.607777869009999904e+03 8.856537620800000177e-01
3.609027272729999822e+03 8.819677509090000367e-01
3.610276676439999846e+03 8.768897623810000264e-01
3.611526080160000220e+03 8.737202636869999539e-01
3.612775483869999789e+03 8.733192512259999596e-01
3.614024887590000162e+03 8.791589502169999681e-01
3.615274291300000186e+03 8.801442552489999738e-01
3.616523695010000210e+03 8.809402109789999935e-01
3.617773098730000129e+03 8.862249985019999832e-01
3.619022502440000153e+03 8.853459001129999617e-01
3.620271906160000071e+03 8.847286497240000047e-01
3.621521309870000096e+03 8.847740099709999750e-01
3.622770713590000014e+03 8.791688497089999998e-01
3.624020117300000038e+03 8.788426719769999451e-01
3.625269521019999956e+03 8.820174423379999462e-01
3.626518924729999981e+03 8.885437774190000360e-01
3.627768328449999899e+03 8.918811105570000342e-01
3.629017732159999923e+03 8.906957496270000441e-01
3.630267135869999947e+03 8.926240780840000166e-01
3.631516539589999866e+03 8.904630412080000168e-01
3.632765943299999890e+03 8.907157080230000412e-01
3.634015347019999808e+03 8.907474751909999489e-01
3.635264750729999832e+03 8.851095850669999932e-01
3.636514154450000206e+03 8.849486459780000480e-01
3.637763558159999775e+03 8.801853084499999813e-01
3.639012961880000148e+03 8.793265612199999692e-01
3.640262365590000172e+03 8.809580107529999538e-01
3.641511769310000091e+03 8.784672217790000515e-01
3.642761173020000115e+03 8.794019249619999812e-01
3.644010576740000033e+03 8.802273794720000266e-01
3.645259980450000057e+03 8.783101212749999664e-01
3.646509384160000081e+03 8.793456998240000155e-01
3.647758787880000000e+03 8.798933024239999900e-01
3.649008191590000024e+03 8.803434633469999770e-01
3.650257595309999942e+03 8.841617272730000199e-01
3.651506999019999967e+03 8.883237265219999790e-01
3.652756402739999885e+03 8.906508533720000065e-01
3.654005806449999909e+03 8.873547828390000447e-01
3.655255210169999827e+03 8.837988616230000316e-01
3.656504613879999852e+03 8.801202877810000436e-01
3.657754017600000225e+03 8.803552159769999497e-01
3.659003421309999794e+03 8.810137762459999689e-01
3.660252825019999818e+03 8.823539273270000205e-01
3.661502228740000191e+03 8.837293201879999893e-01
3.662751632450000216e+03 8.828568257990000445e-01
3.664001036170000134e+03 8.823702648479999633e-01
3.665250439880000158e+03 8.818725716719999497e-01
3.666499843600000077e+03 8.810061168370000306e-01
3.667749247310000101e+03 8.801831620650000243e-01
3.668998651030000019e+03 8.820918544050000420e-01
3.670248054740000043e+03 8.837067500220000538e-01
3.671497458459999962e+03 8.823712268040000417e-01
3.672746862169999986e+03 8.879904851380000519e-01
3.673996265880000010e+03 8.903210379039999678e-01
3.675245669599999928e+03 8.916810199529999759e-01
3.676495073309999952e+03 8.927503130789999908e-01
3.677744477029999871e+03 8.820401841839999868e-01
3.678993880739999895e+03 8.771928690710000254e-01
3.680243284459999813e+03 8.714582444570000419e-01
3.681492688169999838e+03 8.718390467959999945e-01
3.682742091890000211e+03 8.781327226589999979e-01
3.683991495599999780e+03 8.790963159529999738e-01
3.685240899320000153e+03 8.785490413719999614e-01
3.686490303030000177e+03 8.732975614550000376e-01
3.687739706740000202e+03 8.723985523049999635e-01
3.688989110460000120e+03 8.693621535479999496e-01
3.690238514170000144e+03 8.727296320430000254e-01
3.691487917890000062e+03 8.782943770790000437e-01
3.692737321600000087e+03 8.767355914840000430e-01
3.693986725320000005e+03 8.796330338340000443e-01
3.695236129030000029e+03 8.816565197419999889e-01
3.696485532749999948e+03 8.797918391010000061e-01
3.697734936459999972e+03 8.806033038939999891e-01
3.698984340179999890e+03 8.789985005160000364e-01
3.700233743889999914e+03 8.754108821270000229e-01
3.701483147609999833e+03 8.715000609740000126e-01
3.702732551319999857e+03 8.723087835189999861e-01
3.703981955029999881e+03 8.747129636049999490e-01
3.705231358749999799e+03 8.784418260409999624e-01
3.706480762459999823e+03 8.822932121290000262e-01
3.707730166180000197e+03 8.844883270109999973e-01
3.708979569890000221e+03 8.862029944089999667e-01
3.710228973610000139e+03 8.818181933019999530e-01
3.711478377320000163e+03 8.772843242819999832e-01
3.712727781040000082e+03 8.738196890439999809e-01
3.713977184750000106e+03 8.728879786630000526e-01
3.715226588470000024e+03 8.766796510259999842e-01
3.716475992180000048e+03 8.819897846330000402e-01
3.717725395890000073e+03 8.830141337010000147e-01
3.718974799609999991e+03 8.775016351550000149e-01
3.720224203320000015e+03 8.723896281290000054e-01
3.721473607039999933e+03 8.645510576539999770e-01
3.722723010749999958e+03 8.569769364729999950e-01
3.723972414469999876e+03 8.555117582250000297e-01
3.725221818179999900e+03 8.543039727269999828e-01
3.726471221899999819e+03 8.564050084069999569e-01
3.727720625609999843e+03 8.603903435580000369e-01
3.728970029330000216e+03 8.615587274489999725e-01
3.730219433039999785e+03 8.650472022209999556e-01
3.731468836749999809e+03 8.680300166840000387e-01
3.732718240470000183e+03 8.688876146980000215e-01
3.733967644180000207e+03 8.689694319059999561e-01
3.735217047900000125e+03 8.689529385609999768e-01
3.736466451610000149e+03 8.679515316129999825e-01
3.737715855330000068e+03 8.665179233119999491e-01
3.738965259040000092e+03 8.671097234960000177e-01
3.740214662760000010e+03 8.664558049849999666e-01
3.741464066470000034e+03 8.675020263229999973e-01
3.742713470189999953e+03 8.651955471550000221e-01
3.743962873899999977e+03 8.668517017129999669e-01
3.745212277610000001e+03 8.661798702909999648e-01
3.746461681329999919e+03 8.629656790220000540e-01
3.747711085039999944e+03 8.659910880819999823e-01
3.748960488759999862e+03 8.634284488560000081e-01
3.750209892469999886e+03 8.602859040860000306e-01
3.751459296189999804e+03 8.625764683169999669e-01
3.752708699899999829e+03 8.617761742520000379e-01
3.753958103620000202e+03 8.635769877500000247e-01
3.755207507330000226e+03 8.664663413259999780e-01
3.756456911050000144e+03 8.670301746820000544e-01
3.757706314760000168e+03 8.687061901660000363e-01
3.758955718480000087e+03 8.695356074490000475e-01
3.760205122190000111e+03 8.705544650519999594e-01
3.761454525900000135e+03 8.713876517219999451e-01
3.762703929620000054e+03 8.700776262870000277e-01
3.763953333330000078e+03 8.713287533329999723e-01
3.765202737049999996e+03 8.718926401169999618e-01
3.766452140760000020e+03 8.733247893140000384e-01
3.767701544479999939e+03 8.719370893100000242e-01
3.768950948189999963e+03 8.730881061940000132e-01
3.770200351909999881e+03 8.714037163400000230e-01
3.771449755619999905e+03 8.673296080739999470e-01
3.772699159339999824e+03 8.713750642540000202e-01
3.773948563049999848e+03 8.671003260180000227e-01
3.775197966759999872e+03 8.665692637259999609e-01
3.776447370479999790e+03 8.669324932630000369e-01
3.777696774189999815e+03 8.603414425809999821e-01
3.778946177910000188e+03 8.575962584399999811e-01
3.780195581620000212e+03 8.536492747880000120e-01
3.781444985340000130e+03 8.532668161640000193e-01
3.782694389050000154e+03 8.582490007309999669e-01
3.783943792770000073e+03 8.593253142910000086e-01
3.785193196480000097e+03 8.632063778999999881e-01
3.786442600200000015e+03 8.659059534699999894e-01
3.787692003910000039e+03 8.607077540840000207e-01
3.788941407620000064e+03 8.637250952139999827e-01
3.790190811339999982e+03 8.664165820720000077e-01
3.791440215050000006e+03 8.653453303229999838e-01
3.792689618769999925e+03 8.652635414079999920e-01
3.793939022479999949e+03 8.637165306120000441e-01
3.795188426199999867e+03 8.558060632059999451e-01
3.796437829909999891e+03 8.527736429910000027e-01
3.797687233629999810e+03 8.592238629249999704e-01
3.798936637339999834e+03 8.641598143030000401e-01
3.800186041060000207e+03 8.719898544399999896e-01
3.801435444769999776e+03 8.773876941229999948e-01
3.802684848479999800e+03 8.811886624239999577e-01
3.803934252200000174e+03 8.761100481760000225e-01
3.805183655910000198e+03 8.755034908819999684e-01
3.806433059630000116e+03 8.715754301779999880e-01
3.807682463340000140e+03 8.666498912729999615e-01
3.808931867060000059e+03 8.718790746240000500e-01
3.810181270770000083e+03 8.690870023110000009e-01
3.811430674490000001e+03 8.693454721640000438e-01
3.812680078200000025e+03 8.688828152999999999e-01
3.813929481919999944e+03 8.630348139900000382e-01
3.815178885629999968e+03 8.670774039880000394e-01
3.816428289349999886e+03 8.687657346820000237e-01
3.817677693059999910e+03 8.681710395310000550e-01
3.818927096769999935e+03 8.721638091610000032e-01
3.820176500489999853e+03 8.712325778649999686e-01
3.821425904199999877e+03 8.738178009970000160e-01
3.822675307919999796e+03 8.716366733139999656e-01
3.823924711629999820e+03 8.656440565790000097e-01
3.825174115350000193e+03 8.616740128719999614e-01
3.826423519060000217e+03 8.534244993080000175e-01
3.827672922780000135e+03 8.525556951320000243e-01
3.828922326490000160e+03 8.557457757459999703e-01
3.830171730210000078e+03 8.574903284110000357e-01
3.831421133920000102e+03 8.629461152409999558e-01
3.832670537630000126e+03 8.682989315700000432e-01
3.833919941350000045e+03 8.688066871549999792e-01
3.835169345060000069e+03 8.702130856269999493e-01
3.836418748779999987e+03 8.726921244459999727e-01
3.837668152490000011e+03 8.750199312259999695e-01
3.838917556209999930e+03 8.784271149010000057e-01
3.840166959919999954e+03 8.763728174189999720e-01
3.841416363639999872e+03 8.736982549089999939e-01
3.842665767349999896e+03 8.718636393119999495e-01
3.843915171069999815e+03 8.696300336190000424e-01
3.845164574779999839e+03 8.639103145340000234e-01
3.846413978489999863e+03 8.582087206449999783e-01
3.847663382209999781e+03 8.545308125589999859e-01
3.848912785919999806e+03 8.526388594599999537e-01
3.850162189640000179e+03 8.563857807700000491e-01
3.851411593350000203e+03 8.603785018809999574e-01
3.852660997070000121e+03 8.643747935479999533e-01
3.853910400780000145e+03 8.664047706509999669e-01
3.855159804500000064e+03 8.635765990379999923e-01
3.856409208210000088e+03 8.671176360700000307e-01
3.857658611930000006e+03 8.629327968250000147e-01
3.858908015640000031e+03 8.626251970670000269e-01
3.860157419350000055e+03 8.713764410319999598e-01
3.861406823069999973e+03 8.694211483479999947e-01
3.862656226779999997e+03 8.690800963360000297e-01
3.863905630499999916e+03 8.695676910620000477e-01
3.865155034209999940e+03 8.618971164809999808e-01
3.866404437929999858e+03 8.565622566099999613e-01
3.867653841639999882e+03 8.546294580879999492e-01
3.868903245359999801e+03 8.462628525319999540e-01
3.870152649069999825e+03 8.495417866550000197e-01
3.871402052790000198e+03 8.528775248679999477e-01
3.872651456500000222e+03 8.567153324499999778e-01
3.873900860220000141e+03 8.637443401719999692e-01
3.875150263930000165e+03 8.653822142870000178e-01
3.876399667640000189e+03 8.642590022830000107e-01
3.877649071360000107e+03 8.609688580840000327e-01
3.878898475070000131e+03 8.541176704870000469e-01
3.880147878790000050e+03 8.511932721210000441e-01
3.881397282500000074e+03 8.518856289189999931e-01
3.882646686219999992e+03 8.538272769270000007e-01
3.883896089930000016e+03 8.582569296380000434e-01
3.885145493649999935e+03 8.587391884930000163e-01
3.886394897359999959e+03 8.581839278009999461e-01
3.887644301079999877e+03 8.592527092470000349e-01
3.888893704789999902e+03 8.643011678119999486e-01
3.890143108499999926e+03 8.598138214660000500e-01
3.891392512219999844e+03 8.537258097829999448e-01
3.892641915929999868e+03 8.504413819280000064e-01
3.893891319649999787e+03 8.417155954489999869e-01
3.895140723359999811e+03 8.439490853219999700e-01
3.896390127080000184e+03 8.504723762270000043e-01
3.897639530790000208e+03 8.509641073429999869e-01
3.898888934510000126e+03 8.532988437259999559e-01
3.900138338220000151e+03 8.555832459940000412e-01
3.901387741940000069e+03 8.534548340650000009e-01
3.902637145650000093e+03 8.507480202739999831e-01
3.903886549360000117e+03 8.504216153670000056e-01
3.905135953080000036e+03 8.480329749910000547e-01
3.906385356790000060e+03 8.484784518669999942e-01
3.907634760509999978e+03 8.465064721249999646e-01
3.908884164220000002e+03 8.380430516719999945e-01
3.910133567939999921e+03 8.370823509360000303e-01
3.911382971649999945e+03 8.371150524339999732e-01
3.912632375369999863e+03 8.400533327160000230e-01
3.913881779079999887e+03 8.506371214310000095e-01
3.915131182799999806e+03 8.481613597849999575e-01
3.916380586509999830e+03 8.496467093720000419e-01
3.917629990219999854e+03 8.475910349480000328e-01
3.918879393940000227e+03 8.452045829090000240e-01
3.920128797649999797e+03 8.527702744870000462e-01
3.921378201370000170e+03 8.505797012510000199e-01
3.922627605080000194e+03 8.525073874959999687e-01
3.923877008800000112e+03 8.570771117069999612e-01
3.925126412510000137e+03 8.558756390770000388e-01
3.926375816230000055e+03 8.587171657950000148e-01
3.927625219940000079e+03 8.654089262759999679e-01
3.928874623659999997e+03 8.685604618490000428e-01
3.930124027370000022e+03 8.674689620179999450e-01
3.931373431089999940e+03 8.616263905340000306e-01
3.932622834799999964e+03 8.575393858459999796e-01
3.933872238509999988e+03 8.543857100680000149e-01
3.935121642229999907e+03 8.558780980179999665e-01
3.936371045939999931e+03 8.609008563209999965e-01
3.937620449659999849e+03 8.566546661230000081e-01
3.938869853369999873e+03 8.497711438480000101e-01
3.940119257089999792e+03 8.429832438119999605e-01
3.941368660799999816e+03 8.376451503620000461e-01
3.942618064520000189e+03 8.421670478710000518e-01
3.943867468230000213e+03 8.435631031279999803e-01
3.945116871950000132e+03 8.503686689499999618e-01
3.946366275660000156e+03 8.568048198829999462e-01
3.947615679370000180e+03 8.550313210050000112e-01
3.948865083090000098e+03 8.525441083360000283e-01
3.950114486800000122e+03 8.452431604110000052e-01
3.951363890520000041e+03 8.394258064949999820e-01
3.952613294230000065e+03 8.376098108110000551e-01
3.953862697949999983e+03 8.426616625099999647e-01
3.955112101660000008e+03 8.435199385099999558e-01
3.956361505379999926e+03 8.421660996130000409e-01
3.957610909089999950e+03 8.418064054549999620e-01
3.958860312809999868e+03 8.373427555619999962e-01
3.960109716519999893e+03 8.374325763559999913e-01
3.961359120229999917e+03 8.397851937360000241e-01
3.962608523949999835e+03 8.402014262050000459e-01
3.963857927659999859e+03 8.438343889620000260e-01
3.965107331379999778e+03 8.421127532550000128e-01
3.966356735089999802e+03 8.423607973019999751e-01
3.967606138810000175e+03 8.385012978300000475e-01
3.968855542520000199e+03 8.307606799410000020e-01
3.970104946240000118e+03 8.315562132039999721e-01
3.971354349950000142e+03 8.333886934309999717e-01
3.972603753670000060e+03 8.417214672839999912e-01
3.973853157380000084e+03 8.497850686490000527e-01
3.975102561090000108e+03 8.562151033310000381e-01
3.976351964810000027e+03 8.539748215250000385e-01
3.977601368520000051e+03 8.538883670579999752e-01
3.978850772239999969e+03 8.600534094230000148e-01
3.980100175949999993e+03 8.597716177009999683e-01
3.981349579669999912e+03 8.588740754370000063e-01
3.982598983379999936e+03 8.554731322030000307e-01
3.983848387099999854e+03 8.501458380649999924e-01
3.985097790809999879e+03 8.468357991949999608e-01
3.986347194529999797e+03 8.494752570750000453e-01
3.987596598239999821e+03 8.480006179939999500e-01
3.988846001960000194e+03 8.420744055640000392e-01
3.990095405670000218e+03 8.401598222480000100e-01
3.991344809379999788e+03 8.393461781000000066e-01
3.992594213100000161e+03 8.374844014579999607e-01
3.993843616810000185e+03 8.395209462329999983e-01
3.995093020530000103e+03 8.353704631909999456e-01
3.996342424240000128e+03 8.328009957580000400e-01
3.997591827960000046e+03 8.344056109249999853e-01
3.998841231670000070e+03 8.350559614310000267e-01
4.000090635389999989e+03 8.364260153510000295e-01
4.001340039100000013e+03 8.385428470300000381e-01
4.002589442819999931e+03 8.379734547210000439e-01
4.003838846529999955e+03 8.398522844569999979e-01
4.005088250239999979e+03 8.431808548860000307e-01
4.006337653959999898e+03 8.385383885630000034e-01
4.007587057669999922e+03 8.324647692669999710e-01
4.008836461389999840e+03 8.275217097749999473e-01
4.010085865099999864e+03 8.248519973719999898e-01
4.011335268819999783e+03 8.315120496340000500e-01
4.012584672529999807e+03 8.371920024360000046e-01
4.013834076250000180e+03 8.388301121760000090e-01
4.015083479960000204e+03 8.444713056699999498e-01
4.016332883680000123e+03 8.379218659820000248e-01
4.017582287390000147e+03 8.347439402230000249e-01
4.018831691100000171e+03 8.342906134509999738e-01
4.020081094820000089e+03 8.291275845869999772e-01
4.021330498530000114e+03 8.348841592379999677e-01
4.022579902250000032e+03 8.373616269010000224e-01
4.023829305960000056e+03 8.375955682700000349e-01
4.025078709679999974e+03 8.356784234840000103e-01
4.026328113389999999e+03 8.316108649419999832e-01
4.027577517109999917e+03 8.314920009970000470e-01
4.028826920819999941e+03 8.310492258180000036e-01
4.030076324539999860e+03 8.312961486729999461e-01
4.031325728249999884e+03 8.285698287430000031e-01
4.032575131959999908e+03 8.294880087389999712e-01
4.033824535679999826e+03 8.334644042230000549e-01
4.035073939389999850e+03 8.407262701819999684e-01
4.036323343110000224e+03 8.467698429209999933e-01
4.037572746819999793e+03 8.461445802310000319e-01
4.038822150540000166e+03 8.453285507960000000e-01
4.040071554250000190e+03 8.399327148390000053e-01
4.041320957970000109e+03 8.388268799179999791e-01
4.042570361680000133e+03 8.379956405549999765e-01
4.043819765400000051e+03 8.316173317539999887e-01
4.045069169110000075e+03 8.262655340369999823e-01
4.046318572829999994e+03 8.265339573219999680e-01
4.047567976540000018e+03 8.184736647620000083e-01
4.048817380250000042e+03 8.207468289620000190e-01
4.050066783969999960e+03 8.316433341310000005e-01
4.051316187679999985e+03 8.310714714489999544e-01
4.052565591399999903e+03 8.395290451610000204e-01
4.053814995109999927e+03 8.383839087900000209e-01
4.055064398829999845e+03 8.330508162349999912e-01
4.056313802539999870e+03 8.323300049849999827e-01
4.057563206259999788e+03 8.350985479770000053e-01
4.058812609969999812e+03 8.373068392960000272e-01
4.060062013690000185e+03 8.350140914129999814e-01
4.061311417400000209e+03 8.307127683599999646e-01
4.062560821109999779e+03 8.232236091260000110e-01
4.063810224830000152e+03 8.241245432139999716e-01
4.065059628540000176e+03 8.277528546629999706e-01
4.066309032260000095e+03 8.332758959999999604e-01
4.067558435970000119e+03 8.365280402660000281e-01
4.068807839690000037e+03 8.369906632650000455e-01
4.070057243400000061e+03 8.381813758360000532e-01
4.071306647119999980e+03 8.359034666860000184e-01
4.072556050830000004e+03 8.309387934230000328e-01
4.073805454549999922e+03 8.287478403639999547e-01
4.075054858259999946e+03 8.257491019389999742e-01
4.076304261969999970e+03 8.217747631670000441e-01
4.077553665689999889e+03 8.232523835780000132e-01
4.078803069399999913e+03 8.182038568720000349e-01
4.080052473119999831e+03 8.183411582370000437e-01
4.081301876829999856e+03 8.217470082459999992e-01
4.082551280549999774e+03 8.253048023110000075e-01
4.083800684259999798e+03 8.245669330599999514e-01
4.085050087980000171e+03 8.167684476719999642e-01
4.086299491690000195e+03 8.154140968880000395e-01
4.087548895410000114e+03 8.188958355350000051e-01
4.088798299120000138e+03 8.264969878590000540e-01
4.090047702830000162e+03 8.333540548779999613e-01
4.091297106550000080e+03 8.353923285790000319e-01
4.092546510260000105e+03 8.267777436600000085e-01
4.093795913980000023e+03 8.254328163440000088e-01
4.095045317690000047e+03 8.246393836480000461e-01
4.096294721410000420e+03 8.238361443399999651e-01
4.097544125119999990e+03 8.253420785920000391e-01
4.098793528840000363e+03 8.233117792919999456e-01
4.100042932549999932e+03 8.208134204689999658e-01
4.101292336270000305e+03 8.181960393430000034e-01
4.102541739979999875e+03 8.213367133719999824e-01
4.103791143700000248e+03 8.169688288559999734e-01
4.105040547409999817e+03 8.189756608089999723e-01
4.106289951120000296e+03 8.168870045980000105e-01
4.107539354839999760e+03 8.166046387099999970e-01
4.108788758550000239e+03 8.214157230299999890e-01
4.110038162269999702e+03 8.249672884340000234e-01
4.111287565980000181e+03 8.290022441990000379e-01
4.112536969699999645e+03 8.339693150300000468e-01
4.113786373410000124e+03 8.311981291300000185e-01
4.115035777129999587e+03 8.293841344279999639e-01
4.116285180840000066e+03 8.258229717110000534e-01
4.117534584560000440e+03 8.186781664990000484e-01
4.118783988270000009e+03 8.199270995430000264e-01
4.120033391979999578e+03 8.154287493959999633e-01
4.121282795699999951e+03 8.154434421509999531e-01
4.122532199410000430e+03 8.137242744279999940e-01
4.123781603129999894e+03 8.179919816270000421e-01
4.125031006840000373e+03 8.227747873980000293e-01
4.126280410559999837e+03 8.253923976770000115e-01
4.127529814270000315e+03 8.279371223660000334e-01
4.128779217989999779e+03 8.297697004109999552e-01
4.130028621700000258e+03 8.283234393199999657e-01
4.131278025419999722e+03 8.448760727270000492e-01
4.132527429130000201e+03 8.875182315070000438e-01
4.133776832839999770e+03 9.257963022290000010e-01
4.135026236560000143e+03 9.696905538059999996e-01
4.136275640269999712e+03 9.973801789759999536e-01
4.137525043990000086e+03 9.991514687860000299e-01
4.138774447699999655e+03 9.994985012360000365e-01
4.140023851420000028e+03 9.996091706940000154e-01
4.141273255129999598e+03 9.996878706630000222e-01
4.142522658849999971e+03 9.997430010360000008e-01
4.143772062560000450e+03 9.997851474640000458e-01
4.145021466279999913e+03 9.998293647270000140e-01
4.146270869990000392e+03 9.998862765399999519e-01
4.147520273699999962e+03 9.999345817439999617e-01
4.148769677420000335e+03 9.999757321290000389e-01
4.150019081129999904e+03 1.000000000000000000e+00
4.151268484850000277e+03 1.000000000000000000e+00
4.152517888559999847e+03 1.000000000000000000e+00
4.153767292280000220e+03 1.000000000000000000e+00
4.155016695989999789e+03 1.000000000000000000e+00
4.156266099710000162e+03 1.000000000000000000e+00
4.157515503419999732e+03 1.000000000000000000e+00
4.158764907140000105e+03 1.000000000000000000e+00
4.160014310849999674e+03 1.000000000000000000e+00
4.161263714570000047e+03 1.000000000000000000e+00
4.162513118279999617e+03 1.000000000000000000e+00
4.163762521990000096e+03 1.000000000000000000e+00
4.165011925709999559e+03 1.000000000000000000e+00
4.166261329420000038e+03 1.000000000000000000e+00
4.167510733140000411e+03 1.000000000000000000e+00
4.168760136849999981e+03 1.000000000000000000e+00
4.170009540570000354e+03 1.000000000000000000e+00
4.171258944279999923e+03 1.000000000000000000e+00
4.172508348000000296e+03 1.000000000000000000e+00
4.173757751709999866e+03 1.000000000000000000e+00
4.175007155430000239e+03 1.000000000000000000e+00
4.176256559139999808e+03 1.000000000000000000e+00
4.177505962850000287e+03 1.000000000000000000e+00
4.178755366569999751e+03 1.000000000000000000e+00
4.180004770280000230e+03 1.000000000000000000e+00
4.181254173999999693e+03 1.000000000000000000e+00
4.182503577710000172e+03 1.000000000000000000e+00
4.183752981429999636e+03 1.000000000000000000e+00
4.185002385140000115e+03 1.000000000000000000e+00
4.186251788859999579e+03 1.000000000000000000e+00
4.187501192570000057e+03 1.000000000000000000e+00
4.188750596290000431e+03 1.000000000000000000e+00
4.190000000000000000e+03 1.000000000000000000e+00
