# Wavelength (Angstroms)      Variance
2.880099999999999909e+03 1.940278800000000137e-01
2.880280742909999844e+03 1.913942929809999971e-01
2.880461485830000129e+03 1.897190189640000080e-01
2.880642228740000064e+03 1.886879174780000112e-01
2.880822971649999999e+03 1.875308495799999919e-01
2.881003714569999829e+03 1.860058106549999923e-01
2.881184457480000219e+03 1.840184553080000118e-01
2.881365200390000155e+03 1.812984488169999964e-01
2.881545943300000090e+03 1.783715424049999998e-01
2.881726686219999920e+03 1.755572373610000125e-01
2.881907429129999855e+03 1.726885471750000123e-01
2.882088172039999790e+03 1.698428494620000118e-01
2.882268914960000075e+03 1.665962545449999888e-01
2.882449657870000010e+03 1.642577249069999967e-01
2.882630400779999945e+03 1.634630372429999867e-01
2.882811143699999775e+03 1.639303329029999923e-01
2.882991886610000165e+03 1.643592791980000023e-01
2.883172629520000100e+03 1.652199695799999868e-01
2.883353372430000036e+03 1.662769293839999885e-01
2.883534115349999865e+03 1.667877051609999994e-01
2.883714858259999801e+03 1.670893647699999984e-01
2.883895601170000191e+03 1.674596577130000041e-01
2.884076344090000021e+03 1.678401933329999873e-01
2.884257086999999956e+03 1.679901074679999995e-01
2.884437829909999891e+03 1.680225527860000068e-01
2.884618572830000176e+03 1.677284450050000042e-01
2.884799315740000111e+03 1.672821127269999986e-01
2.884980058650000046e+03 1.670041014080000108e-01
2.885160801559999982e+03 1.664882969110000055e-01
2.885341544479999811e+03 1.656554113589999988e-01
2.885522287390000201e+03 1.649828849849999945e-01
2.885703030300000137e+03 1.647793369699999955e-01
2.885883773219999966e+03 1.649767272529999995e-01
2.886064516129999902e+03 1.657214077420000042e-01
2.886245259039999837e+03 1.668225104009999904e-01
2.886426001960000121e+03 1.677215689350000094e-01
2.886606744870000057e+03 1.684534990029999957e-01
2.886787487779999992e+03 1.692702943889999867e-01
2.886968230689999928e+03 1.699322781229999912e-01
2.887148973610000212e+03 1.707948267449999891e-01
2.887329716520000147e+03 1.719790881330000021e-01
2.887510459430000083e+03 1.731574890520000132e-01
2.887691202349999912e+03 1.744012479179999908e-01
2.887871945259999848e+03 1.752932450440000123e-01
2.888052688169999783e+03 1.757889051609999864e-01
2.888233431090000067e+03 1.754854492669999932e-01
2.888414174000000003e+03 1.757704170090000073e-01
2.888594916909999938e+03 1.776608259820000035e-01
2.888775659819999873e+03 1.792141513780000084e-01
2.888956402740000158e+03 1.803817196480000107e-01
2.889137145650000093e+03 1.810623739199999915e-01
2.889317888560000029e+03 1.813665839299999916e-01
2.889498631479999858e+03 1.805720864129999881e-01
2.889679374389999793e+03 1.797414353469999893e-01
2.889860117300000184e+03 1.800932931960000094e-01
2.890040860220000013e+03 1.815621415049999965e-01
2.890221603129999949e+03 1.832141883869999877e-01
2.890402346039999884e+03 1.848108366569999883e-01
2.890583088949999819e+03 1.855040296769999986e-01
2.890763831870000104e+03 1.851786667449999979e-01
2.890944574780000039e+03 1.837694985920000079e-01
2.891125317689999974e+03 1.813641136270000009e-01
2.891306060609999804e+03 1.787093175760000041e-01
2.891486803520000194e+03 1.766958560699999903e-01
2.891667546430000129e+03 1.748942320820000007e-01
2.891848289349999959e+03 1.734812267639999905e-01
2.892029032259999894e+03 1.725696619350000072e-01
2.892209775169999830e+03 1.716626176740000120e-01
2.892390518080000220e+03 1.701985836749999870e-01
2.892571261000000050e+03 1.682449293840000137e-01
2.892752003909999985e+03 1.668098277030000132e-01
2.892932746819999920e+03 1.660145744089999986e-01
2.893113489740000205e+03 1.652590828150000135e-01
2.893294232650000140e+03 1.649387708700000010e-01
2.893474975560000075e+03 1.639894036560000101e-01
2.893655718479999905e+03 1.621941089739999953e-01
2.893836461389999840e+03 1.601773527470000125e-01
2.894017204299999776e+03 1.579288006450000059e-01
2.894197947210000166e+03 1.563555238709999906e-01
2.894378690129999995e+03 1.555294322190000078e-01
2.894559433039999931e+03 1.554731318669999862e-01
2.894740175949999866e+03 1.560562990619999979e-01
2.894920918870000150e+03 1.564533875069999969e-01
2.895101661780000086e+03 1.561387044570000104e-01
2.895282404690000021e+03 1.560652042819999918e-01
2.895463147609999851e+03 1.558504554060000102e-01
2.895643890519999786e+03 1.557828789440000028e-01
2.895824633430000176e+03 1.560478257479999964e-01
2.896005376340000112e+03 1.573913249459999997e-01
2.896186119259999941e+03 1.587228141539999970e-01
2.896366862169999877e+03 1.596084029329999932e-01
2.896547605079999812e+03 1.606618524539999981e-01
2.896728348000000096e+03 1.621987083479999869e-01
2.896909090910000032e+03 1.637630618179999886e-01
2.897089833819999967e+03 1.654619764810000004e-01
2.897270576739999797e+03 1.661570318280000125e-01
2.897451319650000187e+03 1.671098913780000028e-01
2.897632062560000122e+03 1.685524399220000025e-01
2.897812805470000058e+03 1.699134673899999892e-01
2.897993548389999887e+03 1.713318574190000054e-01
2.898174291299999823e+03 1.726179480739999939e-01
2.898355034210000213e+03 1.734695457090000004e-01
2.898535777130000042e+03 1.743719473310000045e-01
2.898716520039999978e+03 1.748369691299999917e-01
2.898897262949999913e+03 1.755253165979999974e-01
2.899078005870000197e+03 1.766418850439999966e-01
2.899258748780000133e+03 1.772685906940000000e-01
2.899439491690000068e+03 1.778328450830000129e-01
2.899620234600000003e+03 1.787836154249999865e-01
2.899800977519999833e+03 1.794754945260000067e-01
2.899981720430000223e+03 1.795812703230000029e-01
2.900162463340000158e+03 1.796878573609999863e-01
2.900343206259999988e+03 1.797158991199999944e-01
2.900523949169999923e+03 1.794164735869999971e-01
2.900704692079999859e+03 1.782274740760000087e-01
2.900885435000000143e+03 1.771051918079999954e-01
2.901066177910000079e+03 1.763601202739999985e-01
2.901246920820000014e+03 1.762572672730000067e-01
2.901427663729999949e+03 1.763233634019999996e-01
2.901608406649999779e+03 1.757389229909999961e-01
2.901789149560000169e+03 1.744591292669999960e-01
2.901969892470000104e+03 1.733060780650000077e-01
2.902150635389999934e+03 1.728795619940000083e-01
2.902331378299999869e+03 1.729071147800000097e-01
2.902512121209999805e+03 1.728510521209999928e-01
2.902692864130000089e+03 1.725028026390000024e-01
2.902873607040000024e+03 1.720632217009999965e-01
2.903054349949999960e+03 1.710553963249999976e-01
2.903235092859999895e+03 1.702329649459999872e-01
2.903415835780000180e+03 1.694551461580000029e-01
2.903596578690000115e+03 1.691520243209999885e-01
2.903777321600000050e+03 1.695631026199999891e-01
2.903958064519999880e+03 1.691703032259999906e-01
2.904138807429999815e+03 1.681026941350000081e-01
2.904319550340000205e+03 1.671498027570000044e-01
2.904500293260000035e+03 1.662054810559999984e-01
2.904681036169999970e+03 1.650359784950000130e-01
2.904861779079999906e+03 1.642676730400000062e-01
2.905042521989999841e+03 1.641940208209999863e-01
2.905223264910000125e+03 1.642689049269999979e-01
2.905404007820000061e+03 1.641474553470000097e-01
2.905584750729999996e+03 1.643737464520000080e-01
2.905765493649999826e+03 1.656133037729999868e-01
2.905946236560000216e+03 1.670591711830000103e-01
2.906126979470000151e+03 1.688307866279999958e-01
2.906307722389999981e+03 1.705510813289999872e-01
2.906488465299999916e+03 1.718605019749999963e-01
2.906669208209999852e+03 1.731303514370000074e-01
2.906849951119999787e+03 1.742643073900000117e-01
2.907030694040000071e+03 1.743182881919999871e-01
2.907211436950000007e+03 1.736905840469999962e-01
2.907392179859999942e+03 1.732769904789999982e-01
2.907572922780000226e+03 1.727651481520000032e-01
2.907753665690000162e+03 1.716420192960000091e-01
2.907934408600000097e+03 1.702980412900000073e-01
2.908115151519999927e+03 1.690844878789999894e-01
2.908295894429999862e+03 1.683321962459999876e-01
2.908476637339999797e+03 1.683360739779999893e-01
2.908657380250000188e+03 1.685179379860000104e-01
2.908838123170000017e+03 1.683451221700000000e-01
2.909018866079999952e+03 1.680848270770000097e-01
2.909199608989999888e+03 1.681276684649999908e-01
2.909380351910000172e+03 1.680999044569999878e-01
2.909561094820000108e+03 1.681372005079999898e-01
2.909741837730000043e+03 1.678188691499999941e-01
2.909922580649999873e+03 1.672839806449999966e-01
2.910103323559999808e+03 1.666733764030000065e-01
2.910284066470000198e+03 1.667147396289999917e-01
2.910464809380000133e+03 1.674408458649999931e-01
2.910645552299999963e+03 1.680463581620000035e-01
2.910826295209999898e+03 1.684207991979999874e-01
2.911007038119999834e+03 1.685280022869999894e-01
2.911187781040000118e+03 1.686041011930000111e-01
2.911368523950000053e+03 1.689604399999999895e-01
2.911549266859999989e+03 1.685803403520000077e-01
2.911730009779999818e+03 1.676310885629999914e-01
2.911910752690000209e+03 1.667232537630000122e-01
2.912091495600000144e+03 1.664987590030000131e-01
2.912272238510000079e+03 1.665156348969999978e-01
2.912452981429999909e+03 1.668240926879999975e-01
2.912633724339999844e+03 1.670379475659999891e-01
2.912814467249999780e+03 1.671375244970000062e-01
2.912995210170000064e+03 1.676273350340000134e-01
2.913175953079999999e+03 1.688186929619999999e-01
2.913356695989999935e+03 1.694741323560000068e-01
2.913537438910000219e+03 1.695425558939999966e-01
2.913718181820000154e+03 1.696997199999999983e-01
2.913898924730000090e+03 1.706342189249999974e-01
2.914079667640000025e+03 1.716394104199999993e-01
2.914260410559999855e+03 1.727266423459999922e-01
2.914441153469999790e+03 1.741041792770000041e-01
2.914621896380000180e+03 1.755635933720000041e-01
2.914802639300000010e+03 1.766130938419999963e-01
2.914983382209999945e+03 1.779011279569999993e-01
2.915164125119999881e+03 1.787329470379999952e-01
2.915344868040000165e+03 1.786673392379999892e-01
2.915525610950000100e+03 1.781191889740000034e-01
2.915706353860000036e+03 1.775762165589999941e-01
2.915887096769999971e+03 1.767430283870000118e-01
2.916067839689999801e+03 1.755780413099999882e-01
2.916248582600000191e+03 1.742323390219999990e-01
2.916429325510000126e+03 1.728530920820000039e-01
2.916610068429999956e+03 1.728874200980000109e-01
2.916790811339999891e+03 1.738945384360000013e-01
2.916971554249999826e+03 1.753010762459999983e-01
2.917152297170000111e+03 1.765470970870000045e-01
2.917333040080000046e+03 1.771100416620000062e-01
2.917513782989999982e+03 1.775537464520000053e-01
2.917694525899999917e+03 1.787775871360000046e-01
2.917875268820000201e+03 1.799326789250000058e-01
2.918056011730000137e+03 1.801019428149999990e-01
2.918236754640000072e+03 1.801844092279999976e-01
2.918417497559999902e+03 1.803326122970000112e-01
2.918598240469999837e+03 1.811887575949999996e-01
2.918778983380000227e+03 1.815725692469999930e-01
2.918959726300000057e+03 1.818824800390000107e-01
2.919140469209999992e+03 1.826157954840000042e-01
2.919321212119999927e+03 1.834088490909999980e-01
2.919501955029999863e+03 1.835848388469999981e-01
2.919682697950000147e+03 1.835401029909999870e-01
2.919863440860000082e+03 1.839784531180000127e-01
2.920044183770000018e+03 1.843681829330000022e-01
2.920224926689999847e+03 1.850550398240000116e-01
2.920405669599999783e+03 1.862764009379999919e-01
2.920586412510000173e+03 1.876173220139999986e-01
2.920767155430000003e+03 1.887059033429999977e-01
2.920947898339999938e+03 1.895823458460000055e-01
2.921128641249999873e+03 1.902546809969999919e-01
2.921309384159999809e+03 1.910601710260000086e-01
2.921490127080000093e+03 1.915135957580000048e-01
2.921670869990000028e+03 1.914847178890000112e-01
2.921851612899999964e+03 1.915789883869999932e-01
2.922032355819999793e+03 1.919722482890000026e-01
2.922213098730000183e+03 1.930241700099999957e-01
2.922393841640000119e+03 1.944893201169999863e-01
2.922574584559999948e+03 1.955347860220000011e-01
2.922755327469999884e+03 1.962109763830000020e-01
2.922936070379999819e+03 1.973152382399999960e-01
2.923116813290000209e+03 1.979631486220000125e-01
2.923297556210000039e+03 1.975939289349999961e-01
2.923478299119999974e+03 1.970614113199999906e-01
2.923659042029999910e+03 1.966476547999999880e-01
2.923839784950000194e+03 1.966174604300000017e-01
2.924020527860000129e+03 1.963119916130000031e-01
2.924201270770000065e+03 1.956920598440000103e-01
2.924382013689999894e+03 1.946675243400000088e-01
2.924562756599999830e+03 1.939824298529999880e-01
2.924743499510000220e+03 1.934446903229999903e-01
2.924924242420000155e+03 1.930636630299999990e-01
2.925104985339999985e+03 1.921298790619999919e-01
2.925285728249999920e+03 1.904553389829999888e-01
2.925466471159999855e+03 1.890444978299999912e-01
2.925647214080000140e+03 1.885582255129999996e-01
2.925827956990000075e+03 1.883762324730000048e-01
2.926008699900000011e+03 1.886275665300000126e-01
2.926189442819999840e+03 1.890461052790000096e-01
2.926370185729999776e+03 1.897644463539999993e-01
2.926550928640000166e+03 1.903547775949999965e-01
2.926731671550000101e+03 1.903939697360000072e-01
2.926912414469999931e+03 1.900091869599999927e-01
2.927093157379999866e+03 1.894440967159999878e-01
2.927273900289999801e+03 1.885894410560000067e-01
2.927454643210000086e+03 1.876628184949999945e-01
2.927635386120000021e+03 1.866514357580000005e-01
2.927816129029999956e+03 1.852375787099999893e-01
2.927996871949999786e+03 1.838287559729999965e-01
2.928177614860000176e+03 1.839769518669999993e-01
2.928358357770000111e+03 1.847906504990000087e-01
2.928539100680000047e+03 1.854927159729999886e-01
2.928719843599999876e+03 1.856826652980000103e-01
2.928900586509999812e+03 1.856577255129999993e-01
2.929081329420000202e+03 1.854211293449999909e-01
2.929262072340000032e+03 1.855961409190000078e-01
2.929442815249999967e+03 1.859632307920000005e-01
2.929623558159999902e+03 1.860466069399999978e-01
2.929804301080000187e+03 1.857094589249999872e-01
2.929985043990000122e+03 1.847614323750000065e-01
2.930165786900000057e+03 1.842598681719999909e-01
2.930346529809999993e+03 1.837928937440000132e-01
2.930527272729999822e+03 1.833595254550000053e-01
2.930708015640000212e+03 1.833434739779999934e-01
2.930888758550000148e+03 1.837024766179999880e-01
2.931069501469999977e+03 1.836135127859999938e-01
2.931250244379999913e+03 1.835066057480000123e-01
2.931430987289999848e+03 1.833143846530000121e-01
2.931611730210000133e+03 1.834169910260000091e-01
2.931792473120000068e+03 1.837504516129999932e-01
2.931973216030000003e+03 1.835575277610000111e-01
2.932153958939999939e+03 1.829643675069999864e-01
2.932334701860000223e+03 1.821277853959999971e-01
2.932515444770000158e+03 1.810796312609999903e-01
2.932696187680000094e+03 1.803685708499999929e-01
2.932876930599999923e+03 1.810395572040000012e-01
2.933057673509999859e+03 1.816003267640000085e-01
2.933238416419999794e+03 1.816151157179999864e-01
2.933419159340000078e+03 1.813609411529999993e-01
2.933599902250000014e+03 1.810061984359999931e-01
2.933780645159999949e+03 1.811669961290000019e-01
2.933961388069999884e+03 1.821651946039999914e-01
2.934142130990000169e+03 1.830842896190000013e-01
2.934322873900000104e+03 1.837568611139999974e-01
2.934503616810000040e+03 1.847565845749999935e-01
2.934684359729999869e+03 1.859948060219999977e-01
2.934865102639999805e+03 1.872202605280000043e-01
2.935045845550000195e+03 1.883089904989999896e-01
2.935226588470000024e+03 1.889816927469999963e-01
2.935407331379999960e+03 1.898153840469999909e-01
2.935588074289999895e+03 1.898683660999999911e-01
2.935768817199999830e+03 1.887378139779999908e-01
2.935949560120000115e+03 1.877760317889999864e-01
2.936130303030000050e+03 1.872644860609999906e-01
2.936311045939999985e+03 1.864144160310000076e-01
2.936491788859999815e+03 1.858577784750000128e-01
2.936672531770000205e+03 1.854532326489999883e-01
2.936853274680000141e+03 1.851453072529999910e-01
2.937034017599999970e+03 1.849638884460000077e-01
2.937214760509999905e+03 1.850331013490000009e-01
2.937395503419999841e+03 1.858418104010000071e-01
2.937576246329999776e+03 1.871577171259999894e-01
2.937756989250000061e+03 1.878469393549999922e-01
2.937937732159999996e+03 1.874824358549999903e-01
2.938118475069999931e+03 1.871929676830000056e-01
2.938299217990000216e+03 1.868809270579999959e-01
2.938479960900000151e+03 1.865362239299999947e-01
2.938660703810000086e+03 1.855431340760000103e-01
2.938841446729999916e+03 1.841837394530000116e-01
2.939022189639999851e+03 1.827383229910000129e-01
2.939202932549999787e+03 1.819719655129999891e-01
2.939383675460000177e+03 1.817065018769999929e-01
2.939564418380000006e+03 1.812276055719999890e-01
2.939745161289999942e+03 1.803107264519999975e-01
2.939925904199999877e+03 1.793419345850000013e-01
2.940106647120000162e+03 1.789559897949999923e-01
2.940287390030000097e+03 1.789053014660000052e-01
2.940468132940000032e+03 1.787351127859999889e-01
2.940648875859999862e+03 1.786925618180000008e-01
2.940829618769999797e+03 1.789030748390000036e-01
2.941010361680000187e+03 1.791326822869999946e-01
2.941191104590000123e+03 1.794685519449999989e-01
2.941371847509999952e+03 1.793169208210000087e-01
2.941552590419999888e+03 1.789252030890000067e-01
2.941733333329999823e+03 1.784789666669999997e-01
2.941914076250000107e+03 1.777457492079999868e-01
2.942094819160000043e+03 1.772183565980000042e-01
2.942275562069999978e+03 1.763483246139999905e-01
2.942456304989999808e+03 1.751444232840000115e-01
2.942637047900000198e+03 1.739124567160000023e-01
2.942817790810000133e+03 1.729908443990000044e-01
2.942998533720000069e+03 1.727595861000000010e-01
2.943179276639999898e+03 1.723253827569999896e-01
2.943360019549999834e+03 1.722518041249999909e-01
2.943540762460000224e+03 1.724208645749999991e-01
2.943721505380000053e+03 1.732531202150000005e-01
2.943902248289999989e+03 1.742995151710000079e-01
2.944082991199999924e+03 1.751549842819999925e-01
2.944263734120000208e+03 1.755881608410000128e-01
2.944444477030000144e+03 1.760149103030000106e-01
2.944625219940000079e+03 1.764050889150000079e-01
2.944805962850000014e+03 1.766777937239999985e-01
2.944986705769999844e+03 1.770469435389999957e-01
2.945167448679999779e+03 1.776769486220000083e-01
2.945348191590000170e+03 1.780256457090000077e-01
2.945528934509999999e+03 1.780671602149999921e-01
2.945709677419999935e+03 1.781963703230000085e-01
2.945890420329999870e+03 1.781547105959999933e-01
2.946071163250000154e+03 1.775684375369999957e-01
2.946251906160000090e+03 1.773824489149999906e-01
2.946432649070000025e+03 1.783845504400000115e-01
2.946613391979999960e+03 1.798222909480000076e-01
2.946794134899999790e+03 1.813746741349999969e-01
2.946974877810000180e+03 1.829773548389999893e-01
2.947155620720000115e+03 1.841029635779999896e-01
2.947336363639999945e+03 1.849897236359999975e-01
2.947517106549999880e+03 1.859630519840000107e-01
2.947697849459999816e+03 1.868824410749999887e-01
2.947878592380000100e+03 1.877553671549999914e-01
2.948059335290000035e+03 1.885686651809999892e-01
2.948240078199999971e+03 1.891499795500000136e-01
2.948420821109999906e+03 1.887700100290000127e-01
2.948601564030000191e+03 1.879781221900000132e-01
2.948782306940000126e+03 1.869801863339999870e-01
2.948963049850000061e+03 1.860101022289999961e-01
2.949143792769999891e+03 1.854991824630000119e-01
2.949324535679999826e+03 1.853910496969999877e-01
2.949505278590000216e+03 1.852694163049999898e-01
2.949686021510000046e+03 1.856038101080000058e-01
2.949866764419999981e+03 1.856284432649999983e-01
2.950047507329999917e+03 1.854206987099999981e-01
2.950228250239999852e+03 1.853181248680000059e-01
2.950408993160000136e+03 1.854009919260000139e-01
2.950589736070000072e+03 1.855375165979999963e-01
2.950770478980000007e+03 1.850894894819999914e-01
2.950951221899999837e+03 1.843946152300000030e-01
2.951131964810000227e+03 1.838677416420000099e-01
2.951312707720000162e+03 1.834083133920000053e-01
2.951493450639999992e+03 1.826740437540000095e-01
2.951674193549999927e+03 1.817573948389999972e-01
2.951854936459999863e+03 1.812033199020000040e-01
2.952035679369999798e+03 1.807011759730000056e-01
2.952216422290000082e+03 1.808468166570000035e-01
2.952397165200000018e+03 1.809242118080000017e-01
2.952577908109999953e+03 1.810679729230000035e-01
2.952758651029999783e+03 1.818055299709999961e-01
2.952939393940000173e+03 1.822041557580000026e-01
2.953120136850000108e+03 1.819408523359999919e-01
2.953300879769999938e+03 1.817992569499999878e-01
2.953481622679999873e+03 1.825211956399999946e-01
2.953662365589999808e+03 1.832327664520000121e-01
2.953843108500000199e+03 1.839656528449999939e-01
2.954023851420000028e+03 1.842014401169999871e-01
2.954204594329999964e+03 1.835538291499999863e-01
2.954385337239999899e+03 1.821619747800000133e-01
2.954566080160000183e+03 1.800651027569999951e-01
2.954746823070000119e+03 1.779307181229999868e-01
2.954927565980000054e+03 1.759117208800000109e-01
2.955108308899999884e+03 1.736224955819999916e-01
2.955289051809999819e+03 1.716898426390000010e-01
2.955469794720000209e+03 1.704069805869999898e-01
2.955650537630000144e+03 1.701510709680000011e-01
2.955831280549999974e+03 1.707732678399999926e-01
2.956012023459999909e+03 1.720456113780000074e-01
2.956192766369999845e+03 1.725850852980000127e-01
2.956373509290000129e+03 1.720315162459999936e-01
2.956554252200000064e+03 1.714823683280000122e-01
2.956734995110000000e+03 1.708987064320000027e-01
2.956915738029999829e+03 1.699111027569999988e-01
2.957096480940000220e+03 1.691906997069999863e-01
2.957277223850000155e+03 1.687041650049999897e-01
2.957457966760000090e+03 1.681260409379999876e-01
2.957638709679999920e+03 1.669310548390000037e-01
2.957819452589999855e+03 1.655785117499999903e-01
2.958000195499999791e+03 1.649198836359999920e-01
2.958180938420000075e+03 1.652122661579999985e-01
2.958361681330000010e+03 1.655143777910000058e-01
2.958542424239999946e+03 1.656755587879999991e-01
2.958723167159999775e+03 1.656629223459999967e-01
2.958903910070000165e+03 1.654139525120000009e-01
2.959084652980000101e+03 1.653743269209999867e-01
2.959265395890000036e+03 1.652935637540000058e-01
2.959446138809999866e+03 1.650761598240000072e-01
2.959626881719999801e+03 1.658705419350000043e-01
2.959807624630000191e+03 1.671726110260000064e-01
2.959988367550000021e+03 1.685546377519999972e-01
2.960169110459999956e+03 1.700423190029999865e-01
2.960349853369999892e+03 1.713179598239999990e-01
2.960530596290000176e+03 1.724541108110000109e-01
2.960711339200000111e+03 1.732072121799999864e-01
2.960892082110000047e+03 1.738607848089999963e-01
2.961072825019999982e+03 1.744923355820000022e-01
2.961253567939999812e+03 1.756744000200000100e-01
2.961434310850000202e+03 1.772755592380000078e-01
2.961615053760000137e+03 1.790608492469999979e-01
2.961795796679999967e+03 1.808304928839999937e-01
2.961976539589999902e+03 1.831532594720000073e-01
2.962157282499999837e+03 1.846695415050000066e-01
2.962338025420000122e+03 1.852970338219999957e-01
2.962518768330000057e+03 1.859580513200000118e-01
2.962699511239999993e+03 1.866398382599999961e-01
2.962880254149999928e+03 1.870944583770000058e-01
2.963060997070000212e+03 1.874761339590000075e-01
2.963241739980000148e+03 1.877394368130000102e-01
2.963422482890000083e+03 1.882609449850000116e-01
2.963603225809999913e+03 1.891164832259999984e-01
2.963783968719999848e+03 1.901873005870000077e-01
2.963964711629999783e+03 1.912573654939999923e-01
2.964145454550000068e+03 1.924265109090000092e-01
2.964326197460000003e+03 1.941552583379999863e-01
2.964506940369999938e+03 1.962307662370000039e-01
2.964687683279999874e+03 1.981779778889999899e-01
2.964868426200000158e+03 1.996850360509999922e-01
2.965049169110000093e+03 2.010898712220000051e-01
2.965229912020000029e+03 2.022406290319999911e-01
2.965410654939999858e+03 2.027577522779999974e-01
2.965591397849999794e+03 2.025176593549999904e-01
2.965772140760000184e+03 2.021193737239999899e-01
2.965952883680000014e+03 2.015059492079999959e-01
2.966133626589999949e+03 2.005675040079999971e-01
2.966314369499999884e+03 1.991898743109999925e-01
2.966495112409999820e+03 1.974330168129999896e-01
2.966675855330000104e+03 1.960649853570000101e-01
2.966856598240000039e+03 1.946622427570000036e-01
2.967037341149999975e+03 1.930961216029999927e-01
2.967218084069999804e+03 1.922892335090000127e-01
2.967398826980000194e+03 1.928030347209999940e-01
2.967579569890000130e+03 1.932535793550000103e-01
2.967760312809999959e+03 1.937903140370000055e-01
2.967941055719999895e+03 1.942547089149999906e-01
2.968121798629999830e+03 1.941567225999999979e-01
2.968302541540000220e+03 1.931801440470000131e-01
2.968483284460000050e+03 1.918121378890000062e-01
2.968664027369999985e+03 1.904081736659999913e-01
2.968844770279999921e+03 1.890231740960000018e-01
2.969025513200000205e+03 1.874465188270000027e-01
2.969206256110000140e+03 1.854845398830000103e-01
2.969386999020000076e+03 1.828930090130000130e-01
2.969567741939999905e+03 1.801044864520000011e-01
2.969748484849999841e+03 1.774864763640000009e-01
2.969929227759999776e+03 1.755028491099999977e-01
2.970109970670000166e+03 1.741569794130000126e-01
2.970290713589999996e+03 1.727394144870000037e-01
2.970471456499999931e+03 1.715368640269999967e-01
2.970652199409999866e+03 1.707707971259999902e-01
2.970832942330000151e+03 1.703467833819999888e-01
2.971013685240000086e+03 1.706422391400000127e-01
2.971194428150000022e+03 1.718621437539999963e-01
2.971375171069999851e+03 1.730351645360000135e-01
2.971555913979999787e+03 1.741765533330000004e-01
2.971736656890000177e+03 1.748760629910000031e-01
2.971917399800000112e+03 1.754011223849999968e-01
2.972098142719999942e+03 1.755383994920000079e-01
2.972278885629999877e+03 1.743458550149999953e-01
2.972459628539999812e+03 1.725727130399999920e-01
2.972640371460000097e+03 1.710287970480000030e-01
2.972821114370000032e+03 1.698351645750000027e-01
2.973001857279999967e+03 1.693669052979999978e-01
2.973182600199999797e+03 1.698978043209999900e-01
2.973363343110000187e+03 1.710622912610000046e-01
2.973544086020000123e+03 1.720855522580000130e-01
2.973724828930000058e+03 1.722713167940000123e-01
2.973905571849999887e+03 1.716556610559999974e-01
2.974086314759999823e+03 1.714207296580000095e-01
2.974267057670000213e+03 1.725140319840000047e-01
2.974447800590000043e+03 1.745093708500000118e-01
2.974628543499999978e+03 1.763259757379999904e-01
2.974809286409999913e+03 1.779494430109999914e-01
2.974990029330000198e+03 1.795060585340000070e-01
2.975170772240000133e+03 1.811105602929999892e-01
2.975351515150000068e+03 1.828269921210000093e-01
2.975532258060000004e+03 1.836918761290000091e-01
2.975713000979999833e+03 1.840583287779999910e-01
2.975893743890000223e+03 1.839974787489999930e-01
2.976074486800000159e+03 1.836408611729999918e-01
2.976255229719999988e+03 1.831834557969999888e-01
2.976435972629999924e+03 1.830258428540000037e-01
2.976616715539999859e+03 1.823939893260000111e-01
2.976797458460000144e+03 1.821463822090000073e-01
2.976978201370000079e+03 1.822551448090000137e-01
2.977158944280000014e+03 1.829405904989999943e-01
2.977339687189999950e+03 1.843036109289999946e-01
2.977520430109999779e+03 1.859009784950000077e-01
2.977701173020000169e+03 1.873162387099999993e-01
2.977881915930000105e+03 1.885548598039999968e-01
2.978062658849999934e+03 1.893662097169999947e-01
2.978243401759999870e+03 1.897452724339999952e-01
2.978424144669999805e+03 1.892996636560000112e-01
2.978604887590000089e+03 1.890197408800000090e-01
2.978785630500000025e+03 1.896868614660000008e-01
2.978966373409999960e+03 1.909859770279999924e-01
2.979147116319999895e+03 1.917195985529999980e-01
2.979327859240000180e+03 1.914062614079999891e-01
2.979508602150000115e+03 1.899274273119999912e-01
2.979689345060000051e+03 1.880962339979999898e-01
2.979870087979999880e+03 1.866448156599999908e-01
2.980050830889999816e+03 1.848633320820000092e-01
2.980231573800000206e+03 1.827551576149999968e-01
2.980412316720000035e+03 1.812854700880000003e-01
2.980593059629999971e+03 1.806512818179999980e-01
2.980773802539999906e+03 1.804686084259999879e-01
2.980954545449999841e+03 1.800022909089999956e-01
2.981135288370000126e+03 1.789971942330000065e-01
2.981316031280000061e+03 1.781156418379999939e-01
2.981496774189999996e+03 1.780050941940000131e-01
2.981677517109999826e+03 1.783042633820000056e-01
2.981858260020000216e+03 1.774769579280000009e-01
2.982039002930000152e+03 1.762795738419999925e-01
2.982219745849999981e+03 1.752566991199999979e-01
2.982400488759999917e+03 1.741349597650000136e-01
2.982581231669999852e+03 1.731534252199999901e-01
2.982761974579999787e+03 1.723213771260000138e-01
2.982942717500000072e+03 1.712136684070000026e-01
2.983123460410000007e+03 1.695229294429999867e-01
2.983304203319999942e+03 1.677587290520000107e-01
2.983484946240000227e+03 1.668899208600000128e-01
2.983665689150000162e+03 1.663086534900000135e-01
2.983846432060000097e+03 1.660493167740000053e-01
2.984027174979999927e+03 1.661184962660000042e-01
2.984207917889999862e+03 1.663526913779999894e-01
2.984388660799999798e+03 1.669951614269999940e-01
2.984569403710000188e+03 1.691687281919999897e-01
2.984750146630000017e+03 1.716615521410000123e-01
2.984930889539999953e+03 1.735308505179999905e-01
2.985111632449999888e+03 1.749981750340000031e-01
2.985292375370000173e+03 1.767024628149999887e-01
2.985473118280000108e+03 1.778129632259999870e-01
2.985653861190000043e+03 1.780537587880000050e-01
2.985834604109999873e+03 1.777646327859999931e-01
2.986015347019999808e+03 1.772587445359999903e-01
2.986196089930000198e+03 1.766078080350000079e-01
2.986376832840000134e+03 1.757200771849999898e-01
2.986557575759999963e+03 1.743758981819999998e-01
2.986738318669999899e+03 1.734377922779999914e-01
2.986919061579999834e+03 1.732650246330000032e-01
2.987099804500000118e+03 1.735773279180000128e-01
2.987280547410000054e+03 1.735270552490000007e-01
2.987461290319999989e+03 1.732602574190000022e-01
2.987642033239999819e+03 1.730957474289999964e-01
2.987822776150000209e+03 1.732091499510000077e-01
2.988003519060000144e+03 1.733945751909999888e-01
2.988184261970000080e+03 1.739519279960000109e-01
2.988365004889999909e+03 1.743928460799999969e-01
2.988545747799999845e+03 1.742879604689999973e-01
2.988726490709999780e+03 1.740126198830000137e-01
2.988907233630000064e+03 1.731498098919999895e-01
2.989087976540000000e+03 1.716669363049999897e-01
2.989268719449999935e+03 1.703649728049999867e-01
2.989449462370000219e+03 1.689038937629999959e-01
2.989630205280000155e+03 1.669505418180000089e-01
2.989810948190000090e+03 1.648591600779999999e-01
2.989991691100000025e+03 1.630051905569999959e-01
2.990172434019999855e+03 1.617422389439999997e-01
2.990353176929999790e+03 1.610400559730000014e-01
2.990533919840000181e+03 1.613509787490000069e-01
2.990714662760000010e+03 1.625392638710000115e-01
2.990895405669999946e+03 1.639502961490000021e-01
2.991076148579999881e+03 1.657563753269999940e-01
2.991256891500000165e+03 1.675258422869999875e-01
2.991437634410000101e+03 1.688430735479999889e-01
2.991618377320000036e+03 1.699565931769999871e-01
2.991799120229999971e+03 1.703503579469999862e-01
2.991979863149999801e+03 1.698251230299999970e-01
2.992160606060000191e+03 1.689412139389999956e-01
2.992341348970000126e+03 1.686668902050000030e-01
2.992522091889999956e+03 1.692057779860000055e-01
2.992702834799999891e+03 1.695611832649999984e-01
2.992883577709999827e+03 1.696977454549999931e-01
2.993064320630000111e+03 1.698754869009999890e-01
2.993245063540000046e+03 1.703218563249999928e-01
2.993425806449999982e+03 1.711465787099999969e-01
2.993606549359999917e+03 1.721062801559999911e-01
2.993787292280000202e+03 1.729358940569999947e-01
2.993968035190000137e+03 1.735540861000000046e-01
2.994148778100000072e+03 1.740862091500000042e-01
2.994329521019999902e+03 1.743240063929999972e-01
2.994510263929999837e+03 1.748898168909999995e-01
2.994691006839999773e+03 1.759284812119999986e-01
2.994871749760000057e+03 1.773130471949999898e-01
2.995052492669999992e+03 1.782787973609999965e-01
2.995233235579999928e+03 1.789062209379999879e-01
2.995413978489999863e+03 1.796116286020000008e-01
2.995594721410000147e+03 1.798558244569999909e-01
2.995775464320000083e+03 1.796982039299999945e-01
2.995956207230000018e+03 1.798307337239999915e-01
2.996136950149999848e+03 1.801847438120000033e-01
2.996317693059999783e+03 1.806152849459999876e-01
2.996498435970000173e+03 1.810915417789999982e-01
2.996679178890000003e+03 1.812550507919999943e-01
2.996859921799999938e+03 1.823860476439999878e-01
2.997040664709999874e+03 1.842257270969999972e-01
2.997221407619999809e+03 1.863571829909999866e-01
2.997402150540000093e+03 1.881039520430000112e-01
2.997582893450000029e+03 1.889760613489999963e-01
2.997763636359999964e+03 1.869709936360000047e-01
2.997944379279999794e+03 1.876056715249999896e-01
2.998125122190000184e+03 1.884014241149999935e-01
2.998305865100000119e+03 1.883828448969999958e-01
2.998486608019999949e+03 1.876700285139999980e-01
2.998667350929999884e+03 1.867167717010000116e-01
2.998848093839999819e+03 1.864180166859999987e-01
2.999028836750000210e+03 1.870121649170000122e-01
2.999209579670000039e+03 1.875601623360000081e-01
2.999390322579999975e+03 1.881361119349999889e-01
2.999571065489999910e+03 1.881958539490000137e-01
2.999751808410000194e+03 1.879231895890000059e-01
2.999932551320000130e+03 1.879315590910000111e-01
3.000113294230000065e+03 1.882922943789999970e-01
3.000294037149999895e+03 1.879477573509999999e-01
3.000474780059999830e+03 1.880134969789999944e-01
3.000655522970000220e+03 1.882439946729999869e-01
3.000836265880000155e+03 1.880739615539999965e-01
3.001017008799999985e+03 1.874905739880000088e-01
3.001197751709999920e+03 1.864316605570000007e-01
3.001378494619999856e+03 1.856675020430000045e-01
3.001559237540000140e+03 1.853720695889999881e-01
3.001739980450000076e+03 1.850591047019999880e-01
3.001920723360000011e+03 1.849485991300000021e-01
3.002101466279999840e+03 1.844731682400000128e-01
3.002282209189999776e+03 1.830785040179999934e-01
3.002462952100000166e+03 1.817497630990000113e-01
3.002643695010000101e+03 1.831030502640000057e-01
3.002824437929999931e+03 1.818093420140000083e-01
3.003005180839999866e+03 1.803718481129999995e-01
3.003185923749999802e+03 1.796355714960000127e-01
3.003366666670000086e+03 1.796144600000000036e-01
3.003547409580000021e+03 1.799704113779999892e-01
3.003728152489999957e+03 1.799928791200000044e-01
3.003908895409999786e+03 1.795306095800000001e-01
3.004089638320000176e+03 1.794812112999999987e-01
3.004270381230000112e+03 1.797254353670000027e-01
3.004451124140000047e+03 1.801492002929999947e-01
3.004631867059999877e+03 1.805829307329999966e-01
3.004812609969999812e+03 1.806841105570000106e-01
3.004993352880000202e+03 1.801689582990000094e-01
3.005174095800000032e+03 1.792737236560000003e-01
3.005354838709999967e+03 1.777992567739999918e-01
3.005535581619999903e+03 1.761412908499999930e-01
3.005716324540000187e+03 1.746727146629999949e-01
3.005897067450000122e+03 1.735837449850000103e-01
3.006077810360000058e+03 1.729849187880000139e-01
3.006258553269999993e+03 1.729137414080000046e-01
3.006439296189999823e+03 1.728928267450000056e-01
3.006620039100000213e+03 1.730129293259999868e-01
3.006800782010000148e+03 1.732031621510000119e-01
3.006981524929999978e+03 1.729392394129999899e-01
3.007162267839999913e+03 1.727337741540000138e-01
3.007343010749999848e+03 1.729218217200000074e-01
3.007523753670000133e+03 1.732079425220000024e-01
3.007704496580000068e+03 1.735034961290000122e-01
3.007885239490000004e+03 1.740528717890000021e-01
3.008065982399999939e+03 1.744774717889999993e-01
3.008246725320000223e+03 1.748340852589999883e-01
3.008427468230000159e+03 1.748036544480000010e-01
3.008608211140000094e+03 1.741039365979999975e-01
3.008788954059999924e+03 1.741534245159999938e-01
3.008969696969999859e+03 1.747086315149999902e-01
3.009150439879999794e+03 1.754332625220000053e-01
3.009331182800000079e+03 1.761916722580000039e-01
3.009511925710000014e+03 1.765591502249999889e-01
3.009692668619999949e+03 1.766552245749999916e-01
3.009873411529999885e+03 1.763555650239999883e-01
3.010054154450000169e+03 1.768444897360000045e-01
3.010234897360000105e+03 1.777994517890000015e-01
3.010415640270000040e+03 1.790271135869999919e-01
3.010596383189999870e+03 1.801969527660000070e-01
3.010777126099999805e+03 1.812135252200000046e-01
3.010957869010000195e+03 1.820985225220000114e-01
3.011138611930000025e+03 1.823718944670000008e-01
3.011319354839999960e+03 1.824996258059999876e-01
3.011500097749999895e+03 1.823880618769999906e-01
3.011680840659999831e+03 1.820939206059999926e-01
3.011861583580000115e+03 1.818684960120000027e-01
3.012042326490000050e+03 1.823246412710000097e-01
3.012223069399999986e+03 1.833426997070000120e-01
3.012403812319999815e+03 1.843256493840000065e-01
3.012584555230000205e+03 1.850502417200000083e-01
3.012765298140000141e+03 1.855411900489999932e-01
3.012946041059999970e+03 1.860785819939999863e-01
3.013126783969999906e+03 1.863934599800000091e-01
3.013307526879999841e+03 1.863486556989999987e-01
3.013488269789999777e+03 1.872328802930000036e-01
3.013669012710000061e+03 1.887588053179999892e-01
3.013849755619999996e+03 1.890492763050000136e-01
3.014030498529999932e+03 1.887717990030000070e-01
3.014211241450000216e+03 1.883569690130000029e-01
3.014391984360000151e+03 1.878658832840000015e-01
3.014572727270000087e+03 1.873943999999999888e-01
3.014753470189999916e+03 1.869293391200000098e-01
3.014934213099999852e+03 1.860861436169999883e-01
3.015114956009999787e+03 1.853016834020000114e-01
3.015295698920000177e+03 1.850652627959999963e-01
3.015476441840000007e+03 1.847015213100000053e-01
3.015657184749999942e+03 1.840168429909999903e-01
3.015837927659999878e+03 1.831896284850000056e-01
3.016018670580000162e+03 1.831199780649999942e-01
3.016199413490000097e+03 1.837216019940000056e-01
3.016380156400000033e+03 1.844394748390000005e-01
3.016560899319999862e+03 1.846318431279999894e-01
3.016741642229999798e+03 1.845130763639999949e-01
3.016922385140000188e+03 1.843834184560000089e-01
3.017103128050000123e+03 1.843434620720000028e-01
3.017283870969999953e+03 1.842664406450000014e-01
3.017464613879999888e+03 1.844869322580000026e-01
3.017645356789999823e+03 1.850411065489999951e-01
3.017826099710000108e+03 1.855055853370000118e-01
3.018006842620000043e+03 1.853985026390000124e-01
3.018187585529999978e+03 1.850220407429999936e-01
3.018368328449999808e+03 1.848157669790000124e-01
3.018549071360000198e+03 1.843028231870000033e-01
3.018729814270000134e+03 1.837286458459999883e-01
3.018910557180000069e+03 1.832773047509999864e-01
3.019091300099999899e+03 1.829821141150000108e-01
3.019272043009999834e+03 1.826097554839999915e-01
3.019452785920000224e+03 1.818789973609999944e-01
3.019633528840000054e+03 1.812019307920000044e-01
3.019814271749999989e+03 1.811025442420000076e-01
3.019995014659999924e+03 1.808980434599999909e-01
3.020175757580000209e+03 1.801686230300000024e-01
3.020356500490000144e+03 1.793584714170000094e-01
3.020537243400000079e+03 1.791256092669999966e-01
3.020717986310000015e+03 1.794090700490000023e-01
3.020898729229999844e+03 1.795726754449999962e-01
3.021079472139999780e+03 1.794495306739999907e-01
3.021260215050000170e+03 1.792461961290000017e-01
3.021440957969999999e+03 1.786311567939999900e-01
3.021621700879999935e+03 1.786189488559999927e-01
3.021802443789999870e+03 1.781573866080000124e-01
3.021983186710000155e+03 1.769673463729999896e-01
3.022163929620000090e+03 1.757226085040000108e-01
3.022344672530000025e+03 1.747290462170000003e-01
3.022525415439999961e+03 1.734813987880000075e-01
3.022706158359999790e+03 1.723254571850000028e-01
3.022886901270000180e+03 1.715581336850000027e-01
3.023067644180000116e+03 1.718661457669999892e-01
3.023248387099999945e+03 1.732261167739999885e-01
3.023429130009999881e+03 1.741916212319999935e-01
3.023609872919999816e+03 1.743405053759999879e-01
3.023790615840000100e+03 1.740618683869999961e-01
3.023971358750000036e+03 1.739530046530000096e-01
3.024152101659999971e+03 1.738012768910000005e-01
3.024332844569999907e+03 1.742383265100000134e-01
3.024513587490000191e+03 1.751751606839999920e-01
3.024694330400000126e+03 1.757668931770000054e-01
3.024875073310000062e+03 1.766208224630000101e-01
3.025055816229999891e+03 1.777778669010000034e-01
3.025236559139999827e+03 1.792390473119999939e-01
3.025417302050000217e+03 1.805149732549999886e-01
3.025598044970000046e+03 1.812060428349999974e-01
3.025778787879999982e+03 1.819908406059999872e-01
3.025959530789999917e+03 1.828073884460000020e-01
3.026140273699999852e+03 1.832712747019999977e-01
3.026321016620000137e+03 1.838385276829999915e-01
3.026501759530000072e+03 1.846011846329999873e-01
3.026682502440000007e+03 1.852605687589999883e-01
3.026863245359999837e+03 1.862140516130000034e-01
3.027043988270000227e+03 1.869412849850000113e-01
3.027224731180000163e+03 1.870298782800000059e-01
3.027405474099999992e+03 1.867780822479999936e-01
3.027586217009999928e+03 1.869897577709999925e-01
3.027766959919999863e+03 1.872890323749999975e-01
3.027947702829999798e+03 1.873089513589999977e-01
3.028128445750000083e+03 1.865411270379999931e-01
3.028309188660000018e+03 1.848002327859999960e-01
3.028489931569999953e+03 1.831725416620000046e-01
3.028670674489999783e+03 1.819634753080000000e-01
3.028851417400000173e+03 1.811515154249999926e-01
3.029032160310000108e+03 1.803524696580000031e-01
3.029212903229999938e+03 1.795461690319999915e-01
3.029393646139999873e+03 1.784938291100000018e-01
3.029574389049999809e+03 1.777935626980000072e-01
3.029755131960000199e+03 1.774923834600000139e-01
3.029935874880000028e+03 1.774941750540000029e-01
3.030116617789999964e+03 1.774007716719999961e-01
3.030297360699999899e+03 1.765643693260000036e-01
3.030478103620000184e+03 1.749678038509999978e-01
3.030658846530000119e+03 1.734634243210000093e-01
3.030839589440000054e+03 1.712956897360000119e-01
3.031020332359999884e+03 1.685791207619999899e-01
3.031201075269999819e+03 1.659058761290000128e-01
3.031381818180000209e+03 1.632025545449999893e-01
3.031562561090000145e+03 1.607491828929999977e-01
3.031743304009999974e+03 1.591176569699999932e-01
3.031924046919999910e+03 1.584871989440000128e-01
3.032104789829999845e+03 1.583004281719999906e-01
3.032285532750000129e+03 1.585790185919999928e-01
3.032466275660000065e+03 1.591434308499999895e-01
3.032647018570000000e+03 1.595431832260000016e-01
3.032827761489999830e+03 1.595515049269999874e-01
3.033008504400000220e+03 1.594820478010000042e-01
3.033189247310000155e+03 1.600013163439999997e-01
3.033369990220000091e+03 1.614348505379999965e-01
3.033550733139999920e+03 1.627460306159999870e-01
3.033731476049999856e+03 1.639341887980000079e-01
3.033912218959999791e+03 1.651065614270000037e-01
3.034092961880000075e+03 1.661013028739999897e-01
3.034273704790000011e+03 1.670478808599999976e-01
3.034454447699999946e+03 1.681906743109999880e-01
3.034635190619999776e+03 1.692067256299999989e-01
3.034815933530000166e+03 1.702495803909999939e-01
3.034996676440000101e+03 1.714919331960000071e-01
3.035177419350000037e+03 1.729728890320000045e-01
3.035358162269999866e+03 1.748101323559999865e-01
3.035538905179999801e+03 1.769200978100000099e-01
3.035719648090000192e+03 1.787376150149999898e-01
3.035900391010000021e+03 1.808588791980000055e-01
3.036081133919999957e+03 1.829868973019999900e-01
3.036261876829999892e+03 1.846721618180000024e-01
3.036442619750000176e+03 1.857515542909999873e-01
3.036623362660000112e+03 1.862784203710000086e-01
3.036804105570000047e+03 1.853729788269999901e-01
3.036984848479999982e+03 1.824970086059999885e-01
3.037165591399999812e+03 1.783821510749999950e-01
3.037346334310000202e+03 1.731513954599999960e-01
3.037527077220000137e+03 1.673808984540000044e-01
3.037707820139999967e+03 1.614861755989999981e-01
3.037888563049999902e+03 1.558882086330000138e-01
3.038069305959999838e+03 1.502874943849999978e-01
3.038250048880000122e+03 1.443653210970000100e-01
3.038430791790000058e+03 1.383393434899999885e-01
3.038611534699999993e+03 1.325531770539999932e-01
3.038792277609999928e+03 1.267943606470000040e-01
3.038973020530000213e+03 1.209086705040000043e-01
3.039153763440000148e+03 1.149515593120000040e-01
3.039334506350000083e+03 1.087017093020000019e-01
3.039515249269999913e+03 1.020271461290000042e-01
3.039695992179999848e+03 9.510324276010000133e-02
3.039876735089999784e+03 8.764732246839999907e-02
3.040057478010000068e+03 7.993797128860000156e-02
3.040238220920000003e+03 7.216983129329999913e-02
3.040418963829999939e+03 6.453745109540000302e-02
3.040599706739999874e+03 5.726229343340000222e-02
3.040780449660000158e+03 5.039310611379999721e-02
3.040961192570000094e+03 4.376938102579999712e-02
3.041141935480000029e+03 3.736606800649999727e-02
3.041322678399999859e+03 3.141949842089999945e-02
3.041503421309999794e+03 2.592379600860000161e-02
3.041684164220000184e+03 2.078405002170000127e-02
3.041864907140000014e+03 1.634367490869999967e-02
3.042045650049999949e+03 1.327216582940000077e-02
3.042226392959999885e+03 1.140156185250000044e-02
3.042407135869999820e+03 1.010262015080000061e-02
3.042587878790000104e+03 9.002267266930000233e-03
3.042768621700000040e+03 8.006721532059999855e-03
3.042949364609999975e+03 7.093326268620000000e-03
3.043130107529999805e+03 6.252316663330000253e-03
3.043310850440000195e+03 5.475646609930000415e-03
3.043491593350000130e+03 4.757636068030000019e-03
3.043672336269999960e+03 4.092198164240000088e-03
3.043853079179999895e+03 3.472452751989999788e-03
3.044033822089999830e+03 2.894105567379999869e-03
3.044214565000000221e+03 2.353383015409999789e-03
3.044395307920000050e+03 1.847432292540000017e-03
3.044576050829999986e+03 1.373795267180000050e-03
3.044756793739999921e+03 1.185681978560000020e-03
3.044937536660000205e+03 1.046636765189999999e-03
3.045118279570000141e+03 9.147798732019999692e-04
3.045299022480000076e+03 7.895938137829999716e-04
3.045479765399999906e+03 6.708964158469999913e-04
3.045660508309999841e+03 5.578868366159999521e-04
3.045841251219999776e+03 4.501753866130000017e-04
3.046021994130000166e+03 3.474068904710000245e-04
3.046202737049999996e+03 2.492552831740000208e-04
3.046383479959999931e+03 1.556257540619999903e-04
3.046564222869999867e+03 6.604479796969999449e-05
3.046744965790000151e+03 1.017562396580000064e-06
3.046925708700000087e+03 9.285925229519999920e-07
3.047106451610000022e+03 8.451022135479999803e-07
3.047287194529999852e+03 7.674836192960000439e-07
3.047467937439999787e+03 6.947431173799999610e-07
3.047648680350000177e+03 6.266466753079999982e-07
3.047829423260000112e+03 5.624672345650000447e-07
3.048010166179999942e+03 5.021456725379999678e-07
3.048190909089999877e+03 4.446670232730000140e-07
3.048371651999999813e+03 3.900302572919999824e-07
3.048552394920000097e+03 3.381184062680000079e-07
3.048733137830000032e+03 2.886426655069999896e-07
3.048913880739999968e+03 2.415455837889999743e-07
3.049094623659999797e+03 2.108836447099999868e-07
3.049275366570000187e+03 1.932115837540000027e-07
3.049456109480000123e+03 1.771955510280000040e-07
3.049636852390000058e+03 1.624728828390000016e-07
3.049817595309999888e+03 1.491272903280000116e-07
3.049998338219999823e+03 1.363429789910000056e-07
3.050179081130000213e+03 1.235477860900000103e-07
3.050359824050000043e+03 1.193357204219999876e-07
3.050540566959999978e+03 1.163039382719999947e-07
3.050721309869999914e+03 1.118715255930000057e-07
3.050902052790000198e+03 1.074391129150000052e-07
3.051082795700000133e+03 1.030067002370000047e-07
3.051263538610000069e+03 9.909313967940000572e-08
3.051444281520000004e+03 9.613768578889999662e-08
3.051625024439999834e+03 9.318211678590000274e-08
3.051805767350000224e+03 9.037367450830000598e-08
3.051986510260000159e+03 8.596116162460000383e-08
3.052167253179999989e+03 8.154864874100000451e-08
3.052347996089999924e+03 7.723656203519999404e-08
3.052528738999999860e+03 7.320411534899999931e-08
3.052709481920000144e+03 6.917166866280000459e-08
3.052890224830000079e+03 6.513871671749999766e-08
3.053070967740000015e+03 6.150549677420000514e-08
3.053251710649999950e+03 5.789516070179999784e-08
3.053432453569999780e+03 5.428482462949999998e-08
3.053613196480000170e+03 5.067448855720000213e-08
3.053793939390000105e+03 4.706415248480000145e-08
3.053974682309999935e+03 4.345381641249999698e-08
3.054155425219999870e+03 3.984348034019999912e-08
3.054336168129999805e+03 3.623314426779999844e-08
3.054516911050000090e+03 3.262280819550000059e-08
3.054697653960000025e+03 2.901247212319999942e-08
3.054878396869999960e+03 2.540213605079999874e-08
3.055059139779999896e+03 2.179179997850000089e-08
3.055239882700000180e+03 1.818146390619999972e-08
3.055420625610000116e+03 1.457099871749999996e-08
3.055601368520000051e+03 1.197258186709999937e-08
3.055782111439999881e+03 1.016741202349999933e-08
3.055962854349999816e+03 8.362242179860000153e-09
3.056143597260000206e+03 6.557072336269999906e-09
3.056324340180000036e+03 4.751902492669999873e-09
3.056505083089999971e+03 2.946732649069999839e-09
3.056685825999999906e+03 1.141562805480000006e-09
3.056866568909999842e+03 0.000000000000000000e+00
3.057047311830000126e+03 0.000000000000000000e+00
3.057228054740000061e+03 0.000000000000000000e+00
3.057408797649999997e+03 0.000000000000000000e+00
3.057589540569999826e+03 0.000000000000000000e+00
3.057770283480000217e+03 0.000000000000000000e+00
3.057951026390000152e+03 0.000000000000000000e+00
3.058131769309999981e+03 0.000000000000000000e+00
3.058312512219999917e+03 0.000000000000000000e+00
3.058493255129999852e+03 0.000000000000000000e+00
3.058673998039999788e+03 0.000000000000000000e+00
3.058854740960000072e+03 0.000000000000000000e+00
3.059035483870000007e+03 0.000000000000000000e+00
3.059216226779999943e+03 0.000000000000000000e+00
3.059396969700000227e+03 0.000000000000000000e+00
3.059577712610000162e+03 0.000000000000000000e+00
3.059758455520000098e+03 0.000000000000000000e+00
3.059939198439999927e+03 0.000000000000000000e+00
3.060119941349999863e+03 0.000000000000000000e+00
3.060300684259999798e+03 0.000000000000000000e+00
3.060481427170000188e+03 0.000000000000000000e+00
3.060662170090000018e+03 0.000000000000000000e+00
3.060842912999999953e+03 0.000000000000000000e+00
3.061023655909999889e+03 0.000000000000000000e+00
3.061204398830000173e+03 0.000000000000000000e+00
3.061385141740000108e+03 0.000000000000000000e+00
3.061565884650000044e+03 0.000000000000000000e+00
3.061746627569999873e+03 0.000000000000000000e+00
3.061927370479999809e+03 0.000000000000000000e+00
3.062108113390000199e+03 0.000000000000000000e+00
3.062288856300000134e+03 0.000000000000000000e+00
3.062469599219999964e+03 0.000000000000000000e+00
3.062650342129999899e+03 0.000000000000000000e+00
3.062831085039999834e+03 0.000000000000000000e+00
3.063011827960000119e+03 0.000000000000000000e+00
3.063192570870000054e+03 0.000000000000000000e+00
3.063373313779999989e+03 0.000000000000000000e+00
3.063554056699999819e+03 0.000000000000000000e+00
3.063734799610000209e+03 0.000000000000000000e+00
3.063915542520000145e+03 0.000000000000000000e+00
3.064096285430000080e+03 0.000000000000000000e+00
3.064277028349999910e+03 0.000000000000000000e+00
3.064457771259999845e+03 0.000000000000000000e+00
3.064638514169999780e+03 0.000000000000000000e+00
3.064819257090000065e+03 0.000000000000000000e+00
3.065000000000000000e+03 0.000000000000000000e+00
