# Wavelength (Angstroms)      Variance
2.911860000000000127e+03 3.793897800000000098e-01
2.913109403710000151e+03 3.703534569660000275e-01
2.914358807430000070e+03 3.623069581819999829e-01
2.915608211140000094e+03 3.619983675660000122e-01
2.916857614860000012e+03 3.621806611339999926e-01
2.918107018570000037e+03 3.618530119650000265e-01
2.919356422289999955e+03 3.621817725040000213e-01
2.920605825999999979e+03 3.623330593160000168e-01
2.921855229719999897e+03 3.617421608949999978e-01
2.923104633429999922e+03 3.616769239770000199e-01
2.924354037149999840e+03 3.606820894039999836e-01
2.925603440859999864e+03 3.617721046879999736e-01
2.926852844569999888e+03 3.633831317890000023e-01
2.928102248289999807e+03 3.642362287190000214e-01
2.929351651999999831e+03 3.650975652239999980e-01
2.930601055720000204e+03 3.648258042820000102e-01
2.931850459429999773e+03 3.642834928600000022e-01
2.933099863150000147e+03 3.642748591550000192e-01
2.934349266860000171e+03 3.652941881410000091e-01
2.935598670580000089e+03 3.644439560980000103e-01
2.936848074290000113e+03 3.641886970089999731e-01
2.938097478010000032e+03 3.631686878829999965e-01
2.939346881720000056e+03 3.624988570320000214e-01
2.940596285430000080e+03 3.630681905020000100e-01
2.941845689149999998e+03 3.626990646220000225e-01
2.943095092860000022e+03 3.642344459040000038e-01
2.944344496579999941e+03 3.647232447120000165e-01
2.945593900289999965e+03 3.640239397180000114e-01
2.946843304009999883e+03 3.649144765430000215e-01
2.948092707719999908e+03 3.648469656660000004e-01
2.949342111439999826e+03 3.638861678010000267e-01
2.950591515149999850e+03 3.654117753939999935e-01
2.951840918870000223e+03 3.644256916320000039e-01
2.953090322579999793e+03 3.637024860649999969e-01
2.954339726300000166e+03 3.640615921989999726e-01
2.955589130010000190e+03 3.629098082309999973e-01
2.956838533720000214e+03 3.628896916830000041e-01
2.958087937440000132e+03 3.623112411070000261e-01
2.959337341150000157e+03 3.624756697950000106e-01
2.960586744870000075e+03 3.632997222289999772e-01
2.961836148580000099e+03 3.636749793160000133e-01
2.963085552300000018e+03 3.629490701509999750e-01
2.964334956010000042e+03 3.620476744159999982e-01
2.965584359729999960e+03 3.618557563520000131e-01
2.966833763439999984e+03 3.631347090750000062e-01
2.968083167159999903e+03 3.650904388269999856e-01
2.969332570869999927e+03 3.661292594450000215e-01
2.970581974579999951e+03 3.660436892860000069e-01
2.971831378299999869e+03 3.652375832259999733e-01
2.973080782009999893e+03 3.645087100650000189e-01
2.974330185729999812e+03 3.633321478589999765e-01
2.975579589439999836e+03 3.620493454429999924e-01
2.976828993160000209e+03 3.612242354799999888e-01
2.978078396869999779e+03 3.609042063540000012e-01
2.979327800590000152e+03 3.597184316009999772e-01
2.980577204300000176e+03 3.596347307530000093e-01
2.981826608020000094e+03 3.598075082619999754e-01
2.983076011730000118e+03 3.595444942870000271e-01
2.984325415440000143e+03 3.599724444810000201e-01
2.985574819160000061e+03 3.601282272810000240e-01
2.986824222870000085e+03 3.608807649269999973e-01
2.988073626590000003e+03 3.614103280900000104e-01
2.989323030300000028e+03 3.641057549089999901e-01
2.990572434019999946e+03 3.654213342290000277e-01
2.991821837729999970e+03 3.655110650989999987e-01
2.993071241449999889e+03 3.655992843990000241e-01
2.994320645159999913e+03 3.622028170320000240e-01
2.995570048879999831e+03 3.617968212000000072e-01
2.996819452589999855e+03 3.616864014860000087e-01
2.998068856299999879e+03 3.625741642349999960e-01
2.999318260019999798e+03 3.633540236360000009e-01
3.000567663729999822e+03 3.621471998979999829e-01
3.001817067450000195e+03 3.626535443400000225e-01
3.003066471160000219e+03 3.611439407229999898e-01
3.004315874880000138e+03 3.623985424710000069e-01
3.005565278590000162e+03 3.631725248209999868e-01
3.006814682310000080e+03 3.594869202389999741e-01
3.008064086020000104e+03 3.583994245589999794e-01
3.009313489740000023e+03 3.573068419939999796e-01
3.010562893450000047e+03 3.565295847309999933e-01
3.011812297169999965e+03 3.567290580720000048e-01
3.013061700879999989e+03 3.563498488090000027e-01
3.014311104590000014e+03 3.536614765000000160e-01
3.015560508309999932e+03 3.523212559730000137e-01
3.016809912019999956e+03 3.528101445280000248e-01
3.018059315739999874e+03 3.556226181039999767e-01
3.019308719449999899e+03 3.567420499819999868e-01
3.020558123169999817e+03 3.565428946279999844e-01
3.021807526879999841e+03 3.560421520429999931e-01
3.023056930600000214e+03 3.541227838939999817e-01
3.024306334309999784e+03 3.533674243639999824e-01
3.025555738030000157e+03 3.523332708040000094e-01
3.026805141740000181e+03 3.511578547490000202e-01
3.028054545450000205e+03 3.490318399999999821e-01
3.029303949170000124e+03 3.496294334580000163e-01
3.030553352880000148e+03 3.511198808450000097e-01
3.031802756600000066e+03 3.528099281409999843e-01
3.033052160310000090e+03 3.552308352219999965e-01
3.034301564030000009e+03 3.534853534899999872e-01
3.035550967740000033e+03 3.519739154839999773e-01
3.036800371459999951e+03 3.499715235459999740e-01
3.038049775169999975e+03 3.476280051339999955e-01
3.039299178889999894e+03 3.479243129740000051e-01
3.040548582599999918e+03 3.469188926099999737e-01
3.041797986309999942e+03 3.438653827209999791e-01
3.043047390029999860e+03 3.427967342870000267e-01
3.044296793739999885e+03 3.419768622720000262e-01
3.045546197459999803e+03 3.419981591749999827e-01
3.046795601169999827e+03 3.443413343699999740e-01
3.048045004890000200e+03 3.415330267489999905e-01
3.049294408600000224e+03 3.401247452899999746e-01
3.050543812320000143e+03 3.380616429330000061e-01
3.051793216030000167e+03 3.360239053019999922e-01
3.053042619750000085e+03 3.347370185340000082e-01
3.054292023460000109e+03 3.356544407270000141e-01
3.055541427170000134e+03 3.407640223419999836e-01
3.056790830890000052e+03 3.427115061389999773e-01
3.058040234600000076e+03 3.457410285399999950e-01
3.059289638319999995e+03 3.421993415249999781e-01
3.060539042030000019e+03 3.377456295760000171e-01
3.061788445749999937e+03 3.346630738060000221e-01
3.063037849459999961e+03 3.313211059780000189e-01
3.064287253179999880e+03 3.293285327700000154e-01
3.065536656889999904e+03 3.245883733139999783e-01
3.066786060609999822e+03 3.213034545449999779e-01
3.068035464319999846e+03 3.165901110650000128e-01
3.069284868040000219e+03 3.186928805279999888e-01
3.070534271749999789e+03 3.186721186240000225e-01
3.071783675459999813e+03 3.199520704989999853e-01
3.073033079180000186e+03 3.255863883049999741e-01
3.074282482890000210e+03 3.225003396130000088e-01
3.075531886610000129e+03 3.208659510299999851e-01
3.076781290320000153e+03 3.181223170320000015e-01
3.078030694040000071e+03 3.111386541150000240e-01
3.079280097750000095e+03 3.104620078359999757e-01
3.080529501470000014e+03 3.081462749910000021e-01
3.081778905180000038e+03 3.062721675430000179e-01
3.083028308899999956e+03 3.080205389560000118e-01
3.084277712609999980e+03 3.078583157179999863e-01
3.085527116320000005e+03 3.069666572359999734e-01
3.086776520039999923e+03 3.057533246959999729e-01
3.088025923749999947e+03 2.991750984750000120e-01
3.089275327469999866e+03 2.939312742910000220e-01
3.090524731179999890e+03 2.935402739779999770e-01
3.091774134899999808e+03 2.952856531729999845e-01
3.093023538609999832e+03 2.983759057520000146e-01
3.094272942330000205e+03 3.021511744750000061e-01
3.095522346039999775e+03 3.010100560349999732e-01
3.096771749760000148e+03 2.974643998440000270e-01
3.098021153470000172e+03 2.962366480270000046e-01
3.099270557180000196e+03 2.936082881059999816e-01
3.100519960900000115e+03 2.894923873160000216e-01
3.101769364610000139e+03 2.884299990070000042e-01
3.103018768330000057e+03 2.906827848679999771e-01
3.104268172040000081e+03 2.884973245160000199e-01
3.105517575760000000e+03 2.898514350299999931e-01
3.106766979470000024e+03 2.892759165750000139e-01
3.108016383189999942e+03 2.863971681329999797e-01
3.109265786899999966e+03 2.900960914169999905e-01
3.110515190619999885e+03 2.902581007510000033e-01
3.111764594329999909e+03 2.934104439019999955e-01
3.113013998039999933e+03 2.943536847270000201e-01
3.114263401759999851e+03 2.890360223580000221e-01
3.115512805469999876e+03 2.947232704200000164e-01
3.116762209189999794e+03 2.886253363210000145e-01
3.118011612899999818e+03 2.915653993549999767e-01
3.119261016620000191e+03 2.948774525630000198e-01
3.120510420330000215e+03 2.928284692429999891e-01
3.121759824050000134e+03 2.985982746040000135e-01
3.123009227760000158e+03 2.970392236400000163e-01
3.124258631480000076e+03 2.945197605079999947e-01
3.125508035190000101e+03 2.960714515430000193e-01
3.126757438910000019e+03 2.965497528720000275e-01
3.128006842620000043e+03 2.926498832450000198e-01
3.129256246330000067e+03 2.946210011029999909e-01
3.130505650049999986e+03 2.897887515070000086e-01
3.131755053760000010e+03 2.870004090750000181e-01
3.133004457479999928e+03 2.891434499350000187e-01
3.134253861189999952e+03 2.867350897170000135e-01
3.135503264909999871e+03 2.849072370479999727e-01
3.136752668619999895e+03 2.826043225920000235e-01
3.138002072339999813e+03 2.842260557579999736e-01
3.139251476049999837e+03 2.861452360660000083e-01
3.140500879770000211e+03 2.862478256889999795e-01
3.141750283479999780e+03 2.890715095479999830e-01
3.142999687189999804e+03 2.873291165549999859e-01
3.144249090910000177e+03 2.924655509090000050e-01
3.145498494620000201e+03 2.984669053760000135e-01
3.146747898340000120e+03 2.963988882890000176e-01
3.147997302050000144e+03 2.900675436010000108e-01
3.149246705770000062e+03 2.816432898099999749e-01
3.150496109480000086e+03 2.769898351869999886e-01
3.151745513200000005e+03 2.757372314720000217e-01
3.152994916910000029e+03 2.778086584159999983e-01
3.154244320629999947e+03 2.804622484259999826e-01
3.155493724339999972e+03 2.728216094779999934e-01
3.156743128049999996e+03 2.696573571099999955e-01
3.157992531769999914e+03 2.751655778339999747e-01
3.159241935479999938e+03 2.778334245160000160e-01
3.160491339199999857e+03 2.870326785769999889e-01
3.161740742909999881e+03 2.883425580180000170e-01
3.162990146629999799e+03 2.854047091140000103e-01
3.164239550339999823e+03 2.785813226939999887e-01
3.165488954060000196e+03 2.743534442819999808e-01
3.166738357770000221e+03 2.757191580530000130e-01
3.167987761490000139e+03 2.722960619629999912e-01
3.169237165200000163e+03 2.736494586589999778e-01
3.170486568910000187e+03 2.752475743810000042e-01
3.171735972630000106e+03 2.776830975169999882e-01
3.172985376340000130e+03 2.827570956559999904e-01
3.174234780060000048e+03 2.845236363990000239e-01
3.175484183770000072e+03 2.794841097399999863e-01
3.176733587489999991e+03 2.770347141269999813e-01
3.177982991200000015e+03 2.720602232839999801e-01
3.179232394919999933e+03 2.699703799220000144e-01
3.180481798629999957e+03 2.711051568880000207e-01
3.181731202349999876e+03 2.733245721409999773e-01
3.182980606059999900e+03 2.705432027879999812e-01
3.184230009779999818e+03 2.732312936849999874e-01
3.185479413489999843e+03 2.779492377239999867e-01
3.186728817199999867e+03 2.760805178060000142e-01
3.187978220919999785e+03 2.790900465569999822e-01
3.189227624629999809e+03 2.784990193310000195e-01
3.190477028350000182e+03 2.788083247509999807e-01
3.191726432060000207e+03 2.758752400700000273e-01
3.192975835780000125e+03 2.781342553550000263e-01
3.194225239490000149e+03 2.698725436909999997e-01
3.195474643210000067e+03 2.698495390380000192e-01
3.196724046920000092e+03 2.720761761289999803e-01
3.197973450640000010e+03 2.712711463499999920e-01
3.199222854350000034e+03 2.813278382909999986e-01
3.200472258060000058e+03 2.794679824519999967e-01
3.201721661779999977e+03 2.813345426080000045e-01
3.202971065490000001e+03 2.752201137049999913e-01
3.204220469209999919e+03 2.654485624280000233e-01
3.205469872919999943e+03 2.608108771300000073e-01
3.206719276639999862e+03 2.584319352450000218e-01
3.207968680349999886e+03 2.619917703229999728e-01
3.209218084069999804e+03 2.637634715350000159e-01
3.210467487779999828e+03 2.614209024360000244e-01
3.211716891500000202e+03 2.608539272489999727e-01
3.212966295210000226e+03 2.579246959770000180e-01
3.214215698919999795e+03 2.643459137629999844e-01
3.215465102640000168e+03 2.695952899119999913e-01
3.216714506350000192e+03 2.676157649659999804e-01
3.217963910070000111e+03 2.752626369580000176e-01
3.219213313780000135e+03 2.737369619119999764e-01
3.220462717500000053e+03 2.759889389949999883e-01
3.221712121210000078e+03 2.809999163640000130e-01
3.222961524929999996e+03 2.806987453140000199e-01
3.224210928640000020e+03 2.836758058769999757e-01
3.225460332359999938e+03 2.817384799259999850e-01
3.226709736069999963e+03 2.761986790029999916e-01
3.227959139779999987e+03 2.701516959140000118e-01
3.229208543499999905e+03 2.644841362420000119e-01
3.230457947209999929e+03 2.600902710849999910e-01
3.231707350929999848e+03 2.537111857400000114e-01
3.232956754639999872e+03 2.495129119650000005e-01
3.234206158359999790e+03 2.502878086800000013e-01
3.235455562069999814e+03 2.522283803009999770e-01
3.236704965790000188e+03 2.567820642699999989e-01
3.237954369500000212e+03 2.643855466739999938e-01
3.239203773220000130e+03 2.608785040039999781e-01
3.240453176930000154e+03 2.603005690519999971e-01
3.241702580650000073e+03 2.567320547099999906e-01
3.242951984360000097e+03 2.528644535089999978e-01
3.244201388070000121e+03 2.573534202850000230e-01
3.245450791790000039e+03 2.598811400000000105e-01
3.246700195500000063e+03 2.703629294820000251e-01
3.247949599219999982e+03 2.749311098850000246e-01
3.249199002930000006e+03 2.756864066040000116e-01
3.250448406649999924e+03 2.701644874169999988e-01
3.251697810359999949e+03 2.659874137129999982e-01
3.252947214079999867e+03 2.683289343699999940e-01
3.254196617789999891e+03 2.648676250440000213e-01
3.255446021509999809e+03 2.637703555270000111e-01
3.256695425219999834e+03 2.554103281760000121e-01
3.257944828929999858e+03 2.476041286179999912e-01
3.259194232649999776e+03 2.491004263540000097e-01
3.260443636359999800e+03 2.568260450909999881e-01
3.261693040080000173e+03 2.685998158239999989e-01
3.262942443790000198e+03 2.766640770559999907e-01
3.264191847510000116e+03 2.812711805159999745e-01
3.265441251220000140e+03 2.781120675070000159e-01
3.266690654940000059e+03 2.761716616229999977e-01
3.267940058650000083e+03 2.713720894430000086e-01
3.269189462370000001e+03 2.618704053329999892e-01
3.270438866080000025e+03 2.625116253409999767e-01
3.271688269790000049e+03 2.626003244569999895e-01
3.272937673509999968e+03 2.656961661080000092e-01
3.274187077219999992e+03 2.750666850240000016e-01
3.275436480939999910e+03 2.739775457360000277e-01
3.276685884649999934e+03 2.746525876559999801e-01
3.277935288369999853e+03 2.694550430109999839e-01
3.279184692079999877e+03 2.620050199060000029e-01
3.280434095799999795e+03 2.592273573839999901e-01
3.281683499509999820e+03 2.622314441640000160e-01
3.282932903230000193e+03 2.721065183229999795e-01
3.284182306940000217e+03 2.792399135870000104e-01
3.285431710649999786e+03 2.869816661819999948e-01
3.286681114370000159e+03 2.835801567619999908e-01
3.287930518080000184e+03 2.714848298029999829e-01
3.289179921800000102e+03 2.657663021109999968e-01
3.290429325510000126e+03 2.619210714960000241e-01
3.291678729230000044e+03 2.647257708970000012e-01
3.292928132940000069e+03 2.729053909249999910e-01
3.294177536659999987e+03 2.737070502639999958e-01
3.295426940370000011e+03 2.727923501780000204e-01
3.296676344089999930e+03 2.682258576339999756e-01
3.297925747799999954e+03 2.664795783109999983e-01
3.299175151519999872e+03 2.702798404849999780e-01
3.300424555229999896e+03 2.762302349640000099e-01
3.301673958939999920e+03 2.833383736660000096e-01
3.302923362659999839e+03 2.801640660610000277e-01
3.304172766369999863e+03 2.763773575599999810e-01
3.305422170089999781e+03 2.707343962930000014e-01
3.306671573799999805e+03 2.591375268969999812e-01
3.307920977520000179e+03 2.594812861820000038e-01
3.309170381230000203e+03 2.579803997649999792e-01
3.310419784950000121e+03 2.559979841289999891e-01
3.311669188660000145e+03 2.549868599449999773e-01
3.312918592380000064e+03 2.463891171029999883e-01
3.314167996090000088e+03 2.379312957810000018e-01
3.315417399800000112e+03 2.353774145449999966e-01
3.316666803520000030e+03 2.401025528450000113e-01
3.317916207230000055e+03 2.466169681800000069e-01
3.319165610949999973e+03 2.503420184790000058e-01
3.320415014659999997e+03 2.481174852199999892e-01
3.321664418379999915e+03 2.452970063540000079e-01
3.322913822089999940e+03 2.445019161370000083e-01
3.324163225809999858e+03 2.485939255479999999e-01
3.325412629519999882e+03 2.580701295439999932e-01
3.326662033239999801e+03 2.622970889269999883e-01
3.327911436949999825e+03 2.612583564809999870e-01
3.329160840659999849e+03 2.601869559180000069e-01
3.330410244380000222e+03 2.567025483750000059e-01
3.331659648089999791e+03 2.555403919299999993e-01
3.332909051810000165e+03 2.578700839220000041e-01
3.334158455520000189e+03 2.518704225019999798e-01
3.335407859240000107e+03 2.501869651140000150e-01
3.336657262950000131e+03 2.519166828619999743e-01
3.337906666670000050e+03 2.516627893330000143e-01
3.339156070380000074e+03 2.590962361640000156e-01
3.340405474099999992e+03 2.632703812509999963e-01
3.341654877810000016e+03 2.615496746739999767e-01
3.342904281520000040e+03 2.638519589680000110e-01
3.344153685239999959e+03 2.626720180370000213e-01
3.345403088949999983e+03 2.607113267060000017e-01
3.346652492669999901e+03 2.649567148970000119e-01
3.347901896379999926e+03 2.642814192180000243e-01
3.349151300099999844e+03 2.654934956989999928e-01
3.350400703809999868e+03 2.644527783580000180e-01
3.351650107529999786e+03 2.597657851180000255e-01
3.352899511239999811e+03 2.581112134310000195e-01
3.354148914960000184e+03 2.575862487269999779e-01
3.355398318670000208e+03 2.568493235150000054e-01
3.356647722390000126e+03 2.472815995069999884e-01
3.357897126100000150e+03 2.419055631910000115e-01
3.359146529810000175e+03 2.404857661189999940e-01
3.360395933530000093e+03 2.403872963600000023e-01
3.361645337240000117e+03 2.467524903459999974e-01
3.362894740960000036e+03 2.484363568600000127e-01
3.364144144670000060e+03 2.518943755390000150e-01
3.365393548389999978e+03 2.519971812899999830e-01
3.366642952100000002e+03 2.535779333290000270e-01
3.367892355819999921e+03 2.626729848909999943e-01
3.369141759529999945e+03 2.673952855480000168e-01
3.370391163249999863e+03 2.745804451960000003e-01
3.371640566959999887e+03 2.739506859820000084e-01
3.372889970669999911e+03 2.655278606690000265e-01
3.374139374389999830e+03 2.575628885790000044e-01
3.375388778099999854e+03 2.528269849229999866e-01
3.376638181820000227e+03 2.535833178179999758e-01
3.377887585529999797e+03 2.569246789249999829e-01
3.379136989250000170e+03 2.535484934619999797e-01
3.380386392960000194e+03 2.524465373840000249e-01
3.381635796680000112e+03 2.552593927119999884e-01
3.382885200390000136e+03 2.600188198510000048e-01
3.384134604110000055e+03 2.664387419939999724e-01
3.385384007820000079e+03 2.666597283129999996e-01
3.386633411530000103e+03 2.651242034169999928e-01
3.387882815250000021e+03 2.621213712380000005e-01
3.389132218960000046e+03 2.622157969460000015e-01
3.390381622679999964e+03 2.609141377320000066e-01
3.391631026389999988e+03 2.572011332320000010e-01
3.392880430109999907e+03 2.525511249890000087e-01
3.394129833819999931e+03 2.482194931180000119e-01
3.395379237539999849e+03 2.515132554130000142e-01
3.396628641249999873e+03 2.553568669010000125e-01
3.397878044969999792e+03 2.604085629910000144e-01
3.399127448679999816e+03 2.625126225100000155e-01
3.400376852389999840e+03 2.587809801129999920e-01
3.401626256110000213e+03 2.549100991589999810e-01
3.402875659819999782e+03 2.503165200590000139e-01
3.404125063540000156e+03 2.450417436600000054e-01
3.405374467250000180e+03 2.429816372670000058e-01
3.406623870970000098e+03 2.444594588389999990e-01
3.407873274680000122e+03 2.451116830420000114e-01
3.409122678400000041e+03 2.481219221510000128e-01
3.410372082110000065e+03 2.473939508859999969e-01
3.411621485829999983e+03 2.533328578810000176e-01
3.412870889540000007e+03 2.591335203049999758e-01
3.414120293259999926e+03 2.601826142640000228e-01
3.415369696969999950e+03 2.682754048479999986e-01
3.416619100679999974e+03 2.633541435030000155e-01
3.417868504399999892e+03 2.607352380410000170e-01
3.419117908109999917e+03 2.626853337050000237e-01
3.420367311829999835e+03 2.591373312690000152e-01
3.421616715539999859e+03 2.637674958940000036e-01
3.422866119259999778e+03 2.633813541430000127e-01
3.424115522969999802e+03 2.607195815760000035e-01
3.425364926690000175e+03 2.620605550849999799e-01
3.426614330400000199e+03 2.615669555890000053e-01
3.427863734120000117e+03 2.626748864130000194e-01
3.429113137830000142e+03 2.633158817360000126e-01
3.430362541540000166e+03 2.605505754129999740e-01
3.431611945260000084e+03 2.540355737710000006e-01
3.432861348970000108e+03 2.492984816069999943e-01
3.434110752690000027e+03 2.508992587100000171e-01
3.435360156400000051e+03 2.565697093609999868e-01
3.436609560119999969e+03 2.624069824279999796e-01
3.437858963829999993e+03 2.668030071279999804e-01
3.439108367549999912e+03 2.718971552259999980e-01
3.440357771259999936e+03 2.694879368329999858e-01
3.441607174979999854e+03 2.749085978610000258e-01
3.442856578689999878e+03 2.783290462210000205e-01
3.444105982399999903e+03 2.784040601059999953e-01
3.445355386119999821e+03 2.810595809809999790e-01
3.446604789829999845e+03 2.739101296190000201e-01
3.447854193550000218e+03 2.678592828390000125e-01
3.449103597259999788e+03 2.597850941000000025e-01
3.450353000980000161e+03 2.541559890990000015e-01
3.451602404690000185e+03 2.525661560940000161e-01
3.452851808410000103e+03 2.510573275069999943e-01
3.454101212120000127e+03 2.542878641210000179e-01
3.455350615840000046e+03 2.584179113310000053e-01
3.456600019550000070e+03 2.616275812159999936e-01
3.457849423260000094e+03 2.664341120859999856e-01
3.459098826980000013e+03 2.693675250440000224e-01
3.460348230690000037e+03 2.687121184910000182e-01
3.461597634409999955e+03 2.714884401289999749e-01
3.462847038119999979e+03 2.696093939240000181e-01
3.464096441839999898e+03 2.698725224519999966e-01
3.465345845549999922e+03 2.668901604500000246e-01
3.466595249269999840e+03 2.675035574660000193e-01
3.467844652979999864e+03 2.694712322419999806e-01
3.469094056699999783e+03 2.702372234370000181e-01
3.470343460409999807e+03 2.734999361409999885e-01
3.471592864130000180e+03 2.716791649849999990e-01
3.472842267840000204e+03 2.736015214040000143e-01
3.474091671549999774e+03 2.755588004569999860e-01
3.475341075270000147e+03 2.748726181510000033e-01
3.476590478980000171e+03 2.716964622679999830e-01
3.477839882700000089e+03 2.692090203520000058e-01
3.479089286410000113e+03 2.612656804299999802e-01
3.480338690130000032e+03 2.616089977239999809e-01
3.481588093840000056e+03 2.631526181580000068e-01
3.482837497559999974e+03 2.612401946860000157e-01
3.484086901269999998e+03 2.624216923559999914e-01
3.485336304989999917e+03 2.549305790849999975e-01
3.486585708699999941e+03 2.418404205549999908e-01
3.487835112409999965e+03 2.319537823260000020e-01
3.489084516129999884e+03 2.243334922580000057e-01
3.490333919839999908e+03 2.202352072140000006e-01
3.491583323559999826e+03 2.236123867840000001e-01
3.492832727269999850e+03 2.276940341819999880e-01
3.494082130990000223e+03 2.280755761799999892e-01
3.495331534699999793e+03 2.300010318509999874e-01
3.496580938420000166e+03 2.297018567159999913e-01
3.497830342130000190e+03 2.277368033939999870e-01
3.499079745850000108e+03 2.263784083210000075e-01
3.500329149560000133e+03 2.165776080119999891e-01
3.501578553270000157e+03 2.166013987100000038e-01
3.502827956990000075e+03 2.105170804300000031e-01
3.504077360700000099e+03 2.087459060290000057e-01
3.505326764420000018e+03 2.066914546389999885e-01
3.506576168130000042e+03 2.024905250169999893e-01
3.507825571849999960e+03 2.071165382400000088e-01
3.509074975559999984e+03 2.116564121020000078e-01
3.510324379279999903e+03 2.213070054079999960e-01
3.511573782989999927e+03 2.259652170439999941e-01
3.512823186709999845e+03 2.236078602309999885e-01
3.514072590419999869e+03 2.242203383970000075e-01
3.515321994129999894e+03 2.238367973020000123e-01
3.516571397849999812e+03 2.195825717850000136e-01
3.517820801559999836e+03 2.183208616969999905e-01
3.519070205280000209e+03 2.126607677540000019e-01
3.520319608989999779e+03 2.134035445939999887e-01
3.521569012710000152e+03 2.182901672729999909e-01
3.522818416420000176e+03 2.240247835070000026e-01
3.524067820140000094e+03 2.265761698459999862e-01
3.525317223850000119e+03 2.319411008520000095e-01
3.526566627570000037e+03 2.303690772549999988e-01
3.527816031280000061e+03 2.232260578689999886e-01
3.529065434999999979e+03 2.175477364110000034e-01
3.530314838710000004e+03 2.134323521289999970e-01
3.531564242420000028e+03 2.187341940610000035e-01
3.532813646139999946e+03 2.282640392530000117e-01
3.534063049849999970e+03 2.402744804109999965e-01
3.535312453569999889e+03 2.377683437689999957e-01
3.536561857279999913e+03 2.227961279529999949e-01
3.537811260999999831e+03 2.133494464519999911e-01
3.539060664709999855e+03 2.054364661820000104e-01
3.540310068429999774e+03 2.056563573999999894e-01
3.541559472139999798e+03 2.175270462289999873e-01
3.542808875860000171e+03 2.242719324340000098e-01
3.544058279570000195e+03 2.305677957850000015e-01
3.545307683280000219e+03 2.347335568210000001e-01
3.546557087000000138e+03 2.328902632450000065e-01
3.547806490710000162e+03 2.322608833160000052e-01
3.549055894430000080e+03 2.330351654900000014e-01
3.550305298140000104e+03 2.355936096969999949e-01
3.551554701860000023e+03 2.381932117689999906e-01
3.552804105570000047e+03 2.344287771849999924e-01
3.554053509289999965e+03 2.290458892979999883e-01
3.555302912999999990e+03 2.302071643209999963e-01
3.556552316719999908e+03 2.283802831089999930e-01
3.557801720429999932e+03 2.314349284299999920e-01
3.559051124139999956e+03 2.283698294429999942e-01
3.560300527859999875e+03 2.290425056769999912e-01
3.561549931569999899e+03 2.346722342910000092e-01
3.562799335289999817e+03 2.368455858340000053e-01
3.564048738999999841e+03 2.402669294660000066e-01
3.565298142720000214e+03 2.380058141149999917e-01
3.566547546429999784e+03 2.399219975949999917e-01
3.567796950150000157e+03 2.475731018529999938e-01
3.569046353860000181e+03 2.579438267720000066e-01
3.570295757580000100e+03 2.545571065450000225e-01
3.571545161290000124e+03 2.466395329030000028e-01
3.572794565000000148e+03 2.373426203010000068e-01
3.574043968720000066e+03 2.315218261470000094e-01
3.575293372430000090e+03 2.346703137710000053e-01
3.576542776150000009e+03 2.379214528409999974e-01
3.577792179860000033e+03 2.407690509089999986e-01
3.579041583579999951e+03 2.361990603399999888e-01
3.580290987289999975e+03 2.355841716169999878e-01
3.581540391009999894e+03 2.340162685549999899e-01
3.582789794719999918e+03 2.384922724219999957e-01
3.584039198439999836e+03 2.458515325120000095e-01
3.585288602149999861e+03 2.445322705380000017e-01
3.586538005869999779e+03 2.438302808679999878e-01
3.587787409579999803e+03 2.390060798239999895e-01
3.589036813289999827e+03 2.322658218260000018e-01
3.590286217010000200e+03 2.297262866860000086e-01
3.591535620720000225e+03 2.236529709129999877e-01
3.592785024440000143e+03 2.249867156869999885e-01
3.594034428150000167e+03 2.209744024520000072e-01
3.595283831870000085e+03 2.252098088910000073e-01
3.596533235580000110e+03 2.318701795499999996e-01
3.597782639300000028e+03 2.300240311320000119e-01
3.599032043010000052e+03 2.311241205590000014e-01
3.600281446729999971e+03 2.285816482699999930e-01
3.601530850439999995e+03 2.309027258999999943e-01
3.602780254150000019e+03 2.302444828540000099e-01
3.604029657869999937e+03 2.345972280939999932e-01
3.605279061579999961e+03 2.289735837540000096e-01
3.606528465299999880e+03 2.271820551590000015e-01
3.607777869009999904e+03 2.283584560739999880e-01
3.609027272729999822e+03 2.342470200000000002e-01
3.610276676439999846e+03 2.433260410789999939e-01
3.611526080160000220e+03 2.469035875739999941e-01
3.612775483869999789e+03 2.477217953549999963e-01
3.614024887590000162e+03 2.383401138060000091e-01
3.615274291300000186e+03 2.377055881919999947e-01
3.616523695010000210e+03 2.395318580649999918e-01
3.617773098730000129e+03 2.331310017129999967e-01
3.619022502440000153e+03 2.345305236249999870e-01
3.620271906160000071e+03 2.353681325629999876e-01
3.621521309870000096e+03 2.333805360900000070e-01
3.622770713590000014e+03 2.416591394529999937e-01
3.624020117300000038e+03 2.432327513549999987e-01
3.625269521019999956e+03 2.385150182870000024e-01
3.626518924729999981e+03 2.277437428819999998e-01
3.627768328449999899e+03 2.232855802350000030e-01
3.629017732159999923e+03 2.234736281019999993e-01
3.630267135869999947e+03 2.210772984870000013e-01
3.631516539589999866e+03 2.248544184990000083e-01
3.632765943299999890e+03 2.228387800269999997e-01
3.634015347019999808e+03 2.244958378889999884e-01
3.635264750729999832e+03 2.316982834719999995e-01
3.636514154450000206e+03 2.328983933840000076e-01
3.637763558159999775e+03 2.390492378340000057e-01
3.639012961880000148e+03 2.404889751669999909e-01
3.640262365590000172e+03 2.390070956989999995e-01
3.641511769310000091e+03 2.457768353199999978e-01
3.642761173020000115e+03 2.486146209969999910e-01
3.644010576740000033e+03 2.479089518039999940e-01
3.645259980450000057e+03 2.503525862520000200e-01
3.646509384160000081e+03 2.462543086220000121e-01
3.647758787880000000e+03 2.401974889700000115e-01
3.649008191590000024e+03 2.387294134190000028e-01
3.650257595309999942e+03 2.327887399649999911e-01
3.651506999019999967e+03 2.271859903029999905e-01
3.652756402739999885e+03 2.251487154450000083e-01
3.654005806449999909e+03 2.290565056770000052e-01
3.655255210169999827e+03 2.334221444179999938e-01
3.656504613879999852e+03 2.373654100679999934e-01
3.657754017600000225e+03 2.349126511550000129e-01
3.659003421309999794e+03 2.327174663540000077e-01
3.660252825019999818e+03 2.317439100679999919e-01
3.661502228740000191e+03 2.305473618530000102e-01
3.662751632450000216e+03 2.336898568799999909e-01
3.664001036170000134e+03 2.365781208090000087e-01
3.665250439880000158e+03 2.365885341350000004e-01
3.666499843600000077e+03 2.389308469089999887e-01
3.667749247310000101e+03 2.397212459780000138e-01
3.668998651030000019e+03 2.365281564460000041e-01
3.670248054740000043e+03 2.335310772320000061e-01
3.671497458459999962e+03 2.344739533330000014e-01
3.672746862169999986e+03 2.262994945919999945e-01
3.673996265880000010e+03 2.203150229249999925e-01
3.675245669599999928e+03 2.193079862210000064e-01
3.676495073309999952e+03 2.162880784160000069e-01
3.677744477029999871e+03 2.321703276050000042e-01
3.678993880739999895e+03 2.391861640899999863e-01
3.680243284459999813e+03 2.468550407160000071e-01
3.681492688169999838e+03 2.480347392260000006e-01
3.682742091890000211e+03 2.388338149479999895e-01
3.683991495599999780e+03 2.388861712020000083e-01
3.685240899320000153e+03 2.410067340879999964e-01
3.686490303030000177e+03 2.479262933330000085e-01
3.687739706740000202e+03 2.507652011140000248e-01
3.688989110460000120e+03 2.550279435460000022e-01
3.690238514170000144e+03 2.490116691300000018e-01
3.691487917890000062e+03 2.396484169850000012e-01
3.692737321600000087e+03 2.412623755780000101e-01
3.693986725320000005e+03 2.370214943539999952e-01
3.695236129030000029e+03 2.343800993550000100e-01
3.696485532749999948e+03 2.378304506159999998e-01
3.697734936459999972e+03 2.353310715539999876e-01
3.698984340179999890e+03 2.349027390619999878e-01
3.700233743889999914e+03 2.389140051689999933e-01
3.701483147609999833e+03 2.443910051069999867e-01
3.702732551319999857e+03 2.449863224630000058e-01
3.703981955029999881e+03 2.436565640080000095e-01
3.705231358749999799e+03 2.412639162269999971e-01
3.706480762459999823e+03 2.375650148500000058e-01
3.707730166180000197e+03 2.322746957029999948e-01
3.708979569890000221e+03 2.317433320429999888e-01
3.710228973610000139e+03 2.350175750150000076e-01
3.711478377320000163e+03 2.356682416620000109e-01
3.712727781040000082e+03 2.417367593389999902e-01
3.713977184750000106e+03 2.412364925980000074e-01
3.715226588470000024e+03 2.378285365979999899e-01
3.716475992180000048e+03 2.362355545919999911e-01
3.717725395890000073e+03 2.343272037069999980e-01
3.718974799609999991e+03 2.409060600269999908e-01
3.720224203320000015e+03 2.454349341859999867e-01
3.721473607039999933e+03 2.533271156599999907e-01
3.722723010749999958e+03 2.607605243009999962e-01
3.723972414469999876e+03 2.625350842029999798e-01
3.725221818179999900e+03 2.649308301819999767e-01
3.726471221899999819e+03 2.623242175330000037e-01
3.727720625609999843e+03 2.617325671749999860e-01
3.728970029330000216e+03 2.617174742400000254e-01
3.730219433039999785e+03 2.575184419350000087e-01
3.731468836749999809e+03 2.543591450870000270e-01
3.732718240470000183e+03 2.516349331380000054e-01
3.733967644180000207e+03 2.513633520629999785e-01
3.735217047900000125e+03 2.489871492790000085e-01
3.736466451610000149e+03 2.506328001290000218e-01
3.737715855330000068e+03 2.506024982719999850e-01
3.738965259040000092e+03 2.489571990189999862e-01
3.740214662760000010e+03 2.484941896189999944e-01
3.741464066470000034e+03 2.476792576500000120e-01
3.742713470189999953e+03 2.503794822209999826e-01
3.743962873899999977e+03 2.474391838009999955e-01
3.745212277610000001e+03 2.508336643560000190e-01
3.746461681329999919e+03 2.532383937630000026e-01
3.747711085039999944e+03 2.516305500759999925e-01
3.748960488759999862e+03 2.550089157579999988e-01
3.750209892469999886e+03 2.580931313550000050e-01
3.751459296189999804e+03 2.553216991910000067e-01
3.752708699899999829e+03 2.547587974580000081e-01
3.753958103620000202e+03 2.511850199099999736e-01
3.755207507330000226e+03 2.456223446449999903e-01
3.756456911050000144e+03 2.442201068779999984e-01
3.757706314760000168e+03 2.433228901700000002e-01
3.758955718480000087e+03 2.439218251030000062e-01
3.760205122190000111e+03 2.478226232569999965e-01
3.761454525900000135e+03 2.472094552690000113e-01
3.762703929620000054e+03 2.475641832259999897e-01
3.763953333330000078e+03 2.452544453330000040e-01
3.765202737049999996e+03 2.444807297949999902e-01
3.766452140760000020e+03 2.443693750969999912e-01
3.767701544479999939e+03 2.468267029400000034e-01
3.768950948189999963e+03 2.465847287550000100e-01
3.770200351909999881e+03 2.448775748969999888e-01
3.771449755619999905e+03 2.469962358749999976e-01
3.772699159339999824e+03 2.408052954209999874e-01
3.773948563049999848e+03 2.459243346630000104e-01
3.775197966759999872e+03 2.453579987249999983e-01
3.776447370479999790e+03 2.458670475860000038e-01
3.777696774189999815e+03 2.551965096770000274e-01
3.778946177910000188e+03 2.577070244770000018e-01
3.780195581620000212e+03 2.658259023230000184e-01
3.781444985340000130e+03 2.659852500289999755e-01
3.782694389050000154e+03 2.582857924179999820e-01
3.783943792770000073e+03 2.579764235390000215e-01
3.785193196480000097e+03 2.536697378650000223e-01
3.786442600200000015e+03 2.501475319059999758e-01
3.787692003910000039e+03 2.552729530439999950e-01
3.788941407620000064e+03 2.508045786279999856e-01
3.790190811339999982e+03 2.476085040079999966e-01
3.791440215050000006e+03 2.526665775479999820e-01
3.792689618769999925e+03 2.556696540289999930e-01
3.793939022479999949e+03 2.593955674489999974e-01
3.795188426199999867e+03 2.663048988739999956e-01
3.796437829909999891e+03 2.671085433429999934e-01
3.797687233629999810e+03 2.592151479259999780e-01
3.798936637339999834e+03 2.522214740800000077e-01
3.800186041060000207e+03 2.441376765749999900e-01
3.801435444769999776e+03 2.372176974580000042e-01
3.802684848479999800e+03 2.292172563640000049e-01
3.803934252200000174e+03 2.329890679180000035e-01
3.805183655910000198e+03 2.316706632259999954e-01
3.806433059630000116e+03 2.347179429829999997e-01
3.807682463340000140e+03 2.433258775129999996e-01
3.808931867060000059e+03 2.397872338810000115e-01
3.810181270770000083e+03 2.453417154249999954e-01
3.811430674490000001e+03 2.459255025100000047e-01
3.812680078200000025e+03 2.463797638870000029e-01
3.813929481919999944e+03 2.525957201680000264e-01
3.815178885629999968e+03 2.472829103230000103e-01
3.816428289349999886e+03 2.454431459820000105e-01
3.817677693059999910e+03 2.460592052860000045e-01
3.818927096769999935e+03 2.408869861940000079e-01
3.820176500489999853e+03 2.429554448329999949e-01
3.821425904199999877e+03 2.405200681330000034e-01
3.822675307919999796e+03 2.430875375369999924e-01
3.823924711629999820e+03 2.489352647549999964e-01
3.825174115350000193e+03 2.509017769069999959e-01
3.826423519060000217e+03 2.594524139470000268e-01
3.827672922780000135e+03 2.618509395890000202e-01
3.828922326490000160e+03 2.599065291850000126e-01
3.830171730210000078e+03 2.586420932549999829e-01
3.831421133920000102e+03 2.532492919409999876e-01
3.832670537630000126e+03 2.449841393549999913e-01
3.833919941350000045e+03 2.431046791200000001e-01
3.835169345060000069e+03 2.419437400349999934e-01
3.836418748779999987e+03 2.385540453530000105e-01
3.837668152490000011e+03 2.360756013960000066e-01
3.838917556209999930e+03 2.336094021740000026e-01
3.840166959919999954e+03 2.369620997069999957e-01
3.841416363639999872e+03 2.433130414549999898e-01
3.842665767349999896e+03 2.457679200740000014e-01
3.843915171069999815e+03 2.466443371610000102e-01
3.845164574779999839e+03 2.509303071319999856e-01
3.846413978489999863e+03 2.544881862369999803e-01
3.847663382209999781e+03 2.591905464559999817e-01
3.848912785919999806e+03 2.612751810789999962e-01
3.850162189640000179e+03 2.561139570559999856e-01
3.851411593350000203e+03 2.520371319099999896e-01
3.852660997070000121e+03 2.454127258649999865e-01
3.853910400780000145e+03 2.437024703700000072e-01
3.855159804500000064e+03 2.500708948270000120e-01
3.856409208210000088e+03 2.456979970439999994e-01
3.857658611930000006e+03 2.519311209780000227e-01
3.858908015640000031e+03 2.536308723169999890e-01
3.860157419350000055e+03 2.419045589680000052e-01
3.861406823069999973e+03 2.415083697319999889e-01
3.862656226779999997e+03 2.401651212979999950e-01
3.863905630499999916e+03 2.367188382990000062e-01
3.865155034209999940e+03 2.447009044179999926e-01
3.866404437929999858e+03 2.539819333800000245e-01
3.867653841639999882e+03 2.585865484809999892e-01
3.868903245359999801e+03 2.677680440629999770e-01
3.870152649069999825e+03 2.651153252160000084e-01
3.871402052790000198e+03 2.607632374780000095e-01
3.872651456500000222e+03 2.577280322780000077e-01
3.873900860220000141e+03 2.529983132040000138e-01
3.875150263930000165e+03 2.531629577360000050e-01
3.876399667640000189e+03 2.549840836130000121e-01
3.877649071360000107e+03 2.570127536269999902e-01
3.878898475070000131e+03 2.620055026279999866e-01
3.880147878790000050e+03 2.652538350299999959e-01
3.881397282500000074e+03 2.645192170710000124e-01
3.882646686219999992e+03 2.624138069790000194e-01
3.883896089930000016e+03 2.576362752490000130e-01
3.885145493649999935e+03 2.513889336540000019e-01
3.886394897359999959e+03 2.471239280470000077e-01
3.887644301079999877e+03 2.433399629249999863e-01
3.888893704789999902e+03 2.355906421079999868e-01
3.890143108499999926e+03 2.447466190029999877e-01
3.891392512219999844e+03 2.552971253449999867e-01
3.892641915929999868e+03 2.601603542870000174e-01
3.893891319649999787e+03 2.724048718709999872e-01
3.895140723359999811e+03 2.689240688719999883e-01
3.896390127080000184e+03 2.619998794130000142e-01
3.897639530790000208e+03 2.635899415840000093e-01
3.898888934510000126e+03 2.614489434060000006e-01
3.900138338220000151e+03 2.584309477689999968e-01
3.901387741940000069e+03 2.586956806449999813e-01
3.902637145650000093e+03 2.576933075269999818e-01
3.903886549360000117e+03 2.571849202540000268e-01
3.905135953080000036e+03 2.577386206219999809e-01
3.906385356790000060e+03 2.560252164929999741e-01
3.907634760509999978e+03 2.600817122779999768e-01
3.908884164220000002e+03 2.687164287980000066e-01
3.910133567939999921e+03 2.749098350190000151e-01
3.911382971649999945e+03 2.789016781859999794e-01
3.912632375369999863e+03 2.759878123519999837e-01
3.913881779079999887e+03 2.675442658030000032e-01
3.915131182799999806e+03 2.683208539779999846e-01
3.916380586509999830e+03 2.672504818650000002e-01
3.917629990219999854e+03 2.689546657010000175e-01
3.918879393940000227e+03 2.714675253330000038e-01
3.920128797649999797e+03 2.618497892900000235e-01
3.921378201370000170e+03 2.608947841839999726e-01
3.922627605080000194e+03 2.578484261940000022e-01
3.923877008800000112e+03 2.521792843869999912e-01
3.925126412510000137e+03 2.549085869789999848e-01
3.926375816230000055e+03 2.529790644139999767e-01
3.927625219940000079e+03 2.468251629329999974e-01
3.928874623659999997e+03 2.417835558280000130e-01
3.930124027370000022e+03 2.400896771999999901e-01
3.931373431089999940e+03 2.480388122930000105e-01
3.932622834799999964e+03 2.534346796949999980e-01
3.933872238509999988e+03 2.564943384360000023e-01
3.935121642229999907e+03 2.562759744990000255e-01
3.936371045939999931e+03 2.472165502829999917e-01
3.937620449659999849e+03 2.482761532939999904e-01
3.938869853369999873e+03 2.549032891379999777e-01
3.940119257089999792e+03 2.628824590420000273e-01
3.941368660799999816e+03 2.712565422289999750e-01
3.942618064520000189e+03 2.685590498059999831e-01
3.943867468230000213e+03 2.675114413799999924e-01
3.945116871950000132e+03 2.590620859159999956e-01
3.946366275660000156e+03 2.505584189439999943e-01
3.947615679370000180e+03 2.521409909289999973e-01
3.948865083090000098e+03 2.561839715779999915e-01
3.950114486800000122e+03 2.647255354599999944e-01
3.951363890520000041e+03 2.718661809849999833e-01
3.952613294230000065e+03 2.723207399800000039e-01
3.953862697949999983e+03 2.674789054660000054e-01
3.955112101660000008e+03 2.668705822870000022e-01
3.956361505379999926e+03 2.670451772469999985e-01
3.957610909089999950e+03 2.701596632730000058e-01
3.958860312809999868e+03 2.722308427760000149e-01
3.960109716519999893e+03 2.715214265140000194e-01
3.961359120229999917e+03 2.702750786509999781e-01
3.962608523949999835e+03 2.690381072019999986e-01
3.963857927659999859e+03 2.650235879410000051e-01
3.965107331379999778e+03 2.659451112610000112e-01
3.966356735089999802e+03 2.640495992219999977e-01
3.967606138810000175e+03 2.675559176930000227e-01
3.968855542520000199e+03 2.759482386739999793e-01
3.970104946240000118e+03 2.772024008599999756e-01
3.971354349950000142e+03 2.771967086409999892e-01
3.972603753670000060e+03 2.696749535719999979e-01
3.973853157380000084e+03 2.632467428859999736e-01
3.975102561090000108e+03 2.547977059629999985e-01
3.976351964810000027e+03 2.581629848679999895e-01
3.977601368520000051e+03 2.557340617600000199e-01
3.978850772239999969e+03 2.455946671239999934e-01
3.980100175949999993e+03 2.450410153199999996e-01
3.981349579669999912e+03 2.446034424090000048e-01
3.982598983379999936e+03 2.507257911399999872e-01
3.983848387099999854e+03 2.594688348390000177e-01
3.985097790809999879e+03 2.648073100100000188e-01
3.986347194529999797e+03 2.625517458730000087e-01
3.987596598239999821e+03 2.637049779940000005e-01
3.988846001960000194e+03 2.704395551239999751e-01
3.990095405670000218e+03 2.746857208599999822e-01
3.991344809379999788e+03 2.761540705689999875e-01
3.992594213100000161e+03 2.774449068350000047e-01
3.993843616810000185e+03 2.726107173880000234e-01
3.995093020530000103e+03 2.740944714720000008e-01
3.996342424240000128e+03 2.738745763639999775e-01
3.997591827960000046e+03 2.712247216340000211e-01
3.998841231670000070e+03 2.704460081639999958e-01
4.000090635389999989e+03 2.714795286300000221e-01
4.001340039100000013e+03 2.717320596400000232e-01
4.002589442819999931e+03 2.701916950150000107e-01
4.003838846529999955e+03 2.670147384239999755e-01
4.005088250239999979e+03 2.586177016740000001e-01
4.006337653959999898e+03 2.611400691140000063e-01
4.007587057669999922e+03 2.695993051069999757e-01
4.008836461389999840e+03 2.778567976540000095e-01
4.010085865099999864e+03 2.839962426279999952e-01
4.011335268819999783e+03 2.787052409890000138e-01
4.012584672529999807e+03 2.727418995929999923e-01
4.013834076250000180e+03 2.696807430500000047e-01
4.015083479960000204e+03 2.623449535480000261e-01
4.016332883680000123e+03 2.654973864160000141e-01
4.017582287390000147e+03 2.700114596250000054e-01
4.018831691100000171e+03 2.707996597730000232e-01
4.020081094820000089e+03 2.745283278039999941e-01
4.021330498530000114e+03 2.705374768330000013e-01
4.022579902250000032e+03 2.656931412860000230e-01
4.023829305960000056e+03 2.656980838910000253e-01
4.025078709679999974e+03 2.708952596129999835e-01
4.026328113389999999e+03 2.765307359649999963e-01
4.027577517109999917e+03 2.798702790620000158e-01
4.028826920819999941e+03 2.808685345099999897e-01
4.030076324539999860e+03 2.801828130830000263e-01
4.031325728249999884e+03 2.824145558039999893e-01
4.032575131959999908e+03 2.806723029909999889e-01
4.033824535679999826e+03 2.773336479769999974e-01
4.035073939389999850e+03 2.653673480000000029e-01
4.036323343110000224e+03 2.566822065689999821e-01
4.037572746819999793e+03 2.559964761560000190e-01
4.038822150540000166e+03 2.541590907099999797e-01
4.040071554250000190e+03 2.621903717299999825e-01
4.041320957970000109e+03 2.652313425100000233e-01
4.042570361680000133e+03 2.660414595000000215e-01
4.043819765400000051e+03 2.707961345450000112e-01
4.045069169110000075e+03 2.785062046690000015e-01
4.046318572829999994e+03 2.772120911439999724e-01
4.047567976540000018e+03 2.829998296299999772e-01
4.048817380250000042e+03 2.844512143810000171e-01
4.050066783969999960e+03 2.698706543969999760e-01
4.051316187679999985e+03 2.706280215369999964e-01
4.052565591399999903e+03 2.630144187099999753e-01
4.053814995109999927e+03 2.629713554920000140e-01
4.055064398829999845e+03 2.716335181000000265e-01
4.056313802539999870e+03 2.740949707329999874e-01
4.057563206259999788e+03 2.720510347139999952e-01
4.058812609969999812e+03 2.692984296190000237e-01
4.060062013690000185e+03 2.700256893649999879e-01
4.061311417400000209e+03 2.731287724650000026e-01
4.062560821109999779e+03 2.798990131960000238e-01
4.063810224830000152e+03 2.807964180920000108e-01
4.065059628540000176e+03 2.791943767350000272e-01
4.066309032260000095e+03 2.742145193550000193e-01
4.067558435970000119e+03 2.723008013800000127e-01
4.068807839690000037e+03 2.720342116600000248e-01
4.070057243400000061e+03 2.682017133960000188e-01
4.071306647119999980e+03 2.682565787680000202e-01
4.072556050830000004e+03 2.730088995189999812e-01
4.073805454549999922e+03 2.745861680000000193e-01
4.075054858259999946e+03 2.798191800550000052e-01
4.076304261969999970e+03 2.859435441600000072e-01
4.077553665689999889e+03 2.844848333719999789e-01
4.078803069399999913e+03 2.889608064790000208e-01
4.080052473119999831e+03 2.875892847739999758e-01
4.081301876829999856e+03 2.851348944750000114e-01
4.082551280549999774e+03 2.821916408169999890e-01
4.083800684259999798e+03 2.807324686409999881e-01
4.085050087980000171e+03 2.867976456890000136e-01
4.086299491690000195e+03 2.866888776190000265e-01
4.087548895410000114e+03 2.806410170090000156e-01
4.088798299120000138e+03 2.736749911910000277e-01
4.090047702830000162e+03 2.682096844769999988e-01
4.091297106550000080e+03 2.673225939039999832e-01
4.092546510260000105e+03 2.763435470730000176e-01
4.093795913980000023e+03 2.796389263230000255e-01
4.095045317690000047e+03 2.808680041639999847e-01
4.096294721410000420e+03 2.810194981229999778e-01
4.097544125119999990e+03 2.809996902369999994e-01
4.098793528840000363e+03 2.810120701700000168e-01
4.100042932549999932e+03 2.821205934780000035e-01
4.101292336270000305e+03 2.837180285079999864e-01
4.102541739979999875e+03 2.812917152880000105e-01
4.103791143700000248e+03 2.851829915310000185e-01
4.105040547409999817e+03 2.839354172829999801e-01
4.106289951120000296e+03 2.868728306739999900e-01
4.107539354839999760e+03 2.863155349679999961e-01
4.108788758550000239e+03 2.823146105959999930e-01
4.110038162269999702e+03 2.791878272300000186e-01
4.111287565980000181e+03 2.755939499469999832e-01
4.112536969699999645e+03 2.703376300609999783e-01
4.113786373410000124e+03 2.711543292240000125e-01
4.115035777129999587e+03 2.717896646330000276e-01
4.116285180840000066e+03 2.754245244929999781e-01
4.117534584560000440e+03 2.836950292789999772e-01
4.118783988270000009e+03 2.839103976769999926e-01
4.120033391979999578e+03 2.870632369930000150e-01
4.121282795699999951e+03 2.836752806450000275e-01
4.122532199410000430e+03 2.816040129269999914e-01
4.123781603129999894e+03 2.759773975950000069e-01
4.125031006840000373e+03 2.724508174470000044e-01
4.126280410559999837e+03 2.719316817010000165e-01
4.127529814270000315e+03 2.731034361490000117e-01
4.128779217989999779e+03 2.725700012280000140e-01
4.130028621700000258e+03 2.746489128560000159e-01
4.131278025419999722e+03 2.624123566759999915e-01
4.132527429130000201e+03 2.090257920739999886e-01
4.133776832839999770e+03 1.532489116129999995e-01
4.135026236560000143e+03 8.685224915700000270e-02
4.136275640269999712e+03 3.175990461949999843e-02
4.137525043990000086e+03 1.584734946990000101e-02
4.138774447699999655e+03 9.766759030690000745e-03
4.140023851420000028e+03 7.714883059429999621e-03
4.141273255129999598e+03 6.236889429330000172e-03
4.142522658849999971e+03 5.142165265339999729e-03
4.143772062560000450e+03 4.309960935559999963e-03
4.145021466279999913e+03 3.487448515259999795e-03
4.146270869990000392e+03 2.345191686400000149e-03
4.147520273699999962e+03 1.376920933230000015e-03
4.148769677420000335e+03 5.461818364450000355e-04
4.150019081129999904e+03 3.767122487229999986e-07
4.151268484850000277e+03 3.258781653330000095e-07
4.152517888559999847e+03 2.575472472729999821e-07
4.153767292280000220e+03 1.691416187290000020e-07
4.155016695989999789e+03 9.405356556009999371e-08
4.156266099710000162e+03 3.166159250439999870e-08
4.157515503419999732e+03 0.000000000000000000e+00
4.158764907140000105e+03 0.000000000000000000e+00
4.160014310849999674e+03 0.000000000000000000e+00
4.161263714570000047e+03 0.000000000000000000e+00
4.162513118279999617e+03 0.000000000000000000e+00
4.163762521990000096e+03 0.000000000000000000e+00
4.165011925709999559e+03 0.000000000000000000e+00
4.166261329420000038e+03 0.000000000000000000e+00
4.167510733140000411e+03 0.000000000000000000e+00
4.168760136849999981e+03 0.000000000000000000e+00
4.170009540570000354e+03 0.000000000000000000e+00
4.171258944279999923e+03 0.000000000000000000e+00
4.172508348000000296e+03 0.000000000000000000e+00
4.173757751709999866e+03 0.000000000000000000e+00
4.175007155430000239e+03 0.000000000000000000e+00
4.176256559139999808e+03 0.000000000000000000e+00
4.177505962850000287e+03 0.000000000000000000e+00
4.178755366569999751e+03 0.000000000000000000e+00
4.180004770280000230e+03 0.000000000000000000e+00
4.181254173999999693e+03 0.000000000000000000e+00
4.182503577710000172e+03 0.000000000000000000e+00
4.183752981429999636e+03 0.000000000000000000e+00
4.185002385140000115e+03 0.000000000000000000e+00
4.186251788859999579e+03 0.000000000000000000e+00
4.187501192570000057e+03 0.000000000000000000e+00
4.188750596290000431e+03 0.000000000000000000e+00
4.190000000000000000e+03 0.000000000000000000e+00
