# Wavelength (Angstroms)      Variance
2.884719999999999800e+03 1.786003600000000135e-01
2.885018416419999994e+03 1.741319347570000065e-01
2.885316832840000188e+03 1.700323920700000102e-01
2.885615249269999822e+03 1.686352634249999871e-01
2.885913665690000016e+03 1.682376447389999918e-01
2.886212082110000210e+03 1.669966523749999987e-01
2.886510498529999950e+03 1.628698044809999967e-01
2.886808914960000038e+03 1.595632772789999931e-01
2.887107331379999778e+03 1.570211583109999975e-01
2.887405747799999972e+03 1.585461708270000103e-01
2.887704164220000166e+03 1.612998903229999892e-01
2.888002580649999800e+03 1.656437467100000116e-01
2.888300997069999994e+03 1.696217693019999861e-01
2.888599413490000188e+03 1.716681273669999896e-01
2.888897829909999928e+03 1.720109029090000075e-01
2.889196246330000122e+03 1.726111100880000082e-01
2.889494662760000210e+03 1.734833799999999926e-01
2.889793079179999950e+03 1.733682119059999915e-01
2.890091495600000144e+03 1.735495633309999952e-01
2.890389912019999883e+03 1.726748865690000134e-01
2.890688328449999972e+03 1.707265383580000018e-01
2.890986744870000166e+03 1.684643022400000023e-01
2.891285161289999905e+03 1.676116632259999906e-01
2.891583577710000100e+03 1.694063339590000106e-01
2.891881994129999839e+03 1.698473891960000093e-01
2.892180410559999928e+03 1.685742528449999944e-01
2.892478826980000122e+03 1.650512632610000030e-01
2.892777243399999861e+03 1.610751648329999952e-01
2.893075659820000055e+03 1.576665071439999899e-01
2.893374076250000144e+03 1.543715831320000009e-01
2.893672492669999883e+03 1.537179804109999881e-01
2.893970909090000077e+03 1.540180949090000084e-01
2.894269325509999817e+03 1.538512878359999947e-01
2.894567741939999905e+03 1.528577296770000093e-01
2.894866158360000099e+03 1.522144762110000105e-01
2.895164574779999839e+03 1.518549787679999985e-01
2.895462991200000033e+03 1.522544609270000127e-01
2.895761407620000227e+03 1.520090986629999974e-01
2.896059824049999861e+03 1.529497805749999995e-01
2.896358240470000055e+03 1.546196778299999963e-01
2.896656656889999795e+03 1.562490593549999973e-01
2.896955073309999989e+03 1.581268481289999916e-01
2.897253489740000077e+03 1.617887368450000030e-01
2.897551906159999817e+03 1.669202617009999945e-01
2.897850322580000011e+03 1.708344318710000032e-01
2.898148739000000205e+03 1.722382842229999989e-01
2.898447155429999839e+03 1.725273770790000105e-01
2.898745571850000033e+03 1.724077510149999992e-01
2.899043988270000227e+03 1.738095287270000067e-01
2.899342404689999967e+03 1.751641330790000006e-01
2.899640821110000161e+03 1.769231809969999958e-01
2.899939237539999795e+03 1.780242821699999922e-01
2.900237653959999989e+03 1.796646521290000131e-01
2.900536070380000183e+03 1.809197820410000102e-01
2.900834486799999922e+03 1.821193050319999951e-01
2.901132903230000011e+03 1.802148199999999978e-01
2.901431319650000205e+03 1.770272933020000106e-01
2.901729736069999944e+03 1.748073755660000117e-01
2.902028152490000139e+03 1.743906278709999869e-01
2.902326568909999878e+03 1.743635710850000020e-01
2.902624985339999967e+03 1.732563563639999971e-01
2.902923401760000161e+03 1.723329438239999956e-01
2.903221818179999900e+03 1.716546014549999999e-01
2.903520234600000094e+03 1.709344175370000052e-01
2.903818651030000183e+03 1.702119933610000135e-01
2.904117067449999922e+03 1.694739656890000001e-01
2.904415483870000116e+03 1.715119335480000118e-01
2.904713900289999856e+03 1.732750057709999958e-01
2.905012316719999944e+03 1.739189028860000097e-01
2.905310733140000139e+03 1.736481732550000101e-01
2.905609149559999878e+03 1.713726332549999898e-01
2.905907565980000072e+03 1.694637198239999920e-01
2.906205982399999812e+03 1.697113634490000078e-01
2.906504398829999900e+03 1.700702752140000051e-01
2.906802815250000094e+03 1.696134171379999889e-01
2.907101231669999834e+03 1.671244770089999887e-01
2.907399648090000028e+03 1.648186061939999891e-01
2.907698064520000116e+03 1.643971205160000004e-01
2.907996480939999856e+03 1.639711562110000020e-01
2.908294897360000050e+03 1.648274349680000084e-01
2.908593313779999789e+03 1.656695704399999969e-01
2.908891730209999878e+03 1.655511115889999885e-01
2.909190146630000072e+03 1.644635933489999868e-01
2.909488563049999811e+03 1.613105881880000092e-01
2.909786979470000006e+03 1.584874553429999888e-01
2.910085395890000200e+03 1.560539569499999890e-01
2.910383812319999834e+03 1.549952663929999863e-01
2.910682228740000028e+03 1.569263831319999969e-01
2.910980645160000222e+03 1.584272121289999891e-01
2.911279061579999961e+03 1.598244105340000110e-01
2.911577478010000050e+03 1.613419130790000044e-01
2.911875894429999789e+03 1.621363661109999910e-01
2.912174310849999983e+03 1.637485164689999884e-01
2.912472727270000178e+03 1.643387101819999974e-01
2.912771143699999811e+03 1.625665371960000050e-01
2.913069560120000006e+03 1.615121730209999884e-01
2.913367976540000200e+03 1.622307853839999869e-01
2.913666392959999939e+03 1.637800371729999926e-01
2.913964809380000133e+03 1.640147848329999991e-01
2.914263225810000222e+03 1.640833509680000024e-01
2.914561642229999961e+03 1.652802571850000013e-01
2.914860058650000155e+03 1.671454851139999864e-01
2.915158475069999895e+03 1.709144572319999944e-01
2.915456891499999983e+03 1.749893782289999866e-01
2.915755307920000178e+03 1.764448844929999982e-01
2.916053724339999917e+03 1.759861168330000003e-01
2.916352140760000111e+03 1.744159710150000042e-01
2.916650557179999851e+03 1.731632650440000087e-01
2.916948973609999939e+03 1.726552866980000100e-01
2.917247390030000133e+03 1.718813808680000055e-01
2.917545806449999873e+03 1.718504025810000113e-01
2.917844222870000067e+03 1.734629936540000028e-01
2.918142639300000155e+03 1.752056979349999877e-01
2.918441055719999895e+03 1.747729294900000063e-01
2.918739472140000089e+03 1.746255980649999984e-01
2.919037888559999828e+03 1.746193119649999959e-01
2.919336304989999917e+03 1.738708195189999917e-01
2.919634721410000111e+03 1.733231805980000040e-01
2.919933137829999851e+03 1.726729837540000034e-01
2.920231554250000045e+03 1.701781181939999998e-01
2.920529970669999784e+03 1.660006486800000014e-01
2.920828387099999873e+03 1.636224469679999904e-01
2.921126803520000067e+03 1.640120630499999899e-01
2.921425219939999806e+03 1.663102872020000011e-01
2.921723636360000000e+03 1.682751650909999896e-01
2.922022052790000089e+03 1.701287694430000108e-01
2.922320469209999828e+03 1.711743646099999905e-01
2.922618885630000023e+03 1.714860488209999922e-01
2.922917302050000217e+03 1.704212992609999977e-01
2.923215718479999850e+03 1.684235862990000054e-01
2.923514134900000045e+03 1.672641893840000060e-01
2.923812551319999784e+03 1.677013355310000009e-01
2.924110967739999978e+03 1.689761599999999864e-01
2.924409384160000172e+03 1.721379812790000130e-01
2.924707800589999806e+03 1.757778055600000000e-01
2.925006217010000000e+03 1.781528456300000007e-01
2.925304633430000194e+03 1.806534901940000104e-01
2.925603049849999934e+03 1.845323813020000037e-01
2.925901466280000022e+03 1.866825659939999882e-01
2.926199882700000217e+03 1.881146670970000045e-01
2.926498299119999956e+03 1.891259792960000019e-01
2.926796715540000150e+03 1.879269785219999933e-01
2.927095131959999890e+03 1.856606342169999924e-01
2.927393548389999978e+03 1.836930189679999992e-01
2.927691964810000172e+03 1.824377537009999883e-01
2.927990381229999912e+03 1.827951548389999958e-01
2.928288797650000106e+03 1.845050769970000004e-01
2.928587214080000194e+03 1.847755607509999898e-01
2.928885630499999934e+03 1.834762845980000001e-01
2.929184046920000128e+03 1.824691694310000001e-01
2.929482463339999867e+03 1.789671357769999915e-01
2.929780879769999956e+03 1.752816756130000098e-01
2.930079296190000150e+03 1.728888786040000125e-01
2.930377712609999890e+03 1.706146039180000129e-01
2.930676129030000084e+03 1.683173148390000040e-01
2.930974545449999823e+03 1.663164018180000037e-01
2.931272961879999912e+03 1.634846770560000051e-01
2.931571378300000106e+03 1.613227556830000020e-01
2.931869794719999845e+03 1.617937594490000131e-01
2.932168211140000039e+03 1.623519095840000037e-01
2.932466627570000128e+03 1.619735289149999979e-01
2.932765043989999867e+03 1.610403534310000107e-01
2.933063460410000062e+03 1.586530048329999887e-01
2.933361876829999801e+03 1.565459286920000137e-01
2.933660293259999889e+03 1.559386452319999894e-01
2.933958709680000084e+03 1.562309948389999925e-01
2.934257126099999823e+03 1.568403745920000092e-01
2.934555542520000017e+03 1.578670307210000012e-01
2.934853958940000211e+03 1.592574835779999864e-01
2.935152375369999845e+03 1.596376098060000026e-01
2.935450791790000039e+03 1.581057109679999961e-01
2.935749208209999779e+03 1.575046756129999947e-01
2.936047624629999973e+03 1.575108765159999868e-01
2.936346041060000061e+03 1.577369438940000035e-01
2.936644457479999801e+03 1.581536996600000078e-01
2.936942873899999995e+03 1.584142541939999871e-01
2.937241290320000189e+03 1.582179920000000017e-01
2.937539706739999929e+03 1.585149509559999892e-01
2.937838123170000017e+03 1.582365369379999942e-01
2.938136539590000211e+03 1.599457762700000063e-01
2.938434956009999951e+03 1.623192764220000028e-01
2.938733372430000145e+03 1.654589364219999914e-01
2.939031788859999779e+03 1.659703767980000022e-01
2.939330205279999973e+03 1.643003709209999996e-01
2.939628621700000167e+03 1.631602694429999945e-01
2.939927038119999906e+03 1.612519608799999893e-01
2.940225454549999995e+03 1.602972210910000028e-01
2.940523870970000189e+03 1.616745338059999981e-01
2.940822287389999929e+03 1.626874383230000054e-01
2.941120703810000123e+03 1.635262646099999995e-01
2.941419120229999862e+03 1.640883278589999883e-01
2.941717536659999951e+03 1.638666742400000098e-01
2.942015953080000145e+03 1.647004117070000051e-01
2.942314369499999884e+03 1.673498558360000110e-01
2.942612785920000078e+03 1.705203147450000123e-01
2.942911202350000167e+03 1.733402459820000130e-01
2.943209618769999906e+03 1.740140907330000042e-01
2.943508035190000101e+03 1.719183925399999924e-01
2.943806451609999840e+03 1.676669765159999881e-01
2.944104868039999928e+03 1.653843794250000054e-01
2.944403284460000123e+03 1.635938292670000016e-01
2.944701700879999862e+03 1.622246944749999864e-01
2.945000117300000056e+03 1.614149695369999915e-01
2.945298533719999796e+03 1.614024585340000095e-01
2.945596950149999884e+03 1.605851112020000027e-01
2.945895366570000078e+03 1.609176401169999937e-01
2.946193782989999818e+03 1.613531837770000033e-01
2.946492199410000012e+03 1.616422077299999871e-01
2.946790615840000100e+03 1.623874215720000069e-01
2.947089032259999840e+03 1.625692010320000103e-01
2.947387448680000034e+03 1.617164998239999929e-01
2.947685865099999774e+03 1.608701053140000059e-01
2.947984281519999968e+03 1.586440801879999973e-01
2.948282697950000056e+03 1.567280915429999921e-01
2.948581114369999796e+03 1.571882672959999949e-01
2.948879530789999990e+03 1.595108950149999871e-01
2.949177947210000184e+03 1.616962308500000112e-01
2.949476363639999818e+03 1.642876181819999948e-01
2.949774780060000012e+03 1.666641462289999986e-01
2.950073196480000206e+03 1.692384624989999864e-01
2.950371612899999946e+03 1.719615096769999962e-01
2.950670029330000034e+03 1.727270302639999922e-01
2.950968445749999773e+03 1.718711652319999950e-01
2.951266862169999968e+03 1.714960892669999959e-01
2.951565278590000162e+03 1.704253526220000092e-01
2.951863695009999901e+03 1.678804599410000098e-01
2.952162111439999990e+03 1.661117426740000014e-01
2.952460527860000184e+03 1.652066017009999888e-01
2.952758944279999923e+03 1.663264772549999937e-01
2.953057360700000118e+03 1.691924779710000104e-01
2.953355777130000206e+03 1.715474697359999912e-01
2.953654193549999945e+03 1.728395298060000085e-01
2.953952609970000140e+03 1.734365449149999905e-01
2.954251026389999879e+03 1.742881144869999899e-01
2.954549442819999967e+03 1.756758500180000127e-01
2.954847859240000162e+03 1.764070127859999892e-01
2.955146275659999901e+03 1.762985673899999939e-01
2.955444692080000095e+03 1.764825940530000137e-01
2.955743108499999835e+03 1.768709189790000080e-01
2.956041524929999923e+03 1.767402568210000025e-01
2.956339941350000117e+03 1.762536476250000095e-01
2.956638357769999857e+03 1.772679806449999895e-01
2.956936774190000051e+03 1.793889861940000108e-01
2.957235190620000139e+03 1.817390135130000084e-01
2.957533607039999879e+03 1.829878873430000052e-01
2.957832023460000073e+03 1.833678213490000097e-01
2.958130439879999813e+03 1.842053807619999928e-01
2.958428856300000007e+03 1.842118604930000070e-01
2.958727272730000095e+03 1.838381894549999951e-01
2.959025689149999835e+03 1.832251911320000037e-01
2.959324105570000029e+03 1.825670713779999899e-01
2.959622521990000223e+03 1.821185528210000071e-01
2.959920938419999857e+03 1.822302240700000020e-01
2.960219354840000051e+03 1.810644378060000115e-01
2.960517771259999790e+03 1.800928208560000077e-01
2.960816187679999985e+03 1.801811365400000087e-01
2.961114604110000073e+03 1.814369836480000109e-01
2.961413020529999812e+03 1.819914229090000002e-01
2.961711436950000007e+03 1.802149397889999949e-01
2.962009853370000201e+03 1.765494999299999923e-01
2.962308269789999940e+03 1.731647197650000025e-01
2.962606686220000029e+03 1.708527548859999912e-01
2.962905102640000223e+03 1.682646789209999993e-01
2.963203519059999962e+03 1.674841875660000035e-01
2.963501935480000157e+03 1.661993965159999920e-01
2.963800351909999790e+03 1.650053704399999932e-01
2.964098768329999984e+03 1.661597692550000060e-01
2.964397184750000179e+03 1.678064856890000012e-01
2.964695601169999918e+03 1.698131308270000028e-01
2.964994017600000006e+03 1.702589181580000111e-01
2.965292434020000201e+03 1.709772426979999926e-01
2.965590850439999940e+03 1.704105045510000138e-01
2.965889266860000134e+03 1.709630836480000027e-01
2.966187683279999874e+03 1.714472224520000032e-01
2.966486099709999962e+03 1.727415047739999931e-01
2.966784516130000156e+03 1.747063741940000081e-01
2.967082932549999896e+03 1.762572209740000118e-01
2.967381348970000090e+03 1.759527813139999952e-01
2.967679765400000178e+03 1.754799863810000138e-01
2.967978181819999918e+03 1.746549327270000007e-01
2.968276598240000112e+03 1.733542171849999924e-01
2.968575014659999852e+03 1.742402839649999924e-01
2.968873431089999940e+03 1.741934243050000108e-01
2.969171847510000134e+03 1.725581272489999929e-01
2.969470263929999874e+03 1.707272050789999940e-01
2.969768680350000068e+03 1.693532929029999967e-01
2.970067096769999807e+03 1.695482529029999907e-01
2.970365513199999896e+03 1.708780853259999899e-01
2.970663929620000090e+03 1.711269091379999940e-01
2.970962346039999829e+03 1.705465550730000113e-01
2.971260762460000024e+03 1.706247696189999996e-01
2.971559178890000112e+03 1.700292573490000125e-01
2.971857595309999851e+03 1.706931048679999896e-01
2.972156011730000046e+03 1.719219698999999990e-01
2.972454428149999785e+03 1.744195207979999940e-01
2.972752844569999979e+03 1.773388075070000125e-01
2.973051261000000068e+03 1.784739315430000084e-01
2.973349677419999807e+03 1.788397521289999959e-01
2.973648093840000001e+03 1.805700208909999938e-01
2.973946510260000196e+03 1.837536643169999928e-01
2.974244926689999829e+03 1.848651235190000020e-01
2.974543343110000023e+03 1.845306095250000000e-01
2.974841759530000218e+03 1.838604137709999864e-01
2.975140175949999957e+03 1.838356076250000082e-01
2.975438592380000046e+03 1.845557609379999964e-01
2.975737008799999785e+03 1.856454769499999991e-01
2.976035425219999979e+03 1.843288290439999977e-01
2.976333841640000173e+03 1.813084697129999923e-01
2.976632258059999913e+03 1.785996407740000069e-01
2.976930674490000001e+03 1.758844036359999974e-01
2.977229090910000195e+03 1.749541309089999996e-01
2.977527507329999935e+03 1.733146655480000131e-01
2.977825923750000129e+03 1.723772999060000088e-01
2.978124340180000218e+03 1.723058078120000003e-01
2.978422756599999957e+03 1.714722163400000110e-01
2.978721173020000151e+03 1.696565344279999943e-01
2.979019589439999891e+03 1.676564686800000037e-01
2.979318005869999979e+03 1.684932146510000062e-01
2.979616422290000173e+03 1.692031858999999971e-01
2.979914838709999913e+03 1.703620809030000072e-01
2.980213255130000107e+03 1.701593942519999958e-01
2.980511671549999846e+03 1.681579051729999996e-01
2.980810087979999935e+03 1.659136916479999890e-01
2.981108504400000129e+03 1.650084549330000094e-01
2.981406920819999868e+03 1.648030583460000087e-01
2.981705337240000063e+03 1.644347621699999984e-01
2.982003753670000151e+03 1.665186080820000025e-01
2.982302170089999890e+03 1.685159742050000020e-01
2.982600586510000085e+03 1.700602187680000099e-01
2.982899002929999824e+03 1.718411047510000067e-01
2.983197419350000018e+03 1.749862103229999910e-01
2.983495835780000107e+03 1.779382583459999945e-01
2.983794252199999846e+03 1.792383234490000088e-01
2.984092668620000040e+03 1.793102325750000059e-01
2.984391085039999780e+03 1.786214083750000126e-01
2.984689501469999868e+03 1.765587263929999928e-01
2.984987917890000062e+03 1.738163039650000019e-01
2.985286334309999802e+03 1.718879665220000019e-01
2.985584750729999996e+03 1.722414603280000012e-01
2.985883167160000085e+03 1.735401544630000015e-01
2.986181583579999824e+03 1.747084066859999896e-01
2.986480000000000018e+03 1.762802800000000114e-01
2.986778416420000212e+03 1.777662536769999968e-01
2.987076832839999952e+03 1.754660490319999988e-01
2.987375249270000040e+03 1.730683993309999891e-01
2.987673665689999780e+03 1.707126745449999983e-01
2.987972082109999974e+03 1.677578499590000050e-01
2.988270498530000168e+03 1.634639189210000121e-01
2.988568914959999802e+03 1.600577693490000120e-01
2.988867331379999996e+03 1.581457194249999976e-01
2.989165747800000190e+03 1.568763485630000065e-01
2.989464164219999930e+03 1.574244708499999978e-01
2.989762580650000018e+03 1.601611379350000031e-01
2.990060997070000212e+03 1.630976440699999919e-01
2.990359413489999952e+03 1.651194419349999998e-01
2.990657829910000146e+03 1.657694567740000124e-01
2.990956246329999885e+03 1.667455779239999936e-01
2.991254662759999974e+03 1.692509702399999927e-01
2.991553079180000168e+03 1.709914758709999982e-01
2.991851495599999907e+03 1.731791335950000066e-01
2.992149912020000102e+03 1.757996745450000065e-01
2.992448328450000190e+03 1.781550417599999936e-01
2.992746744869999930e+03 1.807954412320000037e-01
2.993045161290000124e+03 1.840239935480000033e-01
2.993343577709999863e+03 1.879622645629999977e-01
2.993641994130000057e+03 1.914239787099999979e-01
2.993940410560000146e+03 1.938729512260000121e-01
2.994238826979999885e+03 1.950049734189999995e-01
2.994537243400000079e+03 1.943497939240000083e-01
2.994835659819999819e+03 1.942902842349999992e-01
2.995134076249999907e+03 1.940862364810000129e-01
2.995432492670000101e+03 1.936825701000000066e-01
2.995730909089999841e+03 1.940210218179999890e-01
2.996029325510000035e+03 1.937409577239999903e-01
2.996327741940000124e+03 1.930558460650000085e-01
2.996626158359999863e+03 1.935598601759999926e-01
2.996924574780000057e+03 1.950218342049999942e-01
2.997222991199999797e+03 1.956075641989999947e-01
2.997521407619999991e+03 1.956749783739999970e-01
2.997819824050000079e+03 1.920215933140000109e-01
2.998118240469999819e+03 1.905943908269999987e-01
2.998416656890000013e+03 1.889196950619999871e-01
2.998715073310000207e+03 1.869412629330000075e-01
2.999013489739999841e+03 1.862275102990000042e-01
2.999311906160000035e+03 1.875730907569999883e-01
2.999610322579999774e+03 1.886486068390000048e-01
2.999908738999999969e+03 1.888147223699999933e-01
3.000207155430000057e+03 1.894583943339999965e-01
3.000505571849999797e+03 1.902606921760000014e-01
3.000803988269999991e+03 1.897971218889999978e-01
3.001102404690000185e+03 1.876262479999999955e-01
3.001400821109999924e+03 1.861934567859999945e-01
3.001699237540000013e+03 1.851441428739999950e-01
3.001997653960000207e+03 1.836212102989999984e-01
3.002296070379999946e+03 1.828622884339999866e-01
3.002594486800000141e+03 1.842065137289999877e-01
3.002892903229999774e+03 1.821918322580000082e-01
3.003191319649999969e+03 1.789254300760000083e-01
3.003489736070000163e+03 1.762568042819999958e-01
3.003788152489999902e+03 1.743687471089999941e-01
3.004086568910000096e+03 1.728921958830000050e-01
3.004384985340000185e+03 1.705652410319999923e-01
3.004683401759999924e+03 1.667984468860000125e-01
3.004981818180000118e+03 1.647581218180000084e-01
3.005280234599999858e+03 1.622354290789999876e-01
3.005578651029999946e+03 1.600260241060000033e-01
3.005877067450000141e+03 1.593814758940000076e-01
3.006175483869999880e+03 1.592914922579999892e-01
3.006473900290000074e+03 1.590270746040000072e-01
3.006772316720000163e+03 1.576991729149999910e-01
3.007070733139999902e+03 1.577552015129999874e-01
3.007369149560000096e+03 1.580289739469999954e-01
3.007667565979999836e+03 1.581710391320000075e-01
3.007965982400000030e+03 1.592892991200000052e-01
3.008264398830000118e+03 1.606527225690000116e-01
3.008562815249999858e+03 1.608410309680000094e-01
3.008861231670000052e+03 1.596573076599999974e-01
3.009159648089999791e+03 1.577115265919999954e-01
3.009458064519999880e+03 1.578160516129999968e-01
3.009756480940000074e+03 1.590685464990000131e-01
3.010054897359999813e+03 1.586544930790000085e-01
3.010353313780000008e+03 1.573010790849999896e-01
3.010651730210000096e+03 1.566503544989999996e-01
3.010950146629999836e+03 1.580926328449999974e-01
3.011248563050000030e+03 1.606694137709999970e-01
3.011546979470000224e+03 1.617011828269999951e-01
3.011845395889999963e+03 1.629548826739999901e-01
3.012143812320000052e+03 1.631437908499999978e-01
3.012442228739999791e+03 1.618290089149999889e-01
3.012740645159999985e+03 1.622772763870000134e-01
3.013039061580000180e+03 1.632244367740000035e-01
3.013337478009999813e+03 1.640691418059999906e-01
3.013635894430000008e+03 1.654048251380000056e-01
3.013934310850000202e+03 1.682994015250000031e-01
3.014232727269999941e+03 1.715874756359999920e-01
3.014531143700000030e+03 1.747363544630000098e-01
3.014829560120000224e+03 1.765679066860000035e-01
3.015127976539999963e+03 1.790031744989999951e-01
3.015426392960000157e+03 1.824323275660000021e-01
3.015724809379999897e+03 1.858259423580000125e-01
3.016023225809999985e+03 1.873245274839999974e-01
3.016321642230000180e+03 1.874256828970000122e-01
3.016620058649999919e+03 1.877119955540000051e-01
3.016918475070000113e+03 1.872915278589999954e-01
3.017216891500000202e+03 1.877736724690000081e-01
3.017515307919999941e+03 1.887639840820000137e-01
3.017813724340000135e+03 1.884426070030000011e-01
3.018112140759999875e+03 1.879431258769999891e-01
3.018410557180000069e+03 1.894977467450000008e-01
3.018708973610000157e+03 1.914173030030000000e-01
3.019007390029999897e+03 1.912282926330000077e-01
3.019305806450000091e+03 1.908548593549999894e-01
3.019604222869999830e+03 1.904797928209999991e-01
3.019902639299999919e+03 1.911068466280000100e-01
3.020201055720000113e+03 1.908841581940000087e-01
3.020499472139999853e+03 1.894264585340000029e-01
3.020797888560000047e+03 1.872838003639999971e-01
3.021096304990000135e+03 1.845100423699999881e-01
3.021394721409999875e+03 1.829573588270000106e-01
3.021693137830000069e+03 1.827110658889999906e-01
3.021991554249999808e+03 1.830490973370000052e-01
3.022289970670000002e+03 1.826289137600000112e-01
3.022588387100000091e+03 1.828625143229999916e-01
3.022886803519999830e+03 1.833404907919999882e-01
3.023185219940000025e+03 1.839259798360000087e-01
3.023483636360000219e+03 1.836713963640000113e-01
3.023782052789999852e+03 1.827019690670000085e-01
3.024080469210000047e+03 1.838849268390000125e-01
3.024378885629999786e+03 1.830123530209999960e-01
3.024677302049999980e+03 1.804810695010000132e-01
3.024975718480000069e+03 1.792034897829999918e-01
3.025274134899999808e+03 1.787817080119999957e-01
3.025572551320000002e+03 1.800141289849999937e-01
3.025870967740000196e+03 1.805232896769999873e-01
3.026169384159999936e+03 1.820281782289999983e-01
3.026467800590000024e+03 1.825564813610000003e-01
3.026766217010000219e+03 1.817726447159999925e-01
3.027064633429999958e+03 1.803053629209999953e-01
3.027363049850000152e+03 1.800768696189999907e-01
3.027661466279999786e+03 1.806221214189999980e-01
3.027959882699999980e+03 1.815817084690000138e-01
3.028258299120000174e+03 1.824093672140000011e-01
3.028556715539999914e+03 1.835067500060000023e-01
3.028855131960000108e+03 1.842367619349999930e-01
3.029153548390000196e+03 1.845754916129999923e-01
3.029451964809999936e+03 1.856785685039999967e-01
3.029750381230000130e+03 1.856568689739999944e-01
3.030048797649999869e+03 1.841575531849999892e-01
3.030347214079999958e+03 1.835066943110000015e-01
3.030645630500000152e+03 1.817917400590000065e-01
3.030944046919999892e+03 1.820511116599999868e-01
3.031242463340000086e+03 1.836119085160000108e-01
3.031540879770000174e+03 1.858361074490000042e-01
3.031839296189999914e+03 1.876537165980000088e-01
3.032137712610000108e+03 1.892157967860000067e-01
3.032436129029999847e+03 1.889231114840000114e-01
3.032734545450000041e+03 1.879062578179999943e-01
3.033032961880000130e+03 1.853731646329999927e-01
3.033331378299999869e+03 1.827575161290000139e-01
3.033629794720000064e+03 1.810309439879999871e-01
3.033928211139999803e+03 1.792513844810000034e-01
3.034226627569999891e+03 1.781301039879999992e-01
3.034525043990000086e+03 1.779373389439999897e-01
3.034823460409999825e+03 1.798269699120000065e-01
3.035121876830000019e+03 1.822936207039999867e-01
3.035420293260000108e+03 1.840354097240000097e-01
3.035718709679999847e+03 1.858154833550000051e-01
3.036017126100000041e+03 1.858497267800000019e-01
3.036315542519999781e+03 1.840401387679999889e-01
3.036613958939999975e+03 1.821436720350000094e-01
3.036912375370000063e+03 1.799316411609999944e-01
3.037210791789999803e+03 1.780715451379999981e-01
3.037509208209999997e+03 1.771448317650000104e-01
3.037807624630000191e+03 1.780683212899999979e-01
3.038106041059999825e+03 1.801355685630000036e-01
3.038404457480000019e+03 1.818711054080000000e-01
3.038702873900000213e+03 1.827792764929999925e-01
3.039001290319999953e+03 1.837001409029999921e-01
3.039299706740000147e+03 1.830253271550000005e-01
3.039598123169999781e+03 1.827846620290000113e-01
3.039896539589999975e+03 1.828180825809999910e-01
3.040194956010000169e+03 1.841366594599999906e-01
3.040493372429999908e+03 1.845504379819999929e-01
3.040791788859999997e+03 1.843271088560000104e-01
3.041090205280000191e+03 1.844492490440000076e-01
3.041388621699999931e+03 1.848226095949999925e-01
3.041687038120000125e+03 1.853711085629999866e-01
3.041985454550000213e+03 1.864924429089999947e-01
3.042283870969999953e+03 1.884385193550000004e-01
3.042582287390000147e+03 1.905628270380000100e-01
3.042880703809999886e+03 1.915483379240000006e-01
3.043179120230000080e+03 1.921323845510000128e-01
3.043477536660000169e+03 1.935187737949999875e-01
3.043775953079999908e+03 1.949066770669999893e-01
3.044074369500000103e+03 1.964485027329999911e-01
3.044372785919999842e+03 1.978283899349999875e-01
3.044671202349999930e+03 1.997326097240000042e-01
3.044969618770000125e+03 2.000055699000000131e-01
3.045268035189999864e+03 1.996256609379999936e-01
3.045566451610000058e+03 2.013285063230000060e-01
3.045864868040000147e+03 2.023169635660000132e-01
3.046163284459999886e+03 2.024825067799999878e-01
3.046461700880000080e+03 2.025235577950000032e-01
3.046760117299999820e+03 2.026398779470000022e-01
3.047058533720000014e+03 2.021382609269999908e-01
3.047356950150000102e+03 2.007208252319999942e-01
3.047655366569999842e+03 1.995667328799999862e-01
3.047953782990000036e+03 1.989925386389999884e-01
3.048252199409999776e+03 1.987907187100000084e-01
3.048550615839999864e+03 1.984783561169999877e-01
3.048849032260000058e+03 1.985452430970000015e-01
3.049147448679999798e+03 1.974413255720000038e-01
3.049445865099999992e+03 1.946427449029999868e-01
3.049744281520000186e+03 1.908182999999999963e-01
3.050042697949999820e+03 1.881794646219999978e-01
3.050341114370000014e+03 1.848392629789999964e-01
3.050639530790000208e+03 1.812229056190000076e-01
3.050937947209999948e+03 1.806288266509999962e-01
3.051236363640000036e+03 1.810132909090000075e-01
3.051534780059999775e+03 1.804599160940000002e-01
3.051833196479999970e+03 1.792483099349999887e-01
3.052131612900000164e+03 1.800906600000000135e-01
3.052430029329999797e+03 1.800178762459999915e-01
3.052728445749999992e+03 1.797076208800000019e-01
3.053026862170000186e+03 1.798411919650000079e-01
3.053325278589999925e+03 1.791090957539999973e-01
3.053623695010000120e+03 1.774317236359999883e-01
3.053922111440000208e+03 1.744006891029999951e-01
3.054220527859999947e+03 1.738375676829999883e-01
3.054518944280000142e+03 1.750426072490000040e-01
3.054817360699999881e+03 1.746709337600000078e-01
3.055115777129999969e+03 1.741463405279999876e-01
3.055414193550000164e+03 1.740057305809999955e-01
3.055712609969999903e+03 1.735202221699999880e-01
3.056011026390000097e+03 1.717381198360000139e-01
3.056309442820000186e+03 1.693090933020000022e-01
3.056607859239999925e+03 1.686417616889999971e-01
3.056906275660000119e+03 1.685489051259999871e-01
3.057204692079999859e+03 1.674901634600000078e-01
3.057503108500000053e+03 1.682190040590000046e-01
3.057801524930000141e+03 1.691630397770000072e-01
3.058099941349999881e+03 1.701692351090000055e-01
3.058398357770000075e+03 1.713965893490000114e-01
3.058696774189999815e+03 1.736444961289999867e-01
3.058995190619999903e+03 1.759826355309999923e-01
3.059293607040000097e+03 1.759233743339999878e-01
3.059592023459999837e+03 1.777658700649999979e-01
3.059890439880000031e+03 1.813082093960000085e-01
3.060188856300000225e+03 1.840943401759999876e-01
3.060487272729999859e+03 1.856105901819999904e-01
3.060785689150000053e+03 1.863053389680000005e-01
3.061084105569999792e+03 1.859308229330000062e-01
3.061382521989999987e+03 1.866817908969999884e-01
3.061680938420000075e+03 1.877054545450000111e-01
3.061979354839999814e+03 1.899778129030000040e-01
3.062277771260000009e+03 1.908543065340000122e-01
3.062576187680000203e+03 1.900029363050000086e-01
3.062874604109999837e+03 1.879939700649999879e-01
3.063173020530000031e+03 1.861926564220000024e-01
3.063471436950000225e+03 1.845276904160000064e-01
3.063769853369999964e+03 1.826419429210000001e-01
3.064068269790000159e+03 1.823775977360000133e-01
3.064366686219999792e+03 1.834802859240000084e-01
3.064665102639999986e+03 1.835487972429999948e-01
3.064963519060000181e+03 1.831865714489999963e-01
3.065261935479999920e+03 1.830369672259999914e-01
3.065560351910000009e+03 1.851275156599999916e-01
3.065858768330000203e+03 1.874886306980000084e-01
3.066157184749999942e+03 1.901710917889999908e-01
3.066455601170000136e+03 1.914364952260000086e-01
3.066754017600000225e+03 1.910835681409999987e-01
3.067052434019999964e+03 1.903654321409999906e-01
3.067350850440000158e+03 1.919239335719999939e-01
3.067649266859999898e+03 1.944365350149999949e-01
3.067947683280000092e+03 1.970781414660000008e-01
3.068246099710000180e+03 1.994275137950000110e-01
3.068544516129999920e+03 2.007829611610000009e-01
3.068842932550000114e+03 2.029036887510000109e-01
3.069141348969999854e+03 2.031568478009999901e-01
3.069439765399999942e+03 2.033911348859999968e-01
3.069738181820000136e+03 2.025759607269999873e-01
3.070036598239999876e+03 2.005045704160000053e-01
3.070335014660000070e+03 1.985903050910000078e-01
3.070633431090000158e+03 1.961271085040000028e-01
3.070931847509999898e+03 1.929991458299999962e-01
3.071230263930000092e+03 1.904442056660000104e-01
3.071528680349999831e+03 1.889664398239999932e-01
3.071827096770000026e+03 1.877555120000000133e-01
3.072125513200000114e+03 1.862230647510000059e-01
3.072423929619999853e+03 1.840724228389999939e-01
3.072722346040000048e+03 1.822214868389999964e-01
3.073020762459999787e+03 1.789474108040000067e-01
3.073319178889999876e+03 1.751702485280000055e-01
3.073617595310000070e+03 1.727736707330000121e-01
3.073916011729999809e+03 1.696192844459999960e-01
3.074214428150000003e+03 1.683564584159999988e-01
3.074512844570000198e+03 1.677835678010000109e-01
3.074811260999999831e+03 1.685003297600000116e-01
3.075109677420000025e+03 1.695873967740000043e-01
3.075408093840000220e+03 1.708657663929999959e-01
3.075706510259999959e+03 1.727618394600000107e-01
3.076004926690000048e+03 1.747859850559999872e-01
3.076303343109999787e+03 1.766129514489999941e-01
3.076601759529999981e+03 1.786418938999999872e-01
3.076900175950000175e+03 1.799681088679999930e-01
3.077198592379999809e+03 1.805539511550000031e-01
3.077497008800000003e+03 1.807788812899999986e-01
3.077795425220000197e+03 1.798809084690000115e-01
3.078093841639999937e+03 1.794308113199999943e-01
3.078392258060000131e+03 1.788793285159999968e-01
3.078690674490000220e+03 1.791027701819999929e-01
3.078989090909999959e+03 1.807261261820000131e-01
3.079287507330000153e+03 1.817509041879999954e-01
3.079585923749999893e+03 1.829996960699999953e-01
3.079884340179999981e+03 1.835952830850000050e-01
3.080182756600000175e+03 1.842655816540000047e-01
3.080481173019999915e+03 1.846436873199999995e-01
3.080779589440000109e+03 1.850075870729999961e-01
3.081078005870000197e+03 1.852377234600000033e-01
3.081376422289999937e+03 1.824982080349999980e-01
3.081674838710000131e+03 1.786397512260000098e-01
3.081973255129999870e+03 1.783602123639999870e-01
3.082271671550000065e+03 1.793503038239999958e-01
3.082570087980000153e+03 1.808152208209999889e-01
3.082868504399999892e+03 1.823912623929999921e-01
3.083166920820000087e+03 1.835385891609999931e-01
3.083465337239999826e+03 1.847269757180000083e-01
3.083763753669999915e+03 1.855809465100000111e-01
3.084062170090000109e+03 1.868732655129999864e-01
3.084360586509999848e+03 1.874214700999999872e-01
3.084659002930000042e+03 1.871389166219999955e-01
3.084957419349999782e+03 1.870253080000000012e-01
3.085255835779999870e+03 1.860542618999999898e-01
3.085554252200000064e+03 1.851676435780000018e-01
3.085852668619999804e+03 1.852059542170000073e-01
3.086151085039999998e+03 1.858160034599999899e-01
3.086449501470000087e+03 1.871599862290000138e-01
3.086747917889999826e+03 1.864557324339999878e-01
3.087046334310000020e+03 1.839317743699999952e-01
3.087344750730000214e+03 1.829470136190000096e-01
3.087643167159999848e+03 1.834934422760000072e-01
3.087941583580000042e+03 1.851879976539999861e-01
3.088239999999999782e+03 1.876581840000000057e-01
3.088538416419999976e+03 1.889041579469999954e-01
3.088836832840000170e+03 1.891478872260000110e-01
3.089135249269999804e+03 1.876684810089999933e-01
3.089433665689999998e+03 1.867862498179999886e-01
3.089732082110000192e+03 1.856615986980000022e-01
3.090030498529999932e+03 1.846164962459999892e-01
3.090328914960000020e+03 1.830288432380000052e-01
3.090627331380000214e+03 1.807391023459999913e-01
3.090925747799999954e+03 1.792394348269999993e-01
3.091224164220000148e+03 1.786947996949999895e-01
3.091522580649999782e+03 1.804814141939999894e-01
3.091820997069999976e+03 1.834349434130000123e-01
3.092119413490000170e+03 1.859219227449999956e-01
3.092417829909999909e+03 1.846798758240000005e-01
3.092716246330000104e+03 1.815390930670000014e-01
3.093014662760000192e+03 1.804356219940000117e-01
3.093313079179999932e+03 1.804821308969999927e-01
3.093611495600000126e+03 1.795434508150000052e-01
3.093909912019999865e+03 1.790677727389999863e-01
3.094208328449999954e+03 1.798018391910000124e-01
3.094506744870000148e+03 1.800641639879999867e-01
3.094805161289999887e+03 1.815891118709999918e-01
3.095103577710000081e+03 1.825659598240000070e-01
3.095401994129999821e+03 1.842802410909999966e-01
3.095700410559999909e+03 1.850220173719999972e-01
3.095998826980000104e+03 1.852114235189999958e-01
3.096297243399999843e+03 1.855564908969999927e-01
3.096595659820000037e+03 1.871527734550000044e-01
3.096894076250000126e+03 1.879737933370000114e-01
3.097192492669999865e+03 1.876101753670000039e-01
3.097490909090000059e+03 1.888992290909999872e-01
3.097789325509999799e+03 1.906649231199999961e-01
3.098087741939999887e+03 1.895772716130000035e-01
3.098386158360000081e+03 1.875387697129999864e-01
3.098684574779999821e+03 1.868505582170000012e-01
3.098982991200000015e+03 1.872915209969999994e-01
3.099281407620000209e+03 1.884350181699999960e-01
3.099579824049999843e+03 1.886282169850000134e-01
3.099878240470000037e+03 1.873419689270000021e-01
3.100176656889999776e+03 1.878646422639999869e-01
3.100475073309999971e+03 1.874292628739999966e-01
3.100773489740000059e+03 1.876720693610000046e-01
3.101071906159999799e+03 1.876936681989999911e-01
3.101370322579999993e+03 1.872400647739999868e-01
3.101668739000000187e+03 1.863367281290000121e-01
3.101967155429999821e+03 1.857442119059999897e-01
3.102265571850000015e+03 1.846131491849999917e-01
3.102563988270000209e+03 1.836707451850000117e-01
3.102862404689999948e+03 1.828642621229999987e-01
3.103160821110000143e+03 1.832215663929999960e-01
3.103459237539999776e+03 1.862252740760000080e-01
3.103757653959999971e+03 1.884701451380000059e-01
3.104056070380000165e+03 1.876899959770000070e-01
3.104354486799999904e+03 1.853974641170000048e-01
3.104652903229999993e+03 1.841639445159999888e-01
3.104951319650000187e+03 1.828472654549999910e-01
3.105249736069999926e+03 1.824121107330000102e-01
3.105548152490000120e+03 1.830289619240000054e-01
3.105846568909999860e+03 1.824453157769999889e-01
3.106144985339999948e+03 1.816456464990000019e-01
3.106443401760000143e+03 1.820446848089999903e-01
3.106741818179999882e+03 1.826382109090000094e-01
3.107040234600000076e+03 1.836780995070000089e-01
3.107338651030000165e+03 1.842552919769999964e-01
3.107637067449999904e+03 1.838327959880000084e-01
3.107935483870000098e+03 1.831938625810000110e-01
3.108233900289999838e+03 1.817763169030000014e-01
3.108532316719999926e+03 1.798006025570000055e-01
3.108830733140000120e+03 1.773509634129999957e-01
3.109129149559999860e+03 1.768738009739999895e-01
3.109427565980000054e+03 1.772484353079999964e-01
3.109725982399999793e+03 1.789984671909999880e-01
3.110024398829999882e+03 1.808094369150000102e-01
3.110322815250000076e+03 1.812770585340000018e-01
3.110621231669999815e+03 1.809261201169999889e-01
3.110919648090000010e+03 1.816648116129999935e-01
3.111218064520000098e+03 1.810020849029999879e-01
3.111516480939999838e+03 1.791408011030000136e-01
3.111814897360000032e+03 1.771623459470000050e-01
3.112113313780000226e+03 1.768855851139999880e-01
3.112411730209999860e+03 1.787472643399999894e-01
3.112710146630000054e+03 1.809793815009999862e-01
3.113008563049999793e+03 1.834915742869999977e-01
3.113306979469999987e+03 1.842668414549999967e-01
3.113605395890000182e+03 1.851133299939999866e-01
3.113903812319999815e+03 1.880697482110000041e-01
3.114202228740000010e+03 1.887801039879999920e-01
3.114500645160000204e+03 1.884235974189999996e-01
3.114799061579999943e+03 1.879774890320000114e-01
3.115097478010000032e+03 1.873708887980000126e-01
3.115395894430000226e+03 1.867018101469999913e-01
3.115694310849999965e+03 1.866546613370000107e-01
3.115992727270000159e+03 1.859235720000000092e-01
3.116291143699999793e+03 1.859757229560000114e-01
3.116589560119999987e+03 1.870215991910000042e-01
3.116887976540000182e+03 1.884934826390000095e-01
3.117186392959999921e+03 1.890897303459999901e-01
3.117484809380000115e+03 1.892520662989999880e-01
3.117783225810000204e+03 1.890520543230000128e-01
3.118081642229999943e+03 1.878913746629999881e-01
3.118380058650000137e+03 1.887440880350000072e-01
3.118678475069999877e+03 1.882614783809999914e-01
3.118976891499999965e+03 1.869474290910000114e-01
3.119275307920000159e+03 1.872748014429999885e-01
3.119573724339999899e+03 1.877269794720000107e-01
3.119872140760000093e+03 1.884361516720000074e-01
3.120170557179999832e+03 1.892217941229999978e-01
3.120468973609999921e+03 1.912717898530000016e-01
3.120767390030000115e+03 1.920304101699999988e-01
3.121065806449999855e+03 1.927521738059999878e-01
3.121364222870000049e+03 1.933768947800000026e-01
3.121662639300000137e+03 1.926894908150000030e-01
3.121961055719999877e+03 1.917079981940000011e-01
3.122259472140000071e+03 1.910560669090000108e-01
3.122557888559999810e+03 1.902406331610000112e-01
3.122856304989999899e+03 1.900073672139999947e-01
3.123154721410000093e+03 1.903526516600000107e-01
3.123453137829999832e+03 1.894744570319999988e-01
3.123751554250000027e+03 1.882745758940000125e-01
3.124049970670000221e+03 1.881260107920000035e-01
3.124348387099999854e+03 1.874773135480000130e-01
3.124646803520000049e+03 1.873307816420000105e-01
3.124945219939999788e+03 1.879438858420000025e-01
3.125243636359999982e+03 1.889916287270000106e-01
3.125542052790000071e+03 1.885555153429999964e-01
3.125840469209999810e+03 1.882028369500000076e-01
3.126138885630000004e+03 1.877229648800000095e-01
3.126437302050000199e+03 1.871953180289999963e-01
3.126735718479999832e+03 1.876627134549999909e-01
3.127034134900000026e+03 1.890837601760000097e-01
3.127332551320000221e+03 1.905827166569999953e-01
3.127630967739999960e+03 1.920456069679999933e-01
3.127929384160000154e+03 1.943516249739999924e-01
3.128227800589999788e+03 1.963475040119999904e-01
3.128526217009999982e+03 1.982143446799999875e-01
3.128824633430000176e+03 1.995015717889999929e-01
3.129123049849999916e+03 1.991767385100000065e-01
3.129421466280000004e+03 1.996547263579999953e-01
3.129719882700000198e+03 1.994082174779999994e-01
3.130018299119999938e+03 1.986048288330000133e-01
3.130316715540000132e+03 1.984875763639999957e-01
3.130615131959999871e+03 2.002023671910000135e-01
3.130913548389999960e+03 2.028581002579999959e-01
3.131211964810000154e+03 2.058480774900000032e-01
3.131510381229999894e+03 2.089860573960000134e-01
3.131808797650000088e+03 2.102497771849999864e-01
3.132107214080000176e+03 2.089383406920000130e-01
3.132405630499999916e+03 2.073581256539999973e-01
3.132704046920000110e+03 2.054021446219999880e-01
3.133002463339999849e+03 2.041227306739999969e-01
3.133300879769999938e+03 2.049450252199999933e-01
3.133599296190000132e+03 2.065201987680000129e-01
3.133897712609999871e+03 2.091347140410000083e-01
3.134196129030000066e+03 2.115835975479999909e-01
3.134494545449999805e+03 2.124470887269999941e-01
3.134792961879999893e+03 2.110047504399999996e-01
3.135091378300000088e+03 2.104518064160000035e-01
3.135389794719999827e+03 2.093855938530000127e-01
3.135688211140000021e+03 2.078183811500000089e-01
3.135986627570000110e+03 2.064983141579999903e-01
3.136285043989999849e+03 2.057210885040000048e-01
3.136583460410000043e+03 2.043960651260000039e-01
3.136881876829999783e+03 2.032551226980000014e-01
3.137180293259999871e+03 2.034893856889999908e-01
3.137478709680000065e+03 2.029342181940000100e-01
3.137777126099999805e+03 2.019092024049999878e-01
3.138075542519999999e+03 2.002505430619999915e-01
3.138373958940000193e+03 1.985449379589999952e-01
3.138672375369999827e+03 1.952735456190000107e-01
3.138970791790000021e+03 1.916726347209999903e-01
3.139269208210000215e+03 1.888644491500000022e-01
3.139567624629999955e+03 1.890993935370000045e-01
3.139866041060000043e+03 1.907222046450000041e-01
3.140164457479999783e+03 1.905522337130000077e-01
3.140462873899999977e+03 1.902738072959999915e-01
3.140761290320000171e+03 1.902549083869999880e-01
3.141059706739999910e+03 1.902454391789999977e-01
3.141358123169999999e+03 1.887340741580000036e-01
3.141656539590000193e+03 1.871971327510000005e-01
3.141954956009999933e+03 1.863833901470000054e-01
3.142253372430000127e+03 1.865082175949999976e-01
3.142551788860000215e+03 1.877549468149999901e-01
3.142850205279999955e+03 1.887191972900000014e-01
3.143148621700000149e+03 1.888973346280000132e-01
3.143447038119999888e+03 1.889839214779999998e-01
3.143745454549999977e+03 1.895523818179999931e-01
3.144043870970000171e+03 1.898161686450000052e-01
3.144342287389999910e+03 1.899325326690000093e-01
3.144640703810000105e+03 1.892436987799999970e-01
3.144939120229999844e+03 1.879342104869999863e-01
3.145237536659999932e+03 1.861241473899999943e-01
3.145535953080000127e+03 1.838260623230000002e-01
3.145834369499999866e+03 1.817306235539999926e-01
3.146132785920000060e+03 1.807999875190000050e-01
3.146431202350000149e+03 1.821252556719999971e-01
3.146729618769999888e+03 1.827832933140000060e-01
3.147028035190000082e+03 1.814142391670000021e-01
3.147326451609999822e+03 1.806124101940000115e-01
3.147624868039999910e+03 1.809584720819999992e-01
3.147923284460000104e+03 1.813437061940000039e-01
3.148221700879999844e+03 1.812388858060000052e-01
3.148520117300000038e+03 1.819525364340000007e-01
3.148818533719999778e+03 1.832027609740000118e-01
3.149116950149999866e+03 1.839738754370000007e-01
3.149415366570000060e+03 1.844027440229999981e-01
3.149713782989999800e+03 1.845477036950000094e-01
3.150012199409999994e+03 1.840694789089999950e-01
3.150310615840000082e+03 1.845279210090000066e-01
3.150609032259999822e+03 1.860030771610000078e-01
3.150907448680000016e+03 1.874291624630000097e-01
3.151205865100000210e+03 1.881008027570000019e-01
3.151504281519999950e+03 1.881068970670000118e-01
3.151802697950000038e+03 1.898050279179999966e-01
3.152101114369999777e+03 1.925395024519999942e-01
3.152399530789999972e+03 1.926369993429999927e-01
3.152697947210000166e+03 1.905700058060000035e-01
3.152996363639999799e+03 1.887979425450000137e-01
3.153294780059999994e+03 1.868517557890000125e-01
3.153593196480000188e+03 1.856495199650000094e-01
3.153891612899999927e+03 1.859491823230000063e-01
3.154190029330000016e+03 1.869882388859999967e-01
3.154488445750000210e+03 1.873753845280000108e-01
3.154786862169999949e+03 1.884254566920000040e-01
3.155085278590000144e+03 1.907566861580000106e-01
3.155383695009999883e+03 1.924262370669999889e-01
3.155682111439999971e+03 1.928964424630000007e-01
3.155980527860000166e+03 1.921602147679999928e-01
3.156278944279999905e+03 1.904342655950000129e-01
3.156577360700000099e+03 1.891681960469999979e-01
3.156875777130000188e+03 1.876766221700000015e-01
3.157174193549999927e+03 1.860008522580000045e-01
3.157472609970000121e+03 1.864798481989999868e-01
3.157771026389999861e+03 1.875788743930000002e-01
3.158069442819999949e+03 1.889645303109999952e-01
3.158367859240000143e+03 1.882837209969999981e-01
3.158666275659999883e+03 1.834463225809999931e-01
3.158964692080000077e+03 1.754537520090000136e-01
3.159263108499999817e+03 1.668859408900000008e-01
3.159561524929999905e+03 1.578965900740000039e-01
3.159859941350000099e+03 1.487118614150000073e-01
3.160158357769999839e+03 1.395873104220000105e-01
3.160456774190000033e+03 1.306714666969999994e-01
3.160755190620000121e+03 1.223081441899999955e-01
3.161053607039999861e+03 1.147265511479999972e-01
3.161352023460000055e+03 1.070205449759999983e-01
3.161650439879999794e+03 9.873917519060000647e-02
3.161948856299999989e+03 9.046639430029999873e-02
3.162247272730000077e+03 8.163411661819999776e-02
3.162545689149999816e+03 7.250315038709999327e-02
3.162844105570000011e+03 6.336888738889999428e-02
3.163142521990000205e+03 5.453171045750000029e-02
3.163440938419999839e+03 4.733369511550000047e-02
3.163739354840000033e+03 4.322991890320000002e-02
3.164037771260000227e+03 4.107414025100000060e-02
3.164336187679999966e+03 3.954831741820000190e-02
3.164634604110000055e+03 3.808179421700000344e-02
3.164933020529999794e+03 3.655923941110000158e-02
3.165231436949999988e+03 3.499909442819999772e-02
3.165529853370000183e+03 3.342463394370000229e-02
3.165828269789999922e+03 3.185821840229999952e-02
3.166126686220000011e+03 3.031922171849999945e-02
3.166425102640000205e+03 2.882306424749999860e-02
3.166723519059999944e+03 2.738108713670000041e-02
3.167021935480000138e+03 2.600091452900000003e-02
3.167320351910000227e+03 2.468707846689999902e-02
3.167618768329999966e+03 2.344164131379999905e-02
3.167917184750000160e+03 2.226482661579999925e-02
3.168215601169999900e+03 2.115549757540000075e-02
3.168514017599999988e+03 2.011157849379999890e-02
3.168812434020000182e+03 1.913038182170000157e-02
3.169110850439999922e+03 1.820884804690000094e-02
3.169409266860000116e+03 1.734371087040000037e-02
3.169707683279999856e+03 1.653164218770000055e-02
3.170006099709999944e+03 1.576933861700000050e-02
3.170304516130000138e+03 1.505357650319999983e-02
3.170602932549999878e+03 1.438126918360000013e-02
3.170901348970000072e+03 1.374946942049999968e-02
3.171199765400000160e+03 1.315541390850000041e-02
3.171498181819999900e+03 1.259653391999999983e-02
3.171796598240000094e+03 1.190568580700000073e-02
3.172095014659999833e+03 1.091243039689999972e-02
3.172393431089999922e+03 9.964824626829999962e-03
3.172691847510000116e+03 9.060060398090000189e-03
3.172990263929999855e+03 8.195517271989999353e-03
3.173288680350000050e+03 7.368765408060000063e-03
3.173587096769999789e+03 6.577547423310000328e-03
3.173885513199999878e+03 5.819765130049999596e-03
3.174183929620000072e+03 5.093467368169999655e-03
3.174482346039999811e+03 4.396842516560000268e-03
3.174780762460000005e+03 3.728203194570000115e-03
3.175079178890000094e+03 3.085977487819999837e-03
3.175377595309999833e+03 2.468706740610000176e-03
3.175676011730000027e+03 1.875025382950000052e-03
3.175974428150000222e+03 1.303665386940000082e-03
3.176272844569999961e+03 7.534408804330000207e-04
3.176571261000000050e+03 2.232444901689999996e-04
3.176869677419999789e+03 1.302846774190000042e-09
3.177168093839999983e+03 0.000000000000000000e+00
3.177466510260000177e+03 0.000000000000000000e+00
3.177764926689999811e+03 0.000000000000000000e+00
3.178063343110000005e+03 0.000000000000000000e+00
3.178361759530000199e+03 0.000000000000000000e+00
3.178660175949999939e+03 0.000000000000000000e+00
3.178958592380000027e+03 0.000000000000000000e+00
3.179257008800000222e+03 0.000000000000000000e+00
3.179555425219999961e+03 0.000000000000000000e+00
3.179853841640000155e+03 0.000000000000000000e+00
3.180152258059999895e+03 0.000000000000000000e+00
3.180450674489999983e+03 0.000000000000000000e+00
3.180749090910000177e+03 0.000000000000000000e+00
3.181047507329999917e+03 0.000000000000000000e+00
3.181345923750000111e+03 0.000000000000000000e+00
3.181644340180000199e+03 0.000000000000000000e+00
3.181942756599999939e+03 0.000000000000000000e+00
3.182241173020000133e+03 0.000000000000000000e+00
3.182539589439999872e+03 0.000000000000000000e+00
3.182838005869999961e+03 0.000000000000000000e+00
3.183136422290000155e+03 0.000000000000000000e+00
3.183434838709999894e+03 0.000000000000000000e+00
3.183733255130000089e+03 0.000000000000000000e+00
3.184031671549999828e+03 0.000000000000000000e+00
3.184330087979999917e+03 0.000000000000000000e+00
3.184628504400000111e+03 0.000000000000000000e+00
3.184926920819999850e+03 0.000000000000000000e+00
3.185225337240000044e+03 0.000000000000000000e+00
3.185523753670000133e+03 0.000000000000000000e+00
3.185822170089999872e+03 0.000000000000000000e+00
3.186120586510000066e+03 0.000000000000000000e+00
3.186419002929999806e+03 0.000000000000000000e+00
3.186717419350000000e+03 0.000000000000000000e+00
3.187015835780000089e+03 0.000000000000000000e+00
3.187314252199999828e+03 0.000000000000000000e+00
3.187612668620000022e+03 0.000000000000000000e+00
3.187911085040000216e+03 0.000000000000000000e+00
3.188209501469999850e+03 0.000000000000000000e+00
3.188507917890000044e+03 0.000000000000000000e+00
3.188806334309999784e+03 0.000000000000000000e+00
3.189104750729999978e+03 0.000000000000000000e+00
3.189403167160000066e+03 0.000000000000000000e+00
3.189701583579999806e+03 0.000000000000000000e+00
3.190000000000000000e+03 0.000000000000000000e+00
