# Wavelength (Angstroms)      Variance
2.909190000000000055e+03 3.212708000000000230e-01
2.910319824050000079e+03 3.321463949210000099e-01
2.911449648090000210e+03 3.404517107450000246e-01
2.912579472139999780e+03 3.409527116539999847e-01
2.913709296189999804e+03 3.394450466389999921e-01
2.914839120229999935e+03 3.385911341060000024e-01
2.915968944279999960e+03 3.394483922930000008e-01
2.917098768329999984e+03 3.397990081989999966e-01
2.918228592380000009e+03 3.373592248089999912e-01
2.919358416420000140e+03 3.364025923580000188e-01
2.920488240470000164e+03 3.367507521990000252e-01
2.921618064520000189e+03 3.370895750319999884e-01
2.922747888559999865e+03 3.355450764340000003e-01
2.923877712609999890e+03 3.361369029560000166e-01
2.925007536659999914e+03 3.365063933960000253e-01
2.926137360700000045e+03 3.349930940759999753e-01
2.927267184750000069e+03 3.353176858529999804e-01
2.928397008800000094e+03 3.347187653900000059e-01
2.929526832840000225e+03 3.338014030729999915e-01
2.930656656889999795e+03 3.338998492260000228e-01
2.931786480939999819e+03 3.343270574189999844e-01
2.932916304989999844e+03 3.336746065569999864e-01
2.934046129029999975e+03 3.330060366450000031e-01
2.935175953079999999e+03 3.309522748450000051e-01
2.936305777130000024e+03 3.289517510500000186e-01
2.937435601170000155e+03 3.293783280939999725e-01
2.938565425220000179e+03 3.285875732549999872e-01
2.939695249270000204e+03 3.271339922820000190e-01
2.940825073309999880e+03 3.302736273079999729e-01
2.941954897359999904e+03 3.289438010260000156e-01
2.943084721409999929e+03 3.258777420530000191e-01
2.944214545450000060e+03 3.240920301820000016e-01
2.945344369500000084e+03 3.232456407270000165e-01
2.946474193550000109e+03 3.235366264519999868e-01
2.947604017600000134e+03 3.233180435310000211e-01
2.948733841639999810e+03 3.291477478009999791e-01
2.949863665689999834e+03 3.317337018300000051e-01
2.950993489739999859e+03 3.274631677240000260e-01
2.952123313779999989e+03 3.283801314370000113e-01
2.953253137830000014e+03 3.298425596949999816e-01
2.954382961880000039e+03 3.287856471550000270e-01
2.955512785920000169e+03 3.331062263930000267e-01
2.956642609970000194e+03 3.340320437539999743e-01
2.957772434020000219e+03 3.326637001819999773e-01
2.958902258059999895e+03 3.316018849030000215e-01
2.960032082109999919e+03 3.267369411139999791e-01
2.961161906159999944e+03 3.232439497360000136e-01
2.962291730209999969e+03 3.220551317359999777e-01
2.963421554250000099e+03 3.203593045629999914e-01
2.964551378300000124e+03 3.178468078419999787e-01
2.965681202350000149e+03 3.202115052789999972e-01
2.966811026389999824e+03 3.175495509619999934e-01
2.967940850439999849e+03 3.148685108620000173e-01
2.969070674489999874e+03 3.153036376950000275e-01
2.970200498530000004e+03 3.148267449620000269e-01
2.971330322580000029e+03 3.183442374189999757e-01
2.972460146630000054e+03 3.179875756009999943e-01
2.973589970670000184e+03 3.130530743809999961e-01
2.974719794720000209e+03 3.129575677540000211e-01
2.975849618769999779e+03 3.115949999120000147e-01
2.976979442819999804e+03 3.136384870969999850e-01
2.978109266859999934e+03 3.166916439470000011e-01
2.979239090909999959e+03 3.132171919999999776e-01
2.980368914959999984e+03 3.076221217830000243e-01
2.981498739000000114e+03 3.003585352729999935e-01
2.982628563050000139e+03 2.981683268329999859e-01
2.983758387100000164e+03 3.000148559999999964e-01
2.984888211139999839e+03 2.996393508499999858e-01
2.986018035189999864e+03 3.031494519769999951e-01
2.987147859239999889e+03 3.035534966389999978e-01
2.988277683280000019e+03 3.034205064520000272e-01
2.989407507330000044e+03 2.992446202760000173e-01
2.990537331380000069e+03 2.930295513899999760e-01
2.991667155430000093e+03 2.894562234899999975e-01
2.992796979470000224e+03 2.841331563519999825e-01
2.993926803519999794e+03 2.841029943699999727e-01
2.995056627569999819e+03 2.876297014900000004e-01
2.996186451609999949e+03 2.870469018060000099e-01
2.997316275659999974e+03 2.889553561520000202e-01
2.998446099709999999e+03 2.873212451500000153e-01
2.999575923750000129e+03 2.870410686800000111e-01
3.000705747800000154e+03 2.908229426280000141e-01
3.001835571850000179e+03 2.869994993369999747e-01
3.002965395889999854e+03 2.884501797649999810e-01
3.004095219939999879e+03 2.839687875660000249e-01
3.005225043989999904e+03 2.858454571960000190e-01
3.006354868039999928e+03 2.846239081820000072e-01
3.007484692080000059e+03 2.846091248450000055e-01
3.008614516130000084e+03 2.828343590319999934e-01
3.009744340180000108e+03 2.784596940879999760e-01
3.010874164219999784e+03 2.770051024929999772e-01
3.012003988269999809e+03 2.794289865219999891e-01
3.013133812319999834e+03 2.814159571670000193e-01
3.014263636359999964e+03 2.880502400000000129e-01
3.015393460409999989e+03 2.888098887039999840e-01
3.016523284460000013e+03 2.861548073779999757e-01
3.017653108500000144e+03 2.798523096769999774e-01
3.018782932550000169e+03 2.787276036479999775e-01
3.019912756600000193e+03 2.756244363049999979e-01
3.021042580650000218e+03 2.784077025810000050e-01
3.022172404689999894e+03 2.847949134130000060e-01
3.023302228739999919e+03 2.814674276129999764e-01
3.024432052789999943e+03 2.790288451090000010e-01
3.025561876830000074e+03 2.762647180650000256e-01
3.026691700880000099e+03 2.695466987390000013e-01
3.027821524930000123e+03 2.732306879770000085e-01
3.028951348969999799e+03 2.773162310789999974e-01
3.030081173019999824e+03 2.826211462050000067e-01
3.031210997069999848e+03 2.852715570969999725e-01
3.032340821109999979e+03 2.821856374430000147e-01
3.033470645160000004e+03 2.786108112260000103e-01
3.034600469210000028e+03 2.786071037069999812e-01
3.035730293260000053e+03 2.812039482350000008e-01
3.036860117300000184e+03 2.847941661000000235e-01
3.037989941350000208e+03 2.847528012259999963e-01
3.039119765399999778e+03 2.828703134660000007e-01
3.040249589439999909e+03 2.793496896539999774e-01
3.041379413489999934e+03 2.784087834019999819e-01
3.042509237539999958e+03 2.755144613489999839e-01
3.043639061580000089e+03 2.776892540290000211e-01
3.044768885630000113e+03 2.798068153259999913e-01
3.045898709680000138e+03 2.815577814190000083e-01
3.047028533719999814e+03 2.777641910909999790e-01
3.048158357769999839e+03 2.791913558360000214e-01
3.049288181819999863e+03 2.783513894549999868e-01
3.050418005869999888e+03 2.798392072259999752e-01
3.051547829910000019e+03 2.863344717649999871e-01
3.052677653960000043e+03 2.911914139710000127e-01
3.053807478010000068e+03 2.879435672430000204e-01
3.054937302050000199e+03 2.847700903809999851e-01
3.056067126100000223e+03 2.793897146629999995e-01
3.057196950149999793e+03 2.735338023580000111e-01
3.058326774189999924e+03 2.740875082579999900e-01
3.059456598239999948e+03 2.731592907329999931e-01
3.060586422289999973e+03 2.722599564689999752e-01
3.061716246330000104e+03 2.689818930560000099e-01
3.062846070380000128e+03 2.724330585099999924e-01
3.063975894430000153e+03 2.662057939820000052e-01
3.065105718480000178e+03 2.619132761579999746e-01
3.066235542519999854e+03 2.652555824630000170e-01
3.067365366569999878e+03 2.633134440470000226e-01
3.068495190619999903e+03 2.640539963749999886e-01
3.069625014660000033e+03 2.678032618939999998e-01
3.070754838710000058e+03 2.660869206450000024e-01
3.071884662760000083e+03 2.654903012609999835e-01
3.073014486800000213e+03 2.681968257130000199e-01
3.074144310849999783e+03 2.689875365100000137e-01
3.075274134899999808e+03 2.680281193669999951e-01
3.076403958939999939e+03 2.698505208499999974e-01
3.077533782989999963e+03 2.707608270030000264e-01
3.078663607039999988e+03 2.670419350029999972e-01
3.079793431090000013e+03 2.706278044689999773e-01
3.080923255130000143e+03 2.695972846510000243e-01
3.082053079180000168e+03 2.646314013489999839e-01
3.083182903230000193e+03 2.711545194839999895e-01
3.084312727269999868e+03 2.728861981819999949e-01
3.085442551319999893e+03 2.756252215130000072e-01
3.086572375369999918e+03 2.799966229440000176e-01
3.087702199410000048e+03 2.769730266570000210e-01
3.088832023460000073e+03 2.713445451379999929e-01
3.089961847510000098e+03 2.624509799820000100e-01
3.091091671549999774e+03 2.611761828499999938e-01
3.092221495599999798e+03 2.614611858650000009e-01
3.093351319649999823e+03 2.588356552489999851e-01
3.094481143699999848e+03 2.617248965980000230e-01
3.095610967739999978e+03 2.628801669679999842e-01
3.096740791790000003e+03 2.607423377420000077e-01
3.097870615840000028e+03 2.552689632960000177e-01
3.099000439880000158e+03 2.616881778010000104e-01
3.100130263930000183e+03 2.601312457830000091e-01
3.101260087980000208e+03 2.649095755720000112e-01
3.102389912019999883e+03 2.660058543459999925e-01
3.103519736069999908e+03 2.676745464340000158e-01
3.104649560119999933e+03 2.668206009379999744e-01
3.105779384160000063e+03 2.600754651030000031e-01
3.106909208210000088e+03 2.631296246220000135e-01
3.108039032260000113e+03 2.655773171610000261e-01
3.109168856299999788e+03 2.628079347450000269e-01
3.110298680349999813e+03 2.688599087099999840e-01
3.111428504399999838e+03 2.704568668740000015e-01
3.112558328449999863e+03 2.670055186160000260e-01
3.113688152489999993e+03 2.635173047980000072e-01
3.114817976540000018e+03 2.636511849379999939e-01
3.115947800590000043e+03 2.638734978889999971e-01
3.117077624630000173e+03 2.634983224690000125e-01
3.118207448680000198e+03 2.644358841409999994e-01
3.119337272730000223e+03 2.720794201819999869e-01
3.120467096769999898e+03 2.745068763869999984e-01
3.121596920819999923e+03 2.710333737239999929e-01
3.122726744869999948e+03 2.718478316949999862e-01
3.123856568910000078e+03 2.678384369740000048e-01
3.124986392960000103e+03 2.645894370790000116e-01
3.126116217010000128e+03 2.654667311910000049e-01
3.127246041060000152e+03 2.652156646919999750e-01
3.128375865099999828e+03 2.678814154370000034e-01
3.129505689149999853e+03 2.682886917890000000e-01
3.130635513199999878e+03 2.622358967510000083e-01
3.131765337240000008e+03 2.577851452789999831e-01
3.132895161290000033e+03 2.593528054840000263e-01
3.134024985340000057e+03 2.542038183229999859e-01
3.135154809380000188e+03 2.561527510030000010e-01
3.136284633430000213e+03 2.536098645980000010e-01
3.137414457479999783e+03 2.443096120350000122e-01
3.138544281519999913e+03 2.414666809380000001e-01
3.139674105569999938e+03 2.440693390149999975e-01
3.140803929619999963e+03 2.433858891850000095e-01
3.141933753669999987e+03 2.481746048150000050e-01
3.143063577710000118e+03 2.500065353309999794e-01
3.144193401760000143e+03 2.498620609680000104e-01
3.145323225810000167e+03 2.513815045159999984e-01
3.146453049849999843e+03 2.584544836950000146e-01
3.147582873899999868e+03 2.652263163279999780e-01
3.148712697949999892e+03 2.663279878889999730e-01
3.149842521990000023e+03 2.632932987680000059e-01
3.150972346040000048e+03 2.546466543870000154e-01
3.152102170090000072e+03 2.452827691499999962e-01
3.153231994130000203e+03 2.423423237890000026e-01
3.154361818179999773e+03 2.443660865449999997e-01
3.155491642229999798e+03 2.530714514369999946e-01
3.156621466279999822e+03 2.565824513430000064e-01
3.157751290319999953e+03 2.602952659350000197e-01
3.158881114369999977e+03 2.566436994719999976e-01
3.160010938420000002e+03 2.559109326099999748e-01
3.161140762460000133e+03 2.500478824049999771e-01
3.162270586510000157e+03 2.477240542820000058e-01
3.163400410560000182e+03 2.499330815720000043e-01
3.164530234599999858e+03 2.492925824049999906e-01
3.165660058649999883e+03 2.560292169030000120e-01
3.166789882699999907e+03 2.564297831960000162e-01
3.167919706740000038e+03 2.543925575950000129e-01
3.169049530790000063e+03 2.599988968909999754e-01
3.170179354840000087e+03 2.594299824519999964e-01
3.171309178890000112e+03 2.630061163869999996e-01
3.172439002929999788e+03 2.717217785339999803e-01
3.173568826979999812e+03 2.738380893019999873e-01
3.174698651029999837e+03 2.667594838360000109e-01
3.175828475069999968e+03 2.627413706510000058e-01
3.176958299119999992e+03 2.553298934189999758e-01
3.178088123170000017e+03 2.503160326689999882e-01
3.179217947210000148e+03 2.585241681059999852e-01
3.180347771260000172e+03 2.634698468969999818e-01
3.181477595310000197e+03 2.656369554960000268e-01
3.182607419349999873e+03 2.696783323229999807e-01
3.183737243399999898e+03 2.635094412319999857e-01
3.184867067449999922e+03 2.571668997650000121e-01
3.185996891499999947e+03 2.569630608210000111e-01
3.187126715540000077e+03 2.582373497830000031e-01
3.188256539590000102e+03 2.577877116360000054e-01
3.189386363640000127e+03 2.583190736359999851e-01
3.190516187679999803e+03 2.594461107800000166e-01
3.191646011729999827e+03 2.528615272729999863e-01
3.192775835779999852e+03 2.465692754599999870e-01
3.193905659819999983e+03 2.413510622870000122e-01
3.195035483870000007e+03 2.450479819349999921e-01
3.196165307920000032e+03 2.521211593900000159e-01
3.197295131960000163e+03 2.607505759879999996e-01
3.198424956010000187e+03 2.688325921349999925e-01
3.199554780060000212e+03 2.646986163989999974e-01
3.200684604109999782e+03 2.601616060410000264e-01
3.201814428149999912e+03 2.598961508620000194e-01
3.202944252199999937e+03 2.540857283929999766e-01
3.204074076249999962e+03 2.540946240229999820e-01
3.205203900290000092e+03 2.513778146510000089e-01
3.206333724340000117e+03 2.494335400000000091e-01
3.207463548390000142e+03 2.468425021940000019e-01
3.208593372429999818e+03 2.478320680470000037e-01
3.209723196479999842e+03 2.512152445920000088e-01
3.210853020529999867e+03 2.462060999879999990e-01
3.211982844569999997e+03 2.412156393550000111e-01
3.213112668620000022e+03 2.377558827100000050e-01
3.214242492670000047e+03 2.318739109329999992e-01
3.215372316720000072e+03 2.282855499710000069e-01
3.216502140760000202e+03 2.296676099119999981e-01
3.217631964810000227e+03 2.351924024050000006e-01
3.218761788859999797e+03 2.457720777419999947e-01
3.219891612899999927e+03 2.545090922580000026e-01
3.221021436949999952e+03 2.576435351610000257e-01
3.222151260999999977e+03 2.555049709910000022e-01
3.223281085040000107e+03 2.486389185629999943e-01
3.224410909090000132e+03 2.432683963639999947e-01
3.225540733140000157e+03 2.484186621760000047e-01
3.226670557179999832e+03 2.549627457240000172e-01
3.227800381229999857e+03 2.548970986160000174e-01
3.228930205279999882e+03 2.444814544280000113e-01
3.230060029329999907e+03 2.374725354489999884e-01
3.231189853370000037e+03 2.342139092549999912e-01
3.232319677420000062e+03 2.247247663870000078e-01
3.233449501470000087e+03 2.327237947570000021e-01
3.234579325510000217e+03 2.383742195009999898e-01
3.235709149559999787e+03 2.331761001880000017e-01
3.236838973609999812e+03 2.280465583869999979e-01
3.237968797649999942e+03 2.286347880700000113e-01
3.239098621699999967e+03 2.293585137070000002e-01
3.240228445749999992e+03 2.297470581230000031e-01
3.241358269790000122e+03 2.352970106449999987e-01
3.242488093840000147e+03 2.445697104519999887e-01
3.243617917890000172e+03 2.449211623230000134e-01
3.244747741940000196e+03 2.510847717420000014e-01
3.245877565979999872e+03 2.512479013780000159e-01
3.247007390029999897e+03 2.510504273429999822e-01
3.248137214079999922e+03 2.532611439470000003e-01
3.249267038120000052e+03 2.573351801759999891e-01
3.250396862170000077e+03 2.622275354429999816e-01
3.251526686220000101e+03 2.653946325509999871e-01
3.252656510259999777e+03 2.624436074550000053e-01
3.253786334309999802e+03 2.631532625340000098e-01
3.254916158359999827e+03 2.581619831549999966e-01
3.256045982399999957e+03 2.511674901820000194e-01
3.257175806449999982e+03 2.518527387100000237e-01
3.258305630500000007e+03 2.437345816890000016e-01
3.259435454550000031e+03 2.370813832729999904e-01
3.260565278590000162e+03 2.379440853610000073e-01
3.261695102640000187e+03 2.381348202870000041e-01
3.262824926690000211e+03 2.373737278009999951e-01
3.263954750729999887e+03 2.375796953079999940e-01
3.265084574779999912e+03 2.423401459120000101e-01
3.266214398829999936e+03 2.419259980060000093e-01
3.267344222870000067e+03 2.404030507209999890e-01
3.268474046920000092e+03 2.473753890319999871e-01
3.269603870970000116e+03 2.480576169029999889e-01
3.270733695009999792e+03 2.409661270500000063e-01
3.271863519059999817e+03 2.450165648329999946e-01
3.272993343109999842e+03 2.475692395250000122e-01
3.274123167159999866e+03 2.447371866860000023e-01
3.275252991199999997e+03 2.418254867569999966e-01
3.276382815250000021e+03 2.441455644109999934e-01
3.277512639300000046e+03 2.440569788799999973e-01
3.278642463340000177e+03 2.426678734549999883e-01
3.279772287390000201e+03 2.464407963049999872e-01
3.280902111440000226e+03 2.495133822399999979e-01
3.282031935479999902e+03 2.502573248389999838e-01
3.283161759529999927e+03 2.520871010560000181e-01
3.284291583579999951e+03 2.516897258119999981e-01
3.285421407620000082e+03 2.556911924929999858e-01
3.286551231670000107e+03 2.464601883339999910e-01
3.287681055720000131e+03 2.468948777830000108e-01
3.288810879770000156e+03 2.499552462169999933e-01
3.289940703809999832e+03 2.474704347570000074e-01
3.291070527859999856e+03 2.542264350730000233e-01
3.292200351909999881e+03 2.572008895480000223e-01
3.293330175950000012e+03 2.575510814190000164e-01
3.294460000000000036e+03 2.593560639999999973e-01
3.295589824050000061e+03 2.585272895010000127e-01
3.296719648090000192e+03 2.566938287389999851e-01
3.297849472140000216e+03 2.541945527860000054e-01
3.298979296189999786e+03 2.479486140880000078e-01
3.300109120229999917e+03 2.490565587680000081e-01
3.301238944279999942e+03 2.524264028270000182e-01
3.302368768329999966e+03 2.516779435479999938e-01
3.303498592379999991e+03 2.544784653259999918e-01
3.304628416420000121e+03 2.523222205039999944e-01
3.305758240470000146e+03 2.526268039649999797e-01
3.306888064520000171e+03 2.545469862579999853e-01
3.308017888559999847e+03 2.577073446329999906e-01
3.309147712609999871e+03 2.557581582169999868e-01
3.310277536659999896e+03 2.562792796250000227e-01
3.311407360700000027e+03 2.555935776250000124e-01
3.312537184750000051e+03 2.567960954369999937e-01
3.313667008800000076e+03 2.566548700590000065e-01
3.314796832840000206e+03 2.540338490910000191e-01
3.315926656889999776e+03 2.545573842930000108e-01
3.317056480939999801e+03 2.480234306859999960e-01
3.318186304989999826e+03 2.493266402579999985e-01
3.319316129029999956e+03 2.567344096770000084e-01
3.320445953079999981e+03 2.512062802289999897e-01
3.321575777130000006e+03 2.512525048450000020e-01
3.322705601170000136e+03 2.498781003810000012e-01
3.323835425220000161e+03 2.481180204690000002e-01
3.324965249270000186e+03 2.512122693839999865e-01
3.326095073309999862e+03 2.622717285630000172e-01
3.327224897359999886e+03 2.707898636480000065e-01
3.328354721409999911e+03 2.691940774189999774e-01
3.329484545450000041e+03 2.669064229090000184e-01
3.330614369500000066e+03 2.648361450439999931e-01
3.331744193550000091e+03 2.532506366450000268e-01
3.332874017600000116e+03 2.516951705220000224e-01
3.334003841639999791e+03 2.553880932379999913e-01
3.335133665689999816e+03 2.551363962459999857e-01
3.336263489739999841e+03 2.583726060120000168e-01
3.337393313779999971e+03 2.605191486219999852e-01
3.338523137829999996e+03 2.585442047159999812e-01
3.339652961880000021e+03 2.547984641989999854e-01
3.340782785920000151e+03 2.554546763339999860e-01
3.341912609970000176e+03 2.545716871550000038e-01
3.343042434020000201e+03 2.559225728089999929e-01
3.344172258059999876e+03 2.638284238709999729e-01
3.345302082109999901e+03 2.640083232550000103e-01
3.346431906159999926e+03 2.706491233080000058e-01
3.347561730209999951e+03 2.708665736950000014e-01
3.348691554250000081e+03 2.704557150620000017e-01
3.349821378300000106e+03 2.714259610320000071e-01
3.350951202350000131e+03 2.694561244809999812e-01
3.352081026389999806e+03 2.702336803459999826e-01
3.353210850439999831e+03 2.728033934899999902e-01
3.354340674489999856e+03 2.673304715429999923e-01
3.355470498529999986e+03 2.644902307679999898e-01
3.356600322580000011e+03 2.628918374190000184e-01
3.357730146630000036e+03 2.599689420529999739e-01
3.358859970670000166e+03 2.556431065399999980e-01
3.359989794720000191e+03 2.553951462760000179e-01
3.361119618770000216e+03 2.557749472320000050e-01
3.362249442819999786e+03 2.516106792260000002e-01
3.363379266859999916e+03 2.536595506980000025e-01
3.364509090909999941e+03 2.559589800000000026e-01
3.365638914959999966e+03 2.579550374130000212e-01
3.366768739000000096e+03 2.567596709330000060e-01
3.367898563050000121e+03 2.546557361640000017e-01
3.369028387100000145e+03 2.605146223229999891e-01
3.370158211139999821e+03 2.564972897069999758e-01
3.371288035189999846e+03 2.568485614309999887e-01
3.372417859239999871e+03 2.618298534899999863e-01
3.373547683280000001e+03 2.661596150969999797e-01
3.374677507330000026e+03 2.682091327510000012e-01
3.375807331380000051e+03 2.724082862169999730e-01
3.376937155430000075e+03 2.710954681170000269e-01
3.378066979470000206e+03 2.645175855720000024e-01
3.379196803519999776e+03 2.592002901989999830e-01
3.380326627569999800e+03 2.531561815369999802e-01
3.381456451609999931e+03 2.465060312900000106e-01
3.382586275659999956e+03 2.453255411259999963e-01
3.383716099709999980e+03 2.427261252490000021e-01
3.384845923750000111e+03 2.325920511440000005e-01
3.385975747800000136e+03 2.266779152789999974e-01
3.387105571850000160e+03 2.194695117300000109e-01
3.388235395889999836e+03 2.138550153309999868e-01
3.389365219939999861e+03 2.136259854429999883e-01
3.390495043989999886e+03 2.193252160059999956e-01
3.391624868039999910e+03 2.153403670500000089e-01
3.392754692080000041e+03 2.195350646329999877e-01
3.393884516130000065e+03 2.242669290319999897e-01
3.395014340180000090e+03 2.276621070029999916e-01
3.396144164220000221e+03 2.268931633309999862e-01
3.397273988269999791e+03 2.242537774310000009e-01
3.398403812319999815e+03 2.134980003520000058e-01
3.399533636359999946e+03 2.119726187269999895e-01
3.400663460409999971e+03 2.147100836830000137e-01
3.401793284459999995e+03 2.160149193610000073e-01
3.402923108500000126e+03 2.168080376659999864e-01
3.404052932550000151e+03 2.179941470089999944e-01
3.405182756600000175e+03 2.105010363519999872e-01
3.406312580650000200e+03 2.022816996769999931e-01
3.407442404689999876e+03 1.981590497240000026e-01
3.408572228739999900e+03 1.935744700760000103e-01
3.409702052789999925e+03 1.942127060409999939e-01
3.410831876830000056e+03 1.990552736719999882e-01
3.411961700880000080e+03 2.026058498770000049e-01
3.413091524930000105e+03 2.071134478009999946e-01
3.414221348969999781e+03 2.060489730210000037e-01
3.415351173019999806e+03 2.075735626100000120e-01
3.416480997069999830e+03 2.118086817360000096e-01
3.417610821109999961e+03 2.139610996009999877e-01
3.418740645159999985e+03 2.124098063229999944e-01
3.419870469210000010e+03 2.079708232899999953e-01
3.421000293260000035e+03 1.988422825810000072e-01
3.422130117300000165e+03 2.050639205450000002e-01
3.423259941350000190e+03 2.076999505919999989e-01
3.424389765400000215e+03 2.156716454550000051e-01
3.425519589439999891e+03 2.204061553899999970e-01
3.426649413489999915e+03 2.250103076830000104e-01
3.427779237539999940e+03 2.223560579939999893e-01
3.428909061580000071e+03 2.180661992490000034e-01
3.430038885630000095e+03 2.184958384990000058e-01
3.431168709680000120e+03 2.198149707740000014e-01
3.432298533719999796e+03 2.163849123749999881e-01
3.433428357769999820e+03 2.239829066039999983e-01
3.434558181819999845e+03 2.212511156360000009e-01
3.435688005869999870e+03 2.148665514900000018e-01
3.436817829910000000e+03 2.050289162110000007e-01
3.437947653960000025e+03 2.061024794430000029e-01
3.439077478010000050e+03 2.051702021110000107e-01
3.440207302050000180e+03 2.106170316830000000e-01
3.441337126100000205e+03 2.220635711670000123e-01
3.442466950149999775e+03 2.306554200819999900e-01
3.443596774189999906e+03 2.292306335479999957e-01
3.444726598239999930e+03 2.278614129969999957e-01
3.445856422289999955e+03 2.267701044809999900e-01
3.446986246330000085e+03 2.193172019000000084e-01
3.448116070380000110e+03 2.160787778300000128e-01
3.449245894430000135e+03 2.149145000290000052e-01
3.450375718480000160e+03 2.186506239179999977e-01
3.451505542519999835e+03 2.160511506689999917e-01
3.452635366569999860e+03 2.134535862289999864e-01
3.453765190619999885e+03 2.110474297890000128e-01
3.454895014660000015e+03 2.077477756009999954e-01
3.456024838710000040e+03 2.110284630320000132e-01
3.457154662760000065e+03 2.144818139590000117e-01
3.458284486800000195e+03 2.138533497600000055e-01
3.459414310850000220e+03 2.177231258650000056e-01
3.460544134899999790e+03 2.151659509680000082e-01
3.461673958939999920e+03 2.079953947919999935e-01
3.462803782989999945e+03 2.174187959589999886e-01
3.463933607039999970e+03 2.117954476480000126e-01
3.465063431089999995e+03 2.145001140120000038e-01
3.466193255130000125e+03 2.182813001760000038e-01
3.467323079180000150e+03 2.082513011609999909e-01
3.468452903230000175e+03 2.111401687739999922e-01
3.469582727269999850e+03 2.145038265449999981e-01
3.470712551319999875e+03 2.171194784630000041e-01
3.471842375369999900e+03 2.230341512319999886e-01
3.472972199410000030e+03 2.279040440000000001e-01
3.474102023460000055e+03 2.263189767209999870e-01
3.475231847510000080e+03 2.280167292080000074e-01
3.476361671550000210e+03 2.287187277069999969e-01
3.477491495599999780e+03 2.258721689740000038e-01
3.478621319649999805e+03 2.261018086450000131e-01
3.479751143699999830e+03 2.267164489379999981e-01
3.480880967739999960e+03 2.276670389029999964e-01
3.482010791789999985e+03 2.322020233669999933e-01
3.483140615840000009e+03 2.276488691790000130e-01
3.484270439880000140e+03 2.226196835779999939e-01
3.485400263930000165e+03 2.192744375310000104e-01
3.486530087980000189e+03 2.148508523869999964e-01
3.487659912019999865e+03 2.162862511549999978e-01
3.488789736069999890e+03 2.261367285039999897e-01
3.489919560119999915e+03 2.355537703579999864e-01
3.491049384160000045e+03 2.322136024750000027e-01
3.492179208210000070e+03 2.402830940060000087e-01
3.493309032260000095e+03 2.437399815480000009e-01
3.494438856300000225e+03 2.369587009380000053e-01
3.495568680349999795e+03 2.287232719060000030e-01
3.496698504399999820e+03 2.223386527329999918e-01
3.497828328449999844e+03 2.141693917299999916e-01
3.498958152489999975e+03 2.117266356070000022e-01
3.500087976540000000e+03 2.202961152490000019e-01
3.501217800590000024e+03 2.272055785809999895e-01
3.502347624630000155e+03 2.301573956250000108e-01
3.503477448680000180e+03 2.300323896950000058e-01
3.504607272730000204e+03 2.260153639999999964e-01
3.505737096769999880e+03 2.218998332259999873e-01
3.506866920819999905e+03 2.188304212899999934e-01
3.507996744869999930e+03 2.199211580119999898e-01
3.509126568910000060e+03 2.216815239059999887e-01
3.510256392960000085e+03 2.239619643109999891e-01
3.511386217010000109e+03 2.275353727270000015e-01
3.512516041060000134e+03 2.265166949440000077e-01
3.513645865099999810e+03 2.287601731729999865e-01
3.514775689149999835e+03 2.282593606509999984e-01
3.515905513199999859e+03 2.220621330560000051e-01
3.517035337239999990e+03 2.219315720820000115e-01
3.518165161290000015e+03 2.216059772900000058e-01
3.519294985340000039e+03 2.202441359940000010e-01
3.520424809380000170e+03 2.262514527389999919e-01
3.521554633430000194e+03 2.329657998240000083e-01
3.522684457480000219e+03 2.376529464519999968e-01
3.523814281519999895e+03 2.404208846329999871e-01
3.524944105569999920e+03 2.378567901579999866e-01
3.526073929619999944e+03 2.394589103870000124e-01
3.527203753669999969e+03 2.380867612789999976e-01
3.528333577710000100e+03 2.434083097649999972e-01
3.529463401760000124e+03 2.402267320940000006e-01
3.530593225810000149e+03 2.413348254840000096e-01
3.531723049849999825e+03 2.347215958709999994e-01
3.532852873899999850e+03 2.276017820410000114e-01
3.533982697949999874e+03 2.227478809379999924e-01
3.535112521990000005e+03 2.223976107510000078e-01
3.536242346040000029e+03 2.237855967859999906e-01
3.537372170090000054e+03 2.280252206280000138e-01
3.538501994130000185e+03 2.304888761639999895e-01
3.539631818180000209e+03 2.310049563640000081e-01
3.540761642229999779e+03 2.248023031789999904e-01
3.541891466279999804e+03 2.176842661289999925e-01
3.543021290319999935e+03 2.207917521290000129e-01
3.544151114369999959e+03 2.247927558009999993e-01
3.545280938419999984e+03 2.271134959530000108e-01
3.546410762460000115e+03 2.285794468269999880e-01
3.547540586510000139e+03 2.250356917540000112e-01
3.548670410560000164e+03 2.269605489150000044e-01
3.549800234599999840e+03 2.232984675190000101e-01
3.550930058649999864e+03 2.227258853079999990e-01
3.552059882699999889e+03 2.326762665809999908e-01
3.553189706740000020e+03 2.332917801409999936e-01
3.554319530790000044e+03 2.358003699940000031e-01
3.555449354840000069e+03 2.408180618709999943e-01
3.556579178890000094e+03 2.378137063340000079e-01
3.557709002930000224e+03 2.286912616250000030e-01
3.558838826979999794e+03 2.272685813260000021e-01
3.559968651029999819e+03 2.253378115249999869e-01
3.561098475069999949e+03 2.234500606800000067e-01
3.562228299119999974e+03 2.209044701760000118e-01
3.563358123169999999e+03 2.195701159060000074e-01
3.564487947210000129e+03 2.179009406280000005e-01
3.565617771260000154e+03 2.197414417359999927e-01
3.566747595310000179e+03 2.247432380059999901e-01
3.567877419349999855e+03 2.318801509679999928e-01
3.569007243399999879e+03 2.349679704050000040e-01
3.570137067449999904e+03 2.312663156360000027e-01
3.571266891499999929e+03 2.331948685749999917e-01
3.572396715540000059e+03 2.335409626509999947e-01
3.573526539590000084e+03 2.360528637540000030e-01
3.574656363640000109e+03 2.383211410909999994e-01
3.575786187679999784e+03 2.365837020060000129e-01
3.576916011729999809e+03 2.325330253139999970e-01
3.578045835779999834e+03 2.304576633959999898e-01
3.579175659819999964e+03 2.291774686220000024e-01
3.580305483869999989e+03 2.264908798059999950e-01
3.581435307920000014e+03 2.348479045280000010e-01
3.582565131960000144e+03 2.378783021060000002e-01
3.583694956010000169e+03 2.327081051959999924e-01
3.584824780060000194e+03 2.280106168619999985e-01
3.585954604110000218e+03 2.233768721409999936e-01
3.587084428149999894e+03 2.154572477360000016e-01
3.588214252199999919e+03 2.140389425339999929e-01
3.589344076249999944e+03 2.171977280880000027e-01
3.590473900290000074e+03 2.196803103230000054e-01
3.591603724340000099e+03 2.315201878890000009e-01
3.592733548390000124e+03 2.337683601290000135e-01
3.593863372429999799e+03 2.312069580120000023e-01
3.594993196479999824e+03 2.326189109560000134e-01
3.596123020529999849e+03 2.344526373609999992e-01
3.597252844569999979e+03 2.349949848910000139e-01
3.598382668620000004e+03 2.406286081110000086e-01
3.599512492670000029e+03 2.478670237070000060e-01
3.600642316720000053e+03 2.445927288089999874e-01
3.601772140760000184e+03 2.468808218180000014e-01
3.602901964810000209e+03 2.438730940590000118e-01
3.604031788859999779e+03 2.402474816890000087e-01
3.605161612899999909e+03 2.341834392259999897e-01
3.606291436949999934e+03 2.277965214190000032e-01
3.607421260999999959e+03 2.185744909089999966e-01
3.608551085040000089e+03 2.252474485869999932e-01
3.609680909090000114e+03 2.279484925449999921e-01
3.610810733140000139e+03 2.315603932789999930e-01
3.611940557179999814e+03 2.362999149789999920e-01
3.613070381229999839e+03 2.354670289149999873e-01
3.614200205279999864e+03 2.335983971089999889e-01
3.615330029329999888e+03 2.304836361170000125e-01
3.616459853370000019e+03 2.270185347739999970e-01
3.617589677420000044e+03 2.280031988389999986e-01
3.618719501470000068e+03 2.252968799120000087e-01
3.619849325510000199e+03 2.252979280119999927e-01
3.620979149560000224e+03 2.322019348040000042e-01
3.622108973609999794e+03 2.366315975949999928e-01
3.623238797649999924e+03 2.405999616539999941e-01
3.624368621699999949e+03 2.440235225219999915e-01
3.625498445749999973e+03 2.435923688449999902e-01
3.626628269790000104e+03 2.407083938650000088e-01
3.627758093840000129e+03 2.358926185980000090e-01
3.628887917890000153e+03 2.288709903230000120e-01
3.630017741940000178e+03 2.270903787100000126e-01
3.631147565979999854e+03 2.302004899350000022e-01
3.632277390029999879e+03 2.322919035480000005e-01
3.633407214079999903e+03 2.361614981940000080e-01
3.634537038120000034e+03 2.343113565809999965e-01
3.635666862170000059e+03 2.348392795889999995e-01
3.636796686220000083e+03 2.394714882110000054e-01
3.637926510260000214e+03 2.457219647739999902e-01
3.639056334309999784e+03 2.519196262819999865e-01
3.640186158359999808e+03 2.563981809850000015e-01
3.641315982399999939e+03 2.519822530210000244e-01
3.642445806449999964e+03 2.415987663230000082e-01
3.643575630499999988e+03 2.414703642819999996e-01
3.644705454550000013e+03 2.402583785450000120e-01
3.645835278590000144e+03 2.367493587210000028e-01
3.646965102640000168e+03 2.380628625220000127e-01
3.648094926690000193e+03 2.350678448740000093e-01
3.649224750729999869e+03 2.357720390149999901e-01
3.650354574779999894e+03 2.413808591499999878e-01
3.651484398829999918e+03 2.456714356130000054e-01
3.652614222870000049e+03 2.499321289149999958e-01
3.653744046920000073e+03 2.486514940410000096e-01
3.654873870970000098e+03 2.466868791609999889e-01
3.656003695009999774e+03 2.368233771140000055e-01
3.657133519059999799e+03 2.333796348390000108e-01
3.658263343109999823e+03 2.309008043399999877e-01
3.659393167159999848e+03 2.305908190790000034e-01
3.660522991199999979e+03 2.351190624160000020e-01
3.661652815250000003e+03 2.365782838770000007e-01
3.662782639300000028e+03 2.357593684339999995e-01
3.663912463340000158e+03 2.372403384750000066e-01
3.665042287390000183e+03 2.368141503810000104e-01
3.666172111440000208e+03 2.365848362109999881e-01
3.667301935479999884e+03 2.420079261939999948e-01
3.668431759529999908e+03 2.451187070439999893e-01
3.669561583579999933e+03 2.440394892670000038e-01
3.670691407620000064e+03 2.418392300470000034e-01
3.671821231670000088e+03 2.356011737479999923e-01
3.672951055720000113e+03 2.356512290560000000e-01
3.674080879770000138e+03 2.301458221580000019e-01
3.675210703809999814e+03 2.308582102049999973e-01
3.676340527859999838e+03 2.344324669329999888e-01
3.677470351909999863e+03 2.329885105220000086e-01
3.678600175949999993e+03 2.341750264520000013e-01
3.679730000000000018e+03 2.374234319999999898e-01
3.680859824050000043e+03 2.337346293260000041e-01
3.681989648090000173e+03 2.353463791850000097e-01
3.683119472140000198e+03 2.384122978890000077e-01
3.684249296190000223e+03 2.402446519770000122e-01
3.685379120229999899e+03 2.468909994840000066e-01
3.686508944279999923e+03 2.513272041060000128e-01
3.687638768329999948e+03 2.500191736190000014e-01
3.688768592379999973e+03 2.435036650559999905e-01
3.689898416420000103e+03 2.428489145449999886e-01
3.691028240470000128e+03 2.396160120999999976e-01
3.692158064520000153e+03 2.371967787100000002e-01
3.693287888559999828e+03 2.409612167980000053e-01
3.694417712609999853e+03 2.439218250209999883e-01
3.695547536659999878e+03 2.422719757600000079e-01
3.696677360700000008e+03 2.407907009739999882e-01
3.697807184750000033e+03 2.421742673900000031e-01
3.698937008800000058e+03 2.402639406690000035e-01
3.700066832840000188e+03 2.428275973840000046e-01
3.701196656890000213e+03 2.421601686919999941e-01
3.702326480939999783e+03 2.413856865279999930e-01
3.703456304989999808e+03 2.391119116129999944e-01
3.704586129029999938e+03 2.327012245160000048e-01
3.705715953079999963e+03 2.283610046569999885e-01
3.706845777129999988e+03 2.318937364989999972e-01
3.707975601170000118e+03 2.342822532080000020e-01
3.709105425220000143e+03 2.343272166860000116e-01
3.710235249270000168e+03 2.338448126800000137e-01
3.711365073309999843e+03 2.299197208859999897e-01
3.712494897359999868e+03 2.338270982869999903e-01
3.713624721409999893e+03 2.428277740819999864e-01
3.714754545450000023e+03 2.464963163639999899e-01
3.715884369500000048e+03 2.533370489030000172e-01
3.717014193550000073e+03 2.489216638710000096e-01
3.718144017600000097e+03 2.371923473779999902e-01
3.719273841639999773e+03 2.313079114490000088e-01
3.720403665689999798e+03 2.308218489739999879e-01
3.721533489739999823e+03 2.312050872729999873e-01
3.722663313779999953e+03 2.308159145039999915e-01
3.723793137829999978e+03 2.320736754599999896e-01
3.724922961880000003e+03 2.351218299770000131e-01
3.726052785920000133e+03 2.248146933140000026e-01
3.727182609970000158e+03 2.243449604809999998e-01
3.728312434020000182e+03 2.247325905449999994e-01
3.729442258059999858e+03 2.283897287739999893e-01
3.730572082109999883e+03 2.351235004339999879e-01
3.731701906159999908e+03 2.435418873309999899e-01
3.732831730209999932e+03 2.556442049150000062e-01
3.733961554250000063e+03 2.570013353200000239e-01
3.735091378300000088e+03 2.572896565630000132e-01
3.736221202350000112e+03 2.660062095599999843e-01
3.737351026389999788e+03 2.614949858649999737e-01
3.738480850439999813e+03 2.524793709739999725e-01
3.739610674489999838e+03 2.501599600819999769e-01
3.740740498529999968e+03 2.457864775889999909e-01
3.741870322579999993e+03 2.392659596130000121e-01
3.743000146630000017e+03 2.399008074189999951e-01
3.744129970670000148e+03 2.427552964689999870e-01
3.745259794720000173e+03 2.458548060469999963e-01
3.746389618770000197e+03 2.457989655479999869e-01
3.747519442820000222e+03 2.470518441469999882e-01
3.748649266859999898e+03 2.512442784159999998e-01
3.749779090909999923e+03 2.502708299999999997e-01
3.750908914959999947e+03 2.470094195189999897e-01
3.752038739000000078e+03 2.481295462820000131e-01
3.753168563050000103e+03 2.460472332320000066e-01
3.754298387100000127e+03 2.461388580649999935e-01
3.755428211139999803e+03 2.541555978419999806e-01
3.756558035189999828e+03 2.587907969330000002e-01
3.757687859239999852e+03 2.625793055480000193e-01
3.758817683279999983e+03 2.602047288500000111e-01
3.759947507330000008e+03 2.587561809969999849e-01
3.761077331380000032e+03 2.543833879819999977e-01
3.762207155430000057e+03 2.441692629789999902e-01
3.763336979470000188e+03 2.386074187680000125e-01
3.764466803520000212e+03 2.354017068500000032e-01
3.765596627569999782e+03 2.299034202930000104e-01
3.766726451609999913e+03 2.309161953549999924e-01
3.767856275659999937e+03 2.348406831669999917e-01
3.768986099709999962e+03 2.424263973369999992e-01
3.770115923750000093e+03 2.384715329269999906e-01
3.771245747800000117e+03 2.373412229909999949e-01
3.772375571850000142e+03 2.408501787270000138e-01
3.773505395889999818e+03 2.393923772550000106e-01
3.774635219939999843e+03 2.420020309560000082e-01
3.775765043989999867e+03 2.461593384870000012e-01
3.776894868039999892e+03 2.455986122580000042e-01
3.778024692080000023e+03 2.507016886219999852e-01
3.779154516130000047e+03 2.474497074189999923e-01
3.780284340180000072e+03 2.539917167740000092e-01
3.781414164220000202e+03 2.552970865690000202e-01
3.782543988270000227e+03 2.483166004110000102e-01
3.783673812319999797e+03 2.457364139880000020e-01
3.784803636359999928e+03 2.440335160000000059e-01
3.785933460409999952e+03 2.369238868209999904e-01
3.787063284459999977e+03 2.432641067450000139e-01
3.788193108500000108e+03 2.464473852490000061e-01
3.789322932550000132e+03 2.502868226039999811e-01
3.790452756600000157e+03 2.540724733079999798e-01
3.791582580650000182e+03 2.535770045160000152e-01
3.792712404689999858e+03 2.518769772080000080e-01
3.793842228739999882e+03 2.531838100289999782e-01
3.794972052789999907e+03 2.503141535189999933e-01
3.796101876830000037e+03 2.455491225449999981e-01
3.797231700880000062e+03 2.454139766510000098e-01
3.798361524930000087e+03 2.423735108969999885e-01
3.799491348970000217e+03 2.465691036069999897e-01
3.800621173019999787e+03 2.557423609849999724e-01
3.801750997069999812e+03 2.568249338590000153e-01
3.802880821109999943e+03 2.601470107680000088e-01
3.804010645159999967e+03 2.587891421290000049e-01
3.805140469209999992e+03 2.510740885039999815e-01
3.806270293260000017e+03 2.500605411030000225e-01
3.807400117300000147e+03 2.504881671090000150e-01
3.808529941350000172e+03 2.478124175889999947e-01
3.809659765400000197e+03 2.457151025450000081e-01
3.810789589439999872e+03 2.394330248390000027e-01
3.811919413489999897e+03 2.379505522460000078e-01
3.813049237539999922e+03 2.419414234839999955e-01
3.814179061580000052e+03 2.522573642820000184e-01
3.815308885630000077e+03 2.621632461699999750e-01
3.816438709680000102e+03 2.716315606449999920e-01
3.817568533719999778e+03 2.752385390850000113e-01
3.818698357769999802e+03 2.726848669909999745e-01
3.819828181819999827e+03 2.728390987270000179e-01
3.820958005869999852e+03 2.687247900409999724e-01
3.822087829909999982e+03 2.673124743399999947e-01
3.823217653960000007e+03 2.648942182760000152e-01
3.824347478010000032e+03 2.558527898360000163e-01
3.825477302050000162e+03 2.563157523399999804e-01
3.826607126100000187e+03 2.514449012900000224e-01
3.827736950150000212e+03 2.467749136659999898e-01
3.828866774189999887e+03 2.457510624520000131e-01
3.829996598239999912e+03 2.474496205750000011e-01
3.831126422289999937e+03 2.448957342520000080e-01
3.832256246330000067e+03 2.503377629210000177e-01
3.833386070380000092e+03 2.571015904110000028e-01
3.834515894430000117e+03 2.612997180530000074e-01
3.835645718480000141e+03 2.599101286630000063e-01
3.836775542519999817e+03 2.531102362700000108e-01
3.837905366569999842e+03 2.498034197540000001e-01
3.839035190619999867e+03 2.461068478010000060e-01
3.840165014659999997e+03 2.494599640700000120e-01
3.841294838710000022e+03 2.530717460649999917e-01
3.842424662760000047e+03 2.573253756189999852e-01
3.843554486800000177e+03 2.513239867209999812e-01
3.844684310850000202e+03 2.442598068909999920e-01
3.845814134900000226e+03 2.488463295249999929e-01
3.846943958939999902e+03 2.471631833019999891e-01
3.848073782989999927e+03 2.506031568559999867e-01
3.849203607039999952e+03 2.596504030439999999e-01
3.850333431089999976e+03 2.568148316719999769e-01
3.851463255130000107e+03 2.572275080940000236e-01
3.852593079180000132e+03 2.594606642460000057e-01
3.853722903230000156e+03 2.616596819349999992e-01
3.854852727269999832e+03 2.578872483640000102e-01
3.855982551319999857e+03 2.598658797360000050e-01
3.857112375369999882e+03 2.588299078479999737e-01
3.858242199410000012e+03 2.600885352260000061e-01
3.859372023460000037e+03 2.600101986039999868e-01
3.860501847510000061e+03 2.611933224519999985e-01
3.861631671550000192e+03 2.583456108500000181e-01
3.862761495600000217e+03 2.511857602290000213e-01
3.863891319649999787e+03 2.491805040229999879e-01
3.865021143699999811e+03 2.489898374189999930e-01
3.866150967739999942e+03 2.491492521289999929e-01
3.867280791789999967e+03 2.519850984459999776e-01
3.868410615839999991e+03 2.521595297600000007e-01
3.869540439880000122e+03 2.559391362460000097e-01
3.870670263930000147e+03 2.584531164689999883e-01
3.871800087980000171e+03 2.595247645400000081e-01
3.872929912019999847e+03 2.606395453959999831e-01
3.874059736069999872e+03 2.626836906450000231e-01
3.875189560119999896e+03 2.568627857949999926e-01
3.876319384160000027e+03 2.580992336360000139e-01
3.877449208210000052e+03 2.628555589789999813e-01
3.878579032260000076e+03 2.607855964520000014e-01
3.879708856300000207e+03 2.549042970209999814e-01
3.880838680349999777e+03 2.523822852729999955e-01
3.881968504399999802e+03 2.504689054190000208e-01
3.883098328449999826e+03 2.483498039350000020e-01
3.884228152489999957e+03 2.494650538419999897e-01
3.885357976539999981e+03 2.576730939770000006e-01
3.886487800590000006e+03 2.593853855839999833e-01
3.887617624630000137e+03 2.655667181879999839e-01
3.888747448680000161e+03 2.659622203170000088e-01
3.889877272730000186e+03 2.638676936359999892e-01
3.891007096769999862e+03 2.660898147099999833e-01
3.892136920819999887e+03 2.630205368860000226e-01
3.893266744869999911e+03 2.573850521880000075e-01
3.894396568910000042e+03 2.632530659000000273e-01
3.895526392960000067e+03 2.607766297949999923e-01
3.896656217010000091e+03 2.628506130500000149e-01
3.897786041060000116e+03 2.696075496309999764e-01
3.898915865099999792e+03 2.699636678299999759e-01
3.900045689149999816e+03 2.689849359300000020e-01
3.901175513199999841e+03 2.679898795890000018e-01
3.902305337239999972e+03 2.601669348039999941e-01
3.903435161289999996e+03 2.609957427099999783e-01
3.904564985340000021e+03 2.578030796720000017e-01
3.905694809380000152e+03 2.551467671500000090e-01
3.906824633430000176e+03 2.631488757179999971e-01
3.907954457480000201e+03 2.665062429030000124e-01
3.909084281519999877e+03 2.642505004460000140e-01
3.910214105569999901e+03 2.633773731669999951e-01
3.911343929619999926e+03 2.640982636950000018e-01
3.912473753669999951e+03 2.630668857180000209e-01
3.913603577710000081e+03 2.639857482819999990e-01
3.914733401760000106e+03 2.670746277180000017e-01
3.915863225810000131e+03 2.604774616769999773e-01
3.916993049849999807e+03 2.628733157650000041e-01
3.918122873899999831e+03 2.619438018179999772e-01
3.919252697949999856e+03 2.639283483400000074e-01
3.920382521989999987e+03 2.662329306510000104e-01
3.921512346040000011e+03 2.647871506980000178e-01
3.922642170090000036e+03 2.560146203049999958e-01
3.923771994130000166e+03 2.554206984749999854e-01
3.924901818180000191e+03 2.540591727270000155e-01
3.926031642230000216e+03 2.591376274080000042e-01
3.927161466279999786e+03 2.658620953670000064e-01
3.928291290319999916e+03 2.644884821290000021e-01
3.929421114369999941e+03 2.623834785340000142e-01
3.930550938419999966e+03 2.622433908149999771e-01
3.931680762460000096e+03 2.624613443989999850e-01
3.932810586510000121e+03 2.603193077889999762e-01
3.933940410560000146e+03 2.664401961880000225e-01
3.935070234599999822e+03 2.707031022870000081e-01
3.936200058649999846e+03 2.658258960820000238e-01
3.937329882699999871e+03 2.660143390970000077e-01
3.938459706740000001e+03 2.646378117539999741e-01
3.939589530790000026e+03 2.612639294490000097e-01
3.940719354840000051e+03 2.651663245159999738e-01
3.941849178890000076e+03 2.675777236770000012e-01
3.942979002930000206e+03 2.758277983579999759e-01
3.944108826979999776e+03 2.771942522399999942e-01
3.945238651029999801e+03 2.733844418890000183e-01
3.946368475069999931e+03 2.706615506450000264e-01
3.947498299119999956e+03 2.633893635780000242e-01
3.948628123169999981e+03 2.591586536769999727e-01
3.949757947210000111e+03 2.598851002929999932e-01
3.950887771260000136e+03 2.573824424050000226e-01
3.952017595310000161e+03 2.574685539000000079e-01
3.953147419349999836e+03 2.590658774190000013e-01
3.954277243399999861e+03 2.624225041520000246e-01
3.955407067449999886e+03 2.668415844459999797e-01
3.956536891499999911e+03 2.672183830500000079e-01
3.957666715540000041e+03 2.653408254840000091e-01
3.958796539590000066e+03 2.675737203990000146e-01
3.959926363640000091e+03 2.660004801820000098e-01
3.961056187680000221e+03 2.659538763750000090e-01
3.962186011729999791e+03 2.642505203869999764e-01
3.963315835779999816e+03 2.643107089739999971e-01
3.964445659819999946e+03 2.655163767040000233e-01
3.965575483869999971e+03 2.703292796130000175e-01
3.966705307919999996e+03 2.757213099299999914e-01
3.967835131960000126e+03 2.784544170789999828e-01
3.968964956010000151e+03 2.804167334600000117e-01
3.970094780060000176e+03 2.766109797419999961e-01
3.971224604110000200e+03 2.736611246569999878e-01
3.972354428149999876e+03 2.716323087160000260e-01
3.973484252199999901e+03 2.693218914900000205e-01
3.974614076249999925e+03 2.691454390029999755e-01
3.975743900290000056e+03 2.656953431549999856e-01
3.976873724340000081e+03 2.579681572899999997e-01
3.978003548390000105e+03 2.564019296769999845e-01
3.979133372429999781e+03 2.537199535479999768e-01
3.980263196479999806e+03 2.551144537239999899e-01
3.981393020529999831e+03 2.629717329499999812e-01
3.982522844569999961e+03 2.684829307270000243e-01
3.983652668619999986e+03 2.763761660649999841e-01
3.984782492670000011e+03 2.812933604869999882e-01
3.985912316720000035e+03 2.850765741940000098e-01
3.987042140760000166e+03 2.836723280530000224e-01
3.988171964810000190e+03 2.776632961989999870e-01
3.989301788860000215e+03 2.710995519709999968e-01
3.990431612899999891e+03 2.692876027100000180e-01
3.991561436949999916e+03 2.659461570969999800e-01
3.992691260999999940e+03 2.632342150970000128e-01
3.993821085040000071e+03 2.631159379060000192e-01
3.994950909090000096e+03 2.626371618180000089e-01
3.996080733140000120e+03 2.647184977179999898e-01
3.997210557179999796e+03 2.731883217600000191e-01
3.998340381229999821e+03 2.824288848040000244e-01
3.999470205279999846e+03 2.853123355430000063e-01
4.000600029329999870e+03 2.861014138529999751e-01
4.001729853370000001e+03 2.852175645750000266e-01
4.002859677420000025e+03 2.762831038710000242e-01
4.003989501470000050e+03 2.725115824050000080e-01
4.005119325510000181e+03 2.662982036770000227e-01
4.006249149560000205e+03 2.631981105569999868e-01
4.007378973609999775e+03 2.562367859179999763e-01
4.008508797649999906e+03 2.437038740759999988e-01
4.009638621699999931e+03 2.383311105810000108e-01
4.010768445749999955e+03 1.933177550350000107e-01
4.011898269790000086e+03 1.387522474550000051e-01
4.013028093840000111e+03 8.856632969489999785e-02
4.014157917890000135e+03 3.329962623319999981e-02
4.015287741940000160e+03 3.695810783870000053e-03
4.016417565979999836e+03 8.415639435600000230e-04
4.017547390029999860e+03 4.820554226859999759e-04
4.018677214079999885e+03 3.218034471960000203e-04
4.019807038120000016e+03 2.307758229329999954e-04
4.020936862170000040e+03 1.732327250120000047e-04
4.022066686220000065e+03 1.152224646859999950e-04
4.023196510260000196e+03 7.105083999299999459e-05
4.024326334310000220e+03 3.790093871729999757e-05
4.025456158359999790e+03 1.131278935580000055e-05
4.026585982399999921e+03 2.347891711850000000e-07
4.027715806449999945e+03 1.629425993230000067e-07
4.028845630499999970e+03 9.648063909680000011e-08
4.029975454549999995e+03 4.096261599999999763e-08
4.031105278590000125e+03 2.891228005869999966e-08
4.032235102640000150e+03 1.762816239000000140e-08
4.033364926690000175e+03 6.344044721409999954e-09
4.034494750729999851e+03 0.000000000000000000e+00
4.035624574779999875e+03 0.000000000000000000e+00
4.036754398829999900e+03 0.000000000000000000e+00
4.037884222870000031e+03 0.000000000000000000e+00
4.039014046920000055e+03 0.000000000000000000e+00
4.040143870970000080e+03 0.000000000000000000e+00
4.041273695010000210e+03 0.000000000000000000e+00
4.042403519059999780e+03 0.000000000000000000e+00
4.043533343109999805e+03 0.000000000000000000e+00
4.044663167159999830e+03 0.000000000000000000e+00
4.045792991199999960e+03 0.000000000000000000e+00
4.046922815249999985e+03 0.000000000000000000e+00
4.048052639300000010e+03 0.000000000000000000e+00
4.049182463340000140e+03 0.000000000000000000e+00
4.050312287390000165e+03 0.000000000000000000e+00
4.051442111440000190e+03 0.000000000000000000e+00
4.052571935479999865e+03 0.000000000000000000e+00
4.053701759529999890e+03 0.000000000000000000e+00
4.054831583579999915e+03 0.000000000000000000e+00
4.055961407620000045e+03 0.000000000000000000e+00
4.057091231670000070e+03 0.000000000000000000e+00
4.058221055720000095e+03 0.000000000000000000e+00
4.059350879770000120e+03 0.000000000000000000e+00
4.060480703809999795e+03 0.000000000000000000e+00
4.061610527859999820e+03 0.000000000000000000e+00
4.062740351909999845e+03 0.000000000000000000e+00
4.063870175949999975e+03 0.000000000000000000e+00
4.065000000000000000e+03 0.000000000000000000e+00
