# Wavelength (Angstroms)      Variance
2.919019999999999982e+03 3.088568999999999898e-01
2.920628875859999880e+03 2.941415556440000190e-01
2.922237751709999884e+03 2.854131604069999883e-01
2.923846627569999782e+03 2.843424456299999958e-01
2.925455503419999786e+03 2.862753035780000177e-01
2.927064379280000139e+03 2.881669564420000218e-01
2.928673255130000143e+03 2.896744256420000219e-01
2.930282130990000041e+03 2.868115374579999766e-01
2.931891006840000045e+03 2.863531108349999799e-01
2.933499882699999944e+03 2.860377670729999933e-01
2.935108758549999948e+03 2.878220265299999969e-01
2.936717634409999846e+03 2.897833966880000167e-01
2.938326510259999850e+03 2.918371697709999935e-01
2.939935386120000203e+03 2.946243265219999907e-01
2.941544261970000207e+03 2.964783463890000026e-01
2.943153137830000105e+03 2.974230969500000210e-01
2.944762013690000003e+03 2.955678177559999953e-01
2.946370889540000007e+03 2.929846029290000264e-01
2.947979765399999906e+03 2.919857038009999739e-01
2.949588641249999910e+03 2.934582542829999863e-01
2.951197517109999808e+03 2.948474724340000019e-01
2.952806392959999812e+03 2.963259948620000084e-01
2.954415268820000165e+03 2.963527030109999738e-01
2.956024144670000169e+03 2.969696271669999832e-01
2.957633020530000067e+03 2.951230351790000150e-01
2.959241896380000071e+03 2.946132319840000235e-01
2.960850772239999969e+03 2.952422119220000085e-01
2.962459648089999973e+03 2.973133921760000020e-01
2.964068523949999872e+03 2.986465323090000124e-01
2.965677399799999876e+03 2.971850520159999842e-01
2.967286275659999774e+03 2.989445360119999950e-01
2.968895151520000127e+03 2.992052808480000214e-01
2.970504027370000131e+03 3.023698980719999874e-01
2.972112903230000029e+03 3.011688096769999934e-01
2.973721779080000033e+03 3.023142652629999816e-01
2.975330654939999931e+03 3.027943061389999913e-01
2.976939530789999935e+03 3.034087597540000014e-01
2.978548406649999833e+03 3.031400336419999841e-01
2.980157282499999837e+03 3.041243462370000206e-01
2.981766158360000190e+03 3.027318638590000277e-01
2.983375034210000194e+03 3.043059032839999789e-01
2.984983910070000093e+03 3.050334364069999804e-01
2.986592785920000097e+03 3.083116494779999939e-01
2.988201661779999995e+03 3.082830312959999874e-01
2.989810537629999999e+03 3.082443940649999825e-01
2.991419413489999897e+03 3.062889104989999778e-01
2.993028289349999795e+03 3.065325790460000088e-01
2.994637165199999799e+03 3.066441155429999732e-01
2.996246041060000152e+03 3.082003643049999742e-01
2.997854916910000156e+03 3.159278193669999846e-01
2.999463792770000055e+03 3.135082182989999966e-01
3.001072668620000059e+03 3.113092945920000187e-01
3.002681544479999957e+03 2.997614773330000149e-01
3.004290420329999961e+03 3.005268735480000064e-01
3.005899296189999859e+03 2.987943327040000208e-01
3.007508172039999863e+03 3.005013071400000069e-01
3.009117047900000216e+03 2.983148085710000119e-01
3.010725923750000220e+03 2.989969507799999926e-01
3.012334799610000118e+03 2.986986963050000110e-01
3.013943675460000122e+03 3.019484939350000063e-01
3.015552551320000020e+03 3.040380064400000082e-01
3.017161427170000024e+03 3.049338059980000182e-01
3.018770303029999923e+03 3.052389632729999858e-01
3.020379178889999821e+03 3.062868216419999956e-01
3.021988054739999825e+03 3.072507256970000156e-01
3.023596930600000178e+03 3.067353942130000011e-01
3.025205806450000182e+03 3.062645541940000049e-01
3.026814682310000080e+03 3.051214614700000216e-01
3.028423558160000084e+03 3.054246137439999842e-01
3.030032434019999982e+03 3.066860607620000012e-01
3.031641309869999986e+03 3.084084171179999889e-01
3.033250185729999885e+03 3.073282804690000147e-01
3.034859061579999889e+03 3.063682438359999760e-01
3.036467937439999787e+03 3.056727986509999995e-01
3.038076813289999791e+03 3.081758692550000123e-01
3.039685689150000144e+03 3.087846057950000001e-01
3.041294565000000148e+03 3.099517015480000026e-01
3.042903440860000046e+03 3.107285516559999961e-01
3.044512316719999944e+03 3.109390194719999778e-01
3.046121192569999948e+03 3.116364248210000132e-01
3.047730068429999847e+03 3.119805096889999851e-01
3.049338944279999851e+03 3.131211589910000148e-01
3.050947820140000204e+03 3.126057514999999731e-01
3.052556695990000208e+03 3.118858515740000059e-01
3.054165571850000106e+03 3.107835482699999874e-01
3.055774447700000110e+03 3.108153786239999938e-01
3.057383323560000008e+03 3.113547669719999855e-01
3.058992199410000012e+03 3.113949152609999937e-01
3.060601075269999910e+03 3.129679419349999936e-01
3.062209951119999914e+03 3.126871862439999927e-01
3.063818826979999812e+03 3.140394798480000138e-01
3.065427702829999816e+03 3.125972385419999999e-01
3.067036578690000169e+03 3.113516347799999973e-01
3.068645454550000068e+03 3.109077727269999869e-01
3.070254330400000072e+03 3.106227111629999982e-01
3.071863206259999970e+03 3.119160631399999772e-01
3.073472082109999974e+03 3.138906689850000098e-01
3.075080957969999872e+03 3.163322864870000140e-01
3.076689833819999876e+03 3.170050647700000113e-01
3.078298709679999774e+03 3.160607064520000176e-01
3.079907585529999778e+03 3.159592540369999814e-01
3.081516461390000131e+03 3.164818730360000054e-01
3.083125337240000135e+03 3.181147836600000112e-01
3.084734213100000034e+03 3.186730952099999792e-01
3.086343088950000038e+03 3.195632837929999748e-01
3.087951964809999936e+03 3.192874598359999871e-01
3.089560840659999940e+03 3.197571522739999783e-01
3.091169716519999838e+03 3.215931456150000201e-01
3.092778592380000191e+03 3.235131110850000269e-01
3.094387468230000195e+03 3.237053529580000144e-01
3.095996344090000093e+03 3.225162168169999899e-01
3.097605219940000097e+03 3.222087894189999968e-01
3.099214095799999996e+03 3.247479834559999778e-01
3.100822971649999999e+03 3.271090211339999776e-01
3.102431847509999898e+03 3.277018215479999830e-01
3.104040723359999902e+03 3.272121910190000094e-01
3.105649599219999800e+03 3.261765557460000187e-01
3.107258475069999804e+03 3.272962161519999968e-01
3.108867350930000157e+03 3.263027704590000244e-01
3.110476226780000161e+03 3.266320806649999908e-01
3.112085102640000059e+03 3.264352029559999813e-01
3.113693978490000063e+03 3.277012090749999995e-01
3.115302854349999961e+03 3.275170262870000237e-01
3.116911730209999860e+03 3.266678893839999875e-01
3.118520606059999864e+03 3.248588105449999874e-01
3.120129481920000217e+03 3.255620118909999805e-01
3.121738357770000221e+03 3.264699683869999869e-01
3.123347233630000119e+03 3.286393018139999733e-01
3.124956109480000123e+03 3.295941587680000229e-01
3.126564985340000021e+03 3.296359287980000219e-01
3.128173861190000025e+03 3.303838834060000007e-01
3.129782737049999923e+03 3.293801141109999886e-01
3.131391612899999927e+03 3.301746121290000113e-01
3.133000488759999826e+03 3.293535940369999859e-01
3.134609364609999830e+03 3.306938338689999757e-01
3.136218240470000183e+03 3.316029654780000002e-01
3.137827116320000187e+03 3.322586166370000149e-01
3.139435992180000085e+03 3.332166869720000202e-01
3.141044868039999983e+03 3.337388546630000175e-01
3.142653743889999987e+03 3.347148651140000042e-01
3.144262619749999885e+03 3.341474797890000015e-01
3.145871495599999889e+03 3.339546978769999952e-01
3.147480371459999787e+03 3.354828302050000266e-01
3.149089247309999791e+03 3.349726778489999779e-01
3.150698123170000144e+03 3.354486546739999797e-01
3.152306999020000148e+03 3.360964462720000268e-01
3.153915874880000047e+03 3.376580493329999766e-01
3.155524750730000051e+03 3.392522233670000054e-01
3.157133626589999949e+03 3.389789600779999912e-01
3.158742502439999953e+03 3.386015724109999736e-01
3.160351378299999851e+03 3.388078640469999736e-01
3.161960254149999855e+03 3.383657568680000227e-01
3.163569130010000208e+03 3.381939400630000203e-01
3.165178005870000106e+03 3.363700016419999828e-01
3.166786881720000110e+03 3.359254458490000261e-01
3.168395757580000009e+03 3.368062379389999972e-01
3.170004633430000013e+03 3.386637783579999894e-01
3.171613509289999911e+03 3.389874473510000041e-01
3.173222385139999915e+03 3.394727876640000197e-01
3.174831260999999813e+03 3.392199796250000010e-01
3.176440136849999817e+03 3.384000375210000078e-01
3.178049012710000170e+03 3.381539614699999863e-01
3.179657888560000174e+03 3.390046700880000041e-01
3.181266764420000072e+03 3.404064910649999831e-01
3.182875640270000076e+03 3.409487950339999962e-01
3.184484516129999975e+03 3.392473988390000139e-01
3.186093391979999979e+03 3.406470955070000084e-01
3.187702267839999877e+03 3.422986311399999759e-01
3.189311143699999775e+03 3.447116313199999893e-01
3.190920019549999779e+03 3.458446874760000012e-01
3.192528895410000132e+03 3.448549744589999855e-01
3.194137771260000136e+03 3.449042491379999964e-01
3.195746647120000034e+03 3.441270732749999728e-01
3.197355522970000038e+03 3.446534300290000075e-01
3.198964398829999936e+03 3.452367243519999795e-01
3.200573274679999940e+03 3.454620235070000045e-01
3.202182150539999839e+03 3.441585821939999734e-01
3.203791026389999843e+03 3.442715612550000248e-01
3.205399902250000196e+03 3.455521262369999902e-01
3.207008778100000200e+03 3.481274234760000086e-01
3.208617653960000098e+03 3.475796017239999869e-01
3.210226529810000102e+03 3.468089865139999950e-01
3.211835405670000000e+03 3.485053990029999826e-01
3.213444281520000004e+03 3.497497640469999780e-01
3.215053157379999902e+03 3.492430223970000025e-01
3.216662033239999801e+03 3.490221792770000220e-01
3.218270909089999805e+03 3.500896545450000175e-01
3.219879784950000158e+03 3.534932628820000033e-01
3.221488660800000162e+03 3.551106169700000148e-01
3.223097536660000060e+03 3.549450788860000205e-01
3.224706412510000064e+03 3.543104641170000124e-01
3.226315288369999962e+03 3.522520651530000046e-01
3.227924164219999966e+03 3.501226205160000160e-01
3.229533040079999864e+03 3.505950500289999883e-01
3.231141915929999868e+03 3.506640971139999841e-01
3.232750791790000221e+03 3.516925806100000274e-01
3.234359667640000225e+03 3.505083769780000247e-01
3.235968543500000123e+03 3.513111337170000126e-01
3.237577419350000127e+03 3.514064232260000198e-01
3.239186295210000026e+03 3.513601451569999812e-01
3.240795171069999924e+03 3.509245884850000219e-01
3.242404046919999928e+03 3.490439229210000049e-01
3.244012922779999826e+03 3.488093601169999780e-01
3.245621798629999830e+03 3.502512823069999781e-01
3.247230674490000183e+03 3.535347074490000074e-01
3.248839550340000187e+03 3.552772655870000129e-01
3.250448426200000085e+03 3.533210289029999895e-01
3.252057302050000089e+03 3.520942842700000019e-01
3.253666177909999988e+03 3.504416234020000243e-01
3.255275053759999992e+03 3.510965750110000005e-01
3.256883929619999890e+03 3.519400268860000125e-01
3.258492805469999894e+03 3.533159408600000106e-01
3.260101681329999792e+03 3.545608126959999828e-01
3.261710557179999796e+03 3.544766080349999737e-01
3.263319433040000149e+03 3.540950967820000184e-01
3.264928308900000047e+03 3.519214698179999878e-01
3.266537184750000051e+03 3.511840271200000196e-01
3.268146060609999950e+03 3.510150866669999870e-01
3.269754936459999954e+03 3.528502498730000103e-01
3.271363812319999852e+03 3.536341028269999742e-01
3.272972688169999856e+03 3.557674828390000044e-01
3.274581564030000209e+03 3.554117555390000072e-01
3.276190439880000213e+03 3.571259042109999893e-01
3.277799315740000111e+03 3.571305182799999756e-01
3.279408191590000115e+03 3.578521758009999831e-01
3.281017067450000013e+03 3.566966240000000177e-01
3.282625943300000017e+03 3.540943970359999859e-01
3.284234819159999915e+03 3.528689872060000177e-01
3.285843695009999919e+03 3.522496223459999909e-01
3.287452570869999818e+03 3.560054508659999950e-01
3.289061446730000171e+03 3.587768712100000146e-01
3.290670322580000175e+03 3.617348544519999876e-01
3.292279198440000073e+03 3.598902467449999754e-01
3.293888074290000077e+03 3.580563102050000057e-01
3.295496950149999975e+03 3.560839314020000090e-01
3.297105825999999979e+03 3.565019214119999891e-01
3.298714701859999877e+03 3.526698068779999806e-01
3.300323577709999881e+03 3.500064339469999841e-01
3.301932453569999780e+03 3.474312859040000201e-01
3.303541329419999784e+03 3.505642102129999937e-01
3.305150205280000137e+03 3.509001831549999895e-01
3.306759081130000141e+03 3.513914388700000169e-01
3.308367956990000039e+03 3.482464887739999959e-01
3.309976832840000043e+03 3.488916721409999755e-01
3.311585708699999941e+03 3.500648890170000027e-01
3.313194584559999839e+03 3.530732628150000108e-01
3.314803460409999843e+03 3.515052084340000160e-01
3.316412336270000196e+03 3.487004527740000248e-01
3.318021212120000200e+03 3.503219927269999867e-01
3.319630087980000098e+03 3.496295462049999747e-01
3.321238963830000102e+03 3.497959047659999765e-01
3.322847839690000001e+03 3.476751764420000224e-01
3.324456715540000005e+03 3.473442955780000063e-01
3.326065591399999903e+03 3.480746086020000130e-01
3.327674467249999907e+03 3.436586880349999928e-01
3.329283343109999805e+03 3.408652080469999901e-01
3.330892218959999809e+03 3.388854602970000074e-01
3.332501094820000162e+03 3.415603605399999965e-01
3.334109970670000166e+03 3.412745493259999874e-01
3.335718846530000064e+03 3.417409612749999770e-01
3.337327722389999963e+03 3.413368239260000103e-01
3.338936598239999967e+03 3.438017448799999820e-01
3.340545474099999865e+03 3.401183876209999957e-01
3.342154349949999869e+03 3.401043434800000154e-01
3.343763225810000222e+03 3.362807584520000059e-01
3.345372101660000226e+03 3.356767097480000128e-01
3.346980977520000124e+03 3.293470856969999971e-01
3.348589853370000128e+03 3.300927643050000082e-01
3.350198729230000026e+03 3.347903364809999838e-01
3.351807605080000030e+03 3.342440811140000023e-01
3.353416480939999929e+03 3.304081041640000160e-01
3.355025356789999933e+03 3.230586264990000234e-01
3.356634232649999831e+03 3.263677837610000076e-01
3.358243108499999835e+03 3.276753887980000113e-01
3.359851984360000188e+03 3.314205222559999942e-01
3.361460860220000086e+03 3.256763811610000059e-01
3.363069736070000090e+03 3.275424285160000171e-01
3.364678611929999988e+03 3.287488594879999781e-01
3.366287487779999992e+03 3.369113032650000172e-01
3.367896363639999890e+03 3.317529479999999920e-01
3.369505239489999894e+03 3.261428179279999839e-01
3.371114115349999793e+03 3.171157735990000059e-01
3.372722991199999797e+03 3.140628525629999834e-01
3.374331867060000150e+03 3.179420056500000258e-01
3.375940742910000154e+03 3.185570657360000113e-01
3.377549618770000052e+03 3.229788499710000149e-01
3.379158494620000056e+03 3.254239644729999825e-01
3.380767370479999954e+03 3.277360917609999924e-01
3.382376246329999958e+03 3.219078954249999791e-01
3.383985122189999856e+03 3.175991544949999801e-01
3.385593998039999860e+03 3.167686986200000110e-01
3.387202873900000213e+03 3.172762854310000047e-01
3.388811749760000112e+03 3.167435019589999734e-01
3.390420625610000116e+03 3.158337765790000251e-01
3.392029501470000014e+03 3.245689257130000005e-01
3.393638377320000018e+03 3.279760668389999911e-01
3.395247253179999916e+03 3.273129012670000226e-01
3.396856129029999920e+03 3.146879292900000014e-01
3.398465004889999818e+03 3.139594200979999861e-01
3.400073880739999822e+03 3.096855310220000268e-01
3.401682756600000175e+03 3.179266215950000141e-01
3.403291632450000179e+03 3.176605538219999803e-01
3.404900508310000077e+03 3.194985745339999905e-01
3.406509384160000081e+03 3.182232006449999817e-01
3.408118260019999980e+03 3.139172448599999998e-01
3.409727135869999984e+03 3.094317861579999884e-01
3.411336011729999882e+03 3.069030129850000010e-01
3.412944887589999780e+03 3.088338393939999982e-01
3.414553763439999784e+03 3.101319255910000017e-01
3.416162639300000137e+03 3.075297681170000019e-01
3.417771515150000141e+03 3.060282106669999780e-01
3.419380391010000039e+03 3.103963022760000134e-01
3.420989266860000043e+03 3.068849666160000100e-01
3.422598142719999942e+03 3.031254607039999827e-01
3.424207018569999946e+03 2.976347328089999911e-01
3.425815894429999844e+03 2.995774675890000016e-01
3.427424770279999848e+03 2.975609078359999771e-01
3.429033646140000201e+03 3.008249090749999799e-01
3.430642521990000205e+03 3.022605123170000185e-01
3.432251397850000103e+03 3.064014941079999943e-01
3.433860273700000107e+03 3.129391986280000149e-01
3.435469149560000005e+03 3.163103116250000069e-01
3.437078025419999904e+03 3.158283027639999796e-01
3.438686901269999908e+03 3.098544713590000166e-01
3.440295777129999806e+03 3.103114959880000079e-01
3.441904652979999810e+03 3.118814953349999808e-01
3.443513528840000163e+03 3.100621894389999911e-01
3.445122404690000167e+03 3.109686960120000010e-01
3.446731280550000065e+03 3.070404201370000030e-01
3.448340156400000069e+03 3.057990775289999852e-01
3.449949032259999967e+03 2.991700446450000217e-01
3.451557908109999971e+03 3.037238587250000177e-01
3.453166783969999869e+03 3.130620772320000245e-01
3.454775659819999873e+03 3.173540923170000139e-01
3.456384535680000226e+03 3.121884598940000144e-01
3.457993411529999776e+03 3.064569480039999738e-01
3.459602287390000129e+03 2.999409721760000203e-01
3.461211163250000027e+03 3.030167789559999880e-01
3.462820039100000031e+03 3.040043477029999996e-01
3.464428914959999929e+03 3.039922844219999920e-01
3.466037790809999933e+03 3.025149721129999913e-01
3.467646666669999831e+03 3.059643639999999887e-01
3.469255542519999835e+03 3.073240785099999872e-01
3.470864418380000188e+03 3.110631424829999880e-01
3.472473294230000192e+03 3.067153429089999883e-01
3.474082170090000091e+03 3.027440596950000118e-01
3.475691045940000095e+03 2.929337254780000066e-01
3.477299921799999993e+03 2.924960691180000238e-01
3.478908797649999997e+03 2.883667820529999815e-01
3.480517673509999895e+03 2.921215279800000175e-01
3.482126549359999899e+03 2.909180535009999735e-01
3.483735425219999797e+03 2.947031117180000104e-01
3.485344301080000150e+03 2.938826469249999906e-01
3.486953176930000154e+03 2.905134570869999933e-01
3.488562052790000052e+03 2.902141627570000160e-01
3.490170928640000056e+03 2.987977347679999784e-01
3.491779804499999955e+03 3.044898017670000234e-01
3.493388680349999959e+03 3.092570780180000090e-01
3.494997556209999857e+03 3.061123212899999890e-01
3.496606432059999861e+03 2.986527652859999882e-01
3.498215307920000214e+03 2.945088112490000243e-01
3.499824183770000218e+03 2.952884651459999898e-01
3.501433059630000116e+03 3.045834688019999903e-01
3.503041935480000120e+03 3.018041283869999925e-01
3.504650811340000018e+03 2.942881737829999844e-01
3.506259687190000022e+03 2.932333041599999857e-01
3.507868563049999921e+03 2.973239825219999855e-01
3.509477438909999819e+03 2.996294079140000011e-01
3.511086314759999823e+03 3.008981601369999925e-01
3.512695190620000176e+03 2.967241361410000167e-01
3.514304066470000180e+03 2.938629583110000110e-01
3.515912942330000078e+03 2.908662874099999796e-01
3.517521818180000082e+03 3.001747723639999754e-01
3.519130694039999980e+03 3.057193067060000047e-01
3.520739569889999984e+03 3.063257778490000027e-01
3.522348445749999883e+03 2.934723615720000178e-01
3.523957321599999887e+03 2.867993335210000105e-01
3.525566197459999785e+03 2.873245697749999827e-01
3.527175073309999789e+03 2.924930686800000235e-01
3.528783949170000142e+03 2.979436547609999875e-01
3.530392825020000146e+03 2.988231326729999804e-01
3.532001700880000044e+03 2.973566462169999758e-01
3.533610576739999942e+03 2.892143584870000006e-01
3.535219452589999946e+03 2.796328102639999980e-01
3.536828328449999844e+03 2.897330914960000170e-01
3.538437204299999848e+03 2.934521177200000164e-01
3.540046080160000201e+03 3.055026245629999804e-01
3.541654956010000205e+03 2.967861904160000175e-01
3.543263831870000104e+03 2.916745279369999944e-01
3.544872707720000108e+03 2.823792548110000133e-01
3.546481583580000006e+03 2.836912638940000120e-01
3.548090459430000010e+03 2.834969784710000273e-01
3.549699335289999908e+03 2.886527953040000094e-01
3.551308211139999912e+03 2.906603617599999856e-01
3.552917086999999810e+03 2.989505845079999946e-01
3.554525962849999814e+03 2.964509360979999952e-01
3.556134838710000167e+03 2.961967246450000202e-01
3.557743714570000066e+03 2.924236494119999974e-01
3.559352590420000070e+03 2.923428633819999956e-01
3.560961466279999968e+03 2.910634803170000229e-01
3.562570342129999972e+03 2.924851433940000023e-01
3.564179217989999870e+03 3.000098571220000121e-01
3.565788093839999874e+03 3.041140125749999812e-01
3.567396969700000227e+03 3.025437551519999935e-01
3.569005845549999776e+03 3.053613875539999967e-01
3.570614721410000129e+03 3.046072063809999730e-01
3.572223597260000133e+03 3.042041819119999935e-01
3.573832473120000031e+03 2.973167173330000246e-01
3.575441348970000035e+03 2.922225787100000138e-01
3.577050224829999934e+03 2.912810613410000138e-01
3.578659100679999938e+03 2.903747812670000039e-01
3.580267976539999836e+03 2.926302286799999930e-01
3.581876852389999840e+03 2.910316673780000141e-01
3.583485728250000193e+03 2.924847982400000101e-01
3.585094604110000091e+03 2.904359039530000075e-01
3.586703479960000095e+03 2.909785169190000076e-01
3.588312355819999993e+03 2.946662939899999945e-01
3.589921231669999997e+03 2.962385069440000018e-01
3.591530107529999896e+03 3.010581498920000265e-01
3.593138983379999900e+03 3.034535680229999977e-01
3.594747859239999798e+03 3.052508384870000202e-01
3.596356735089999802e+03 2.980155880859999828e-01
3.597965610950000155e+03 2.869760113079999897e-01
3.599574486800000159e+03 2.793808290909999825e-01
3.601183362660000057e+03 2.772675537629999964e-01
3.602792238510000061e+03 2.811125128020000030e-01
3.604401114369999959e+03 2.786956064050000181e-01
3.606009990219999963e+03 2.783777344200000226e-01
3.607618866079999862e+03 2.761411008410000201e-01
3.609227741940000215e+03 2.785113618060000018e-01
3.610836617790000219e+03 2.807087476790000036e-01
3.612445493650000117e+03 2.733777442270000080e-01
3.614054369500000121e+03 2.768282311790000172e-01
3.615663245360000019e+03 2.760392233239999937e-01
3.617272121210000023e+03 2.866715655759999870e-01
3.618880997069999921e+03 2.767137293020000000e-01
3.620489872919999925e+03 2.774053149949999852e-01
3.622098748779999823e+03 2.772677628970000030e-01
3.623707624629999827e+03 2.856956370090000252e-01
3.625316500490000180e+03 2.904380020919999916e-01
3.626925376340000184e+03 2.919292349250000029e-01
3.628534252200000083e+03 2.966569766450000145e-01
3.630143128050000087e+03 2.966299939820000175e-01
3.631752003909999985e+03 2.916519096190000049e-01
3.633360879769999883e+03 2.884011307209999875e-01
3.634969755619999887e+03 2.808028421700000110e-01
3.636578631479999785e+03 2.778674677419999961e-01
3.638187507329999789e+03 2.771441180879999910e-01
3.639796383190000142e+03 2.821829940569999806e-01
3.641405259040000146e+03 2.859697112610000147e-01
3.643014134900000045e+03 2.824322674599999972e-01
3.644623010750000049e+03 2.795455529029999830e-01
3.646231886609999947e+03 2.785432448249999804e-01
3.647840762459999951e+03 2.794340065099999992e-01
3.649449638319999849e+03 2.781191701110000136e-01
3.651058514169999853e+03 2.786524520979999919e-01
3.652667390030000206e+03 2.757161843750000063e-01
3.654276265880000210e+03 2.775347807310000192e-01
3.655885141740000108e+03 2.799175794529999983e-01
3.657494017600000006e+03 2.850737352839999850e-01
3.659102893450000010e+03 2.834000238400000149e-01
3.660711769309999909e+03 2.835754093410000065e-01
3.662320645159999913e+03 2.850928027099999817e-01
3.663929521019999811e+03 2.892644336460000187e-01
3.665538396869999815e+03 2.837066321560000048e-01
3.667147272730000168e+03 2.813686621820000178e-01
3.668756148580000172e+03 2.786201737130000189e-01
3.670365024440000070e+03 2.860336540530000193e-01
3.671973900290000074e+03 2.860260724340000227e-01
3.673582776149999972e+03 2.869174875859999974e-01
3.675191651999999976e+03 2.897085702519999750e-01
3.676800527859999875e+03 2.909806529739999981e-01
3.678409403709999879e+03 2.947313092280000046e-01
3.680018279569999777e+03 2.888963058060000089e-01
3.681627155430000130e+03 2.898215667210000124e-01
3.683236031280000134e+03 2.871174382560000016e-01
3.684844907140000032e+03 2.903778927780000241e-01
3.686453782990000036e+03 2.863544839769999739e-01
3.688062658849999934e+03 2.871498183969999896e-01
3.689671534699999938e+03 2.845219569699999895e-01
3.691280410559999837e+03 2.891420552260000054e-01
3.692889286409999841e+03 2.851983443989999922e-01
3.694498162270000194e+03 2.882555068820000232e-01
3.696107038120000198e+03 2.890207350149999743e-01
3.697715913980000096e+03 2.905953009889999938e-01
3.699324789830000100e+03 2.925599477649999947e-01
3.700933665689999998e+03 2.854283810559999912e-01
3.702542541540000002e+03 2.864500249660000275e-01
3.704151417399999900e+03 2.903603998439999723e-01
3.705760293259999798e+03 2.890491042350000206e-01
3.707369169109999802e+03 2.942405983499999933e-01
3.708978044970000155e+03 2.942378005399999830e-01
3.710586920820000159e+03 2.999781080819999834e-01
3.712195796680000058e+03 2.939143182010000022e-01
3.713804672530000062e+03 2.850478727510000199e-01
3.715413548389999960e+03 2.863510634840000235e-01
3.717022424239999964e+03 2.876572820609999970e-01
3.718631300099999862e+03 2.931898298489999943e-01
3.720240175949999866e+03 2.854371130789999933e-01
3.721849051810000219e+03 2.908730330750000093e-01
3.723457927660000223e+03 2.951523440159999900e-01
3.725066803520000121e+03 2.941257022759999895e-01
3.726675679370000125e+03 2.888002704589999747e-01
3.728284555230000024e+03 2.830474888949999768e-01
3.729893431089999922e+03 2.895444475310000043e-01
3.731502306939999926e+03 2.929989223580000135e-01
3.733111182799999824e+03 2.946656907960000238e-01
3.734720058649999828e+03 2.992256276720000052e-01
3.736328934510000181e+03 2.942887678009999952e-01
3.737937810360000185e+03 2.939122946589999841e-01
3.739546686220000083e+03 2.919685037649999981e-01
3.741155562070000087e+03 2.989639103110000029e-01
3.742764437929999985e+03 2.903710467410000051e-01
3.744373313779999989e+03 2.756375290909999776e-01
3.745982189639999888e+03 2.714337288290000205e-01
3.747591065489999892e+03 2.760761031710000091e-01
3.749199941349999790e+03 2.900773835189999761e-01
3.750808817199999794e+03 2.890487540650000242e-01
3.752417693060000147e+03 2.909878072140000271e-01
3.754026568910000151e+03 2.806385198010000193e-01
3.755635444770000049e+03 2.817159764139999800e-01
3.757244320629999947e+03 2.812050662949999724e-01
3.758853196479999951e+03 2.909998495009999964e-01
3.760462072339999850e+03 2.889552380650000085e-01
3.762070948189999854e+03 2.906496759020000265e-01
3.763679824050000207e+03 2.869169445509999750e-01
3.765288699900000211e+03 2.875290275890000080e-01
3.766897575760000109e+03 2.890910288479999757e-01
3.768506451610000113e+03 2.927006361289999914e-01
3.770115327470000011e+03 2.923237071159999756e-01
3.771724203320000015e+03 2.926546182249999961e-01
3.773333079179999913e+03 2.806344880819999776e-01
3.774941955029999917e+03 2.764355169580000049e-01
3.776550830889999816e+03 2.726163667250000033e-01
3.778159706739999820e+03 2.816411573370000143e-01
3.779768582600000173e+03 2.847454593389999733e-01
3.781377458460000071e+03 2.921446935990000271e-01
3.782986334310000075e+03 2.909709763989999920e-01
3.784595210169999973e+03 2.910596968520000050e-01
3.786204086019999977e+03 2.928965325590000002e-01
3.787812961879999875e+03 2.955384276599999915e-01
3.789421837729999879e+03 2.974674170239999804e-01
3.791030713589999777e+03 2.947303502370000050e-01
3.792639589439999781e+03 2.982921070969999922e-01
3.794248465300000134e+03 2.908582798480000009e-01
3.795857341150000138e+03 2.784887478399999949e-01
3.797466217010000037e+03 2.675713839530000082e-01
3.799075092860000041e+03 2.663304853139999984e-01
3.800683968719999939e+03 2.615523994130000141e-01
3.802292844569999943e+03 2.555442245039999949e-01
3.803901720429999841e+03 2.440792611610000107e-01
3.805510596290000194e+03 2.442790152300000073e-01
3.807119472140000198e+03 2.401087961989999964e-01
3.808728348000000096e+03 2.397935268230000083e-01
3.810337223850000100e+03 2.335082649459999937e-01
3.811946099709999999e+03 2.354416259590000060e-01
3.813554975560000003e+03 2.348993591949999904e-01
3.815163851419999901e+03 2.439616848410000038e-01
3.816772727269999905e+03 2.469962054550000063e-01
3.818381603129999803e+03 2.531740946589999819e-01
3.819990478979999807e+03 2.544434297670000178e-01
3.821599354840000160e+03 2.558995277419999770e-01
3.823208230690000164e+03 2.561160338919999946e-01
3.824817106550000062e+03 2.649409400000000137e-01
3.826425982400000066e+03 2.678946807859999835e-01
3.828034858259999965e+03 2.673223863149999935e-01
3.829643734119999863e+03 2.569761402890000102e-01
3.831252609969999867e+03 2.545424290439999848e-01
3.832861485830000220e+03 2.525911363250000208e-01
3.834470361680000224e+03 2.523146292160000081e-01
3.836079237540000122e+03 2.479034345810000040e-01
3.837688113390000126e+03 2.485124140409999960e-01
3.839296989250000024e+03 2.493889235700000040e-01
3.840905865100000028e+03 2.482668401760000088e-01
3.842514740959999926e+03 2.407693259550000020e-01
3.844123616809999930e+03 2.420737363480000015e-01
3.845732492669999829e+03 2.438268313199999926e-01
3.847341368519999833e+03 2.517030927619999803e-01
3.848950244380000186e+03 2.549972291889999743e-01
3.850559120230000190e+03 2.579758447159999912e-01
3.852167996090000088e+03 2.604237551590000144e-01
3.853776871949999986e+03 2.629892963680000029e-01
3.855385747799999990e+03 2.596096759409999843e-01
3.856994623659999888e+03 2.521254860220000227e-01
3.858603499509999892e+03 2.462258830969999979e-01
3.860212375369999791e+03 2.429331963520000026e-01
3.861821251219999795e+03 2.466126397379999891e-01
3.863430127080000148e+03 2.494428929499999947e-01
3.865039002930000152e+03 2.646280634020000133e-01
3.866647878790000050e+03 2.602372676360000248e-01
3.868256754640000054e+03 2.570326010830000230e-01
3.869865630499999952e+03 2.484699830730000003e-01
3.871474506349999956e+03 2.542149386779999909e-01
3.873083382209999854e+03 2.606135845750000013e-01
3.874692258059999858e+03 2.481139571609999872e-01
3.876301133920000211e+03 2.434472047900000102e-01
3.877910009780000109e+03 2.434246385380000044e-01
3.879518885630000113e+03 2.530119182519999788e-01
3.881127761490000012e+03 2.555597117499999738e-01
3.882736637340000016e+03 2.544818128249999867e-01
3.884345513199999914e+03 2.590258816889999816e-01
3.885954389049999918e+03 2.633228767740000142e-01
3.887563264909999816e+03 2.638550481060000230e-01
3.889172140759999820e+03 2.540138070969999995e-01
3.890781016620000173e+03 2.563527616579999724e-01
3.892389892470000177e+03 2.475896875270000019e-01
3.893998768330000075e+03 2.523719147569999932e-01
3.895607644180000079e+03 2.474681220100000134e-01
3.897216520039999978e+03 2.546995465099999856e-01
3.898825395889999982e+03 2.597859074960000014e-01
3.900434271749999880e+03 2.619438791870000172e-01
3.902043147609999778e+03 2.536197942830000218e-01
3.903652023459999782e+03 2.515063643989999820e-01
3.905260899320000135e+03 2.447764551319999982e-01
3.906869775170000139e+03 2.476336677150000054e-01
3.908478651030000037e+03 2.447224808329999945e-01
3.910087526880000041e+03 2.501598172469999826e-01
3.911696402739999940e+03 2.524458338300000215e-01
3.913305278589999944e+03 2.564757688559999860e-01
3.914914154449999842e+03 2.586174030419999825e-01
3.916523030299999846e+03 2.561500175759999776e-01
3.918131906160000199e+03 2.609429456769999933e-01
3.919740782010000203e+03 2.625825816660000145e-01
3.921349657870000101e+03 2.631347561879999741e-01
3.922958533720000105e+03 2.593945347330000040e-01
3.924567409580000003e+03 2.546543947020000198e-01
3.926176285430000007e+03 2.597023444809999915e-01
3.927785161289999905e+03 2.592599739349999988e-01
3.929394037149999804e+03 2.588784225019999941e-01
3.931002912999999808e+03 2.578678122970000097e-01
3.932611788860000161e+03 2.659006454310000045e-01
3.934220664710000165e+03 2.761754703889999774e-01
3.935829540570000063e+03 2.745657647079999819e-01
3.937438416420000067e+03 2.676597190030000073e-01
3.939047292279999965e+03 2.618514849379999787e-01
3.940656168129999969e+03 2.632610501900000122e-01
3.942265043989999867e+03 2.658180473430000190e-01
3.943873919839999871e+03 2.608470234799999954e-01
3.945482795700000224e+03 2.571572744089999918e-01
3.947091671549999774e+03 2.567462881640000250e-01
3.948700547410000127e+03 2.611220238279999828e-01
3.950309423260000131e+03 2.640062139820000264e-01
3.951918299120000029e+03 2.619707834960000037e-01
3.953527174979999927e+03 2.605635043010000040e-01
3.955136050829999931e+03 2.663638479139999737e-01
3.956744926689999829e+03 2.736604174780000176e-01
3.958353802539999833e+03 2.757063058299999980e-01
3.959962678400000186e+03 2.734340564930000106e-01
3.961571554250000190e+03 2.706816926689999958e-01
3.963180430110000088e+03 2.760644038280000157e-01
3.964789305960000092e+03 2.734666340840000154e-01
3.966398181819999991e+03 2.676704683639999915e-01
3.968007057669999995e+03 2.628051997149999930e-01
3.969615933529999893e+03 2.635600612319999869e-01
3.971224809379999897e+03 2.729196873310000271e-01
3.972833685239999795e+03 2.707920535250000205e-01
3.974442561089999799e+03 2.644647805550000008e-01
3.976051436950000152e+03 2.565016656890000135e-01
3.977660312810000050e+03 2.505368560699999803e-01
3.979269188660000054e+03 2.585241152259999953e-01
3.980878064519999953e+03 2.598135895479999902e-01
3.982486940369999957e+03 2.666940646920000213e-01
3.984095816229999855e+03 2.609642811730000234e-01
3.985704692079999859e+03 2.656327859240000255e-01
3.987313567940000212e+03 2.613417950649999932e-01
3.988922443790000216e+03 2.612083819350000113e-01
3.990531319650000114e+03 2.600431652199999832e-01
3.992140195500000118e+03 2.611445908969999841e-01
3.993749071360000016e+03 2.663332688949999749e-01
3.995357947210000020e+03 2.675248594019999926e-01
3.996966823069999919e+03 2.692142194880000061e-01
3.998575698919999923e+03 2.662644749249999943e-01
4.000184574779999821e+03 2.612953013489999754e-01
4.001793450640000174e+03 2.618147261579999996e-01
4.003402326490000178e+03 2.662239715070000012e-01
4.005011202350000076e+03 2.671209407979999728e-01
4.006620078200000080e+03 2.672339817439999821e-01
4.008228954059999978e+03 2.634006036830000008e-01
4.009837829909999982e+03 2.647300182399999757e-01
4.011446705769999880e+03 2.622814150539999889e-01
4.013055581619999884e+03 2.591470370989999994e-01
4.014664457479999783e+03 2.615310631200000180e-01
4.016273333329999787e+03 2.624612960000000106e-01
4.017882209190000140e+03 2.652822849270000116e-01
4.019491085040000144e+03 2.659455693019999734e-01
4.021099960900000042e+03 2.693607940719999760e-01
4.022708836750000046e+03 2.774620895409999899e-01
4.024317712609999944e+03 2.858731141579999857e-01
4.025926588469999842e+03 2.830781011529999724e-01
4.027535464319999846e+03 2.769097269910000270e-01
4.029144340180000199e+03 2.664135682229999968e-01
4.030753216030000203e+03 2.646629153739999962e-01
4.032362091890000102e+03 2.688395849540000104e-01
4.033970967740000106e+03 2.738118683870000014e-01
4.035579843600000004e+03 2.749187947060000026e-01
4.037188719450000008e+03 2.739722175559999862e-01
4.038797595309999906e+03 2.765681954020000055e-01
4.040406471159999910e+03 2.682887670649999889e-01
4.042015347019999808e+03 2.677916175169999802e-01
4.043624222869999812e+03 2.639751840699999796e-01
4.045233098730000165e+03 2.697951897320000070e-01
4.046841974580000169e+03 2.681102377869999942e-01
4.048450850440000067e+03 2.630801338300000070e-01
4.050059726299999966e+03 2.669854164809999930e-01
4.051668602149999970e+03 2.719298062800000193e-01
4.053277478009999868e+03 2.721750480590000021e-01
4.054886353859999872e+03 2.631074889189999877e-01
4.056495229720000225e+03 2.596740998789999755e-01
4.058104105569999774e+03 2.618751086219999746e-01
4.059712981430000127e+03 2.633733437029999735e-01
4.061321857280000131e+03 2.669386886299999762e-01
4.062930733140000029e+03 2.690750342759999914e-01
4.064539608990000033e+03 2.719035853410000092e-01
4.066148484849999932e+03 2.714277309090000201e-01
4.067757360699999936e+03 2.716312618649999733e-01
4.069366236559999834e+03 2.758677720859999960e-01
4.070975112409999838e+03 2.758141829910000231e-01
4.072583988270000191e+03 2.771975331609999871e-01
4.074192864130000089e+03 2.712972473310000243e-01
4.075801739980000093e+03 2.680644118630000072e-01
4.077410615839999991e+03 2.700794101699999783e-01
4.079019491689999995e+03 2.755144064749999733e-01
4.080628367549999894e+03 2.744699313200000268e-01
4.082237243399999898e+03 2.670092352489999987e-01
4.083846119259999796e+03 2.674036492040000046e-01
4.085454995109999800e+03 2.698721898459999768e-01
4.087063870970000153e+03 2.724701760000000084e-01
4.088672746820000157e+03 2.671712293180000253e-01
4.090281622680000055e+03 2.706616864129999800e-01
4.091890498530000059e+03 2.770632563050000052e-01
4.093499374389999957e+03 2.880790870889999855e-01
4.095108250239999961e+03 2.857918771610000186e-01
4.096717126100000314e+03 2.750703686450000074e-01
4.098326001960000212e+03 2.692127764219999775e-01
4.099934877810000216e+03 2.674492895680000148e-01
4.101543753670000115e+03 2.757863815480000036e-01
4.103152629520000119e+03 2.768168840629999794e-01
4.104761505380000017e+03 2.791311010749999988e-01
4.106370381230000021e+03 2.799173327269999789e-01
4.107979257089999919e+03 2.806006529889999990e-01
4.109588132939999923e+03 2.801199014119999942e-01
4.111197008799999821e+03 2.816707805870000136e-01
4.112805884649999825e+03 2.845521839879999737e-01
4.114414760509999724e+03 2.835628153859999778e-01
4.116023636359999728e+03 2.804210825449999778e-01
4.117632512219999626e+03 2.774786960200000263e-01
4.119241388069999630e+03 2.775830850909999925e-01
4.120850263930000438e+03 2.783000276720000166e-01
4.122459139780000442e+03 2.756944539780000203e-01
4.124068015640000340e+03 2.751401480039999958e-01
4.125676891500000238e+03 2.781275625569999965e-01
4.127285767350000242e+03 2.816209197260000074e-01
4.128894643210000140e+03 2.808587689229999906e-01
4.130503519060000144e+03 2.791788234600000029e-01
4.132112394920000042e+03 2.773502196950000109e-01
4.133721270770000046e+03 2.817070204970000269e-01
4.135330146629999945e+03 2.832581815369999978e-01
4.136939022479999949e+03 2.822802709680000133e-01
4.138547898339999847e+03 2.780829166570000233e-01
4.140156774189999851e+03 2.825609028389999833e-01
4.141765650049999749e+03 2.895203945059999784e-01
4.143374525899999753e+03 2.934505788969999918e-01
4.144983401759999651e+03 2.807932033780000114e-01
4.146592277609999655e+03 2.709679297750000049e-01
4.148201153469999554e+03 2.711938256109999723e-01
4.149810029330000361e+03 2.792949777600000072e-01
4.151418905180000365e+03 2.788171814979999996e-01
4.153027781040000264e+03 2.735854513389999743e-01
4.154636656890000268e+03 2.670039702049999963e-01
4.156245532750000166e+03 2.700186371500000182e-01
4.157854408600000170e+03 2.703587292899999883e-01
4.159463284460000068e+03 2.751067766329999831e-01
4.161072160310000072e+03 2.843901110889999750e-01
4.162681036169999970e+03 2.845202938809999749e-01
4.164289912019999974e+03 2.861980032259999751e-01
4.165898787879999873e+03 2.784466350300000004e-01
4.167507663729999877e+03 2.710459346860000229e-01
4.169116539589999775e+03 2.739907967269999967e-01
4.170725415439999779e+03 2.738553963049999984e-01
4.172334291299999677e+03 2.836249668499999932e-01
4.173943167159999575e+03 2.796906116249999741e-01
4.175552043009999579e+03 2.752783638279999723e-01
4.177160918870000387e+03 2.704849450360000129e-01
4.178769794720000391e+03 2.680121198829999996e-01
4.180378670580000289e+03 2.691338664590000040e-01
4.181987546430000293e+03 2.717036787680000010e-01
4.183596422290000191e+03 2.777403209150000052e-01
4.185205298140000195e+03 2.820593895990000100e-01
4.186814174000000094e+03 2.827771346629999738e-01
4.188423049850000098e+03 2.799606532550000249e-01
4.190031925709999996e+03 2.753298764379999986e-01
4.191640801560000000e+03 2.767842160940000018e-01
4.193249677419999898e+03 2.821706907100000050e-01
4.194858553269999902e+03 2.899599216420000181e-01
4.196467429129999800e+03 3.018630584670000117e-01
4.198076304989999699e+03 3.014213021470000253e-01
4.199685180839999703e+03 2.959210272180000101e-01
4.201294056699999601e+03 2.880867662830000064e-01
4.202902932549999605e+03 2.880993523170000126e-01
4.204511808410000413e+03 2.889637427960000116e-01
4.206120684260000417e+03 2.855704127040000206e-01
4.207729560120000315e+03 2.869000978999999840e-01
4.209338435970000319e+03 2.893684300020000211e-01
4.210947311830000217e+03 2.946452148390000247e-01
4.212556187680000221e+03 2.882877038009999948e-01
4.214165063540000119e+03 2.841131390070000262e-01
4.215773939390000123e+03 2.846168946670000199e-01
4.217382815250000021e+03 2.883852321520000150e-01
4.218991691100000025e+03 2.930029920630000118e-01
4.220600566959999924e+03 2.913470231199999927e-01
4.222209442819999822e+03 2.950886761759999866e-01
4.223818318669999826e+03 2.977530408719999966e-01
4.225427194529999724e+03 3.010890555579999739e-01
4.227036070379999728e+03 3.009234710259999779e-01
4.228644946239999626e+03 2.999861093760000097e-01
4.230253822089999630e+03 3.002537824359999830e-01
4.231862697950000438e+03 2.955968563520000036e-01
4.233471573800000442e+03 2.933605599179999746e-01
4.235080449660000340e+03 2.860781488169999998e-01
4.236689325510000344e+03 2.844377501700000033e-01
4.238298201370000243e+03 2.867205540369999750e-01
4.239907077220000247e+03 2.902524487779999940e-01
4.241515953080000145e+03 2.871226142639999868e-01
4.243124828930000149e+03 2.852401432839999917e-01
4.244733704790000047e+03 2.759467965080000251e-01
4.246342580649999945e+03 2.828347438709999939e-01
4.247951456499999949e+03 2.898796481209999776e-01
4.249560332359999848e+03 3.002757189290000128e-01
4.251169208209999852e+03 3.004811863340000055e-01
4.252778084069999750e+03 2.992613786900000239e-01
4.254386959919999754e+03 2.935095736109999964e-01
4.255995835779999652e+03 2.944081366690000090e-01
4.257604711629999656e+03 2.945785929809999759e-01
4.259213587489999554e+03 3.015689150340000180e-01
4.260822463339999558e+03 2.997668543229999871e-01
4.262431339200000366e+03 2.917935198509999939e-01
4.264040215050000370e+03 2.846546673550000017e-01
4.265649090910000268e+03 2.818195974550000149e-01
4.267257966760000272e+03 2.894910101079999909e-01
4.268866842620000170e+03 2.934491865339999839e-01
4.270475718480000069e+03 2.970841842460000271e-01
4.272084594330000073e+03 2.919962578849999990e-01
4.273693470189999971e+03 2.931731899860000046e-01
4.275302346039999975e+03 2.930725839300000191e-01
4.276911221899999873e+03 2.966686321020000072e-01
4.278520097749999877e+03 2.944476108579999751e-01
4.280128973609999775e+03 2.925377618530000112e-01
4.281737849459999779e+03 2.899373165590000134e-01
4.283346725319999678e+03 2.902144609780000217e-01
4.284955601169999682e+03 2.875100709439999958e-01
4.286564477029999580e+03 2.853859438790000147e-01
4.288173352879999584e+03 2.883226099669999876e-01
4.289782228740000392e+03 2.923376461350000177e-01
4.291391104590000396e+03 2.979569065100000080e-01
4.292999980450000294e+03 3.030499066860000146e-01
4.294608856300000298e+03 3.028273982169999989e-01
4.296217732160000196e+03 3.000834239099999801e-01
4.297826608020000094e+03 2.889495325079999843e-01
4.299435483870000098e+03 2.923502290319999752e-01
4.301044359729999996e+03 2.980765408839999853e-01
4.302653235580000000e+03 3.062578793349999828e-01
4.304262111439999899e+03 3.005094788620000235e-01
4.305870987289999903e+03 2.998841121520000041e-01
4.307479863149999801e+03 2.964436287589999885e-01
4.309088738999999805e+03 2.991594636129999984e-01
4.310697614859999703e+03 2.986576321130000045e-01
4.312306490709999707e+03 3.042226333099999902e-01
4.313915366569999605e+03 3.056585048800000148e-01
4.315524242419999609e+03 2.988784381819999947e-01
4.317133118280000417e+03 2.940690604730000213e-01
4.318741994130000421e+03 2.914904546509999861e-01
4.320350869990000319e+03 2.934476364729999842e-01
4.321959745850000218e+03 2.931321624989999819e-01
4.323568621700000222e+03 2.866754788859999792e-01
4.325177497560000120e+03 2.941148449070000170e-01
4.326786373410000124e+03 2.946686791279999884e-01
4.328395249270000022e+03 2.942849258420000003e-01
4.330004125120000026e+03 2.831374949170000210e-01
4.331613000979999924e+03 2.809140315740000227e-01
4.333221876829999928e+03 2.831607389560000243e-01
4.334830752689999827e+03 2.915061780220000176e-01
4.336439628539999831e+03 2.857562487190000167e-01
4.338048504399999729e+03 2.839926488910000102e-01
4.339657380249999733e+03 2.825480861970000035e-01
4.341266256109999631e+03 2.941526967229999845e-01
4.342875131959999635e+03 2.962004134899999808e-01
4.344484007820000443e+03 2.915797970399999772e-01
4.346092883680000341e+03 2.866700519340000253e-01
4.347701759530000345e+03 2.816620975949999939e-01
4.349310635390000243e+03 2.903797110770000023e-01
4.350919511240000247e+03 2.927645632340000192e-01
4.352528387100000145e+03 2.954114863230000165e-01
4.354137262950000149e+03 2.966370261660000174e-01
4.355746138810000048e+03 3.004320947019999966e-01
4.357355014660000052e+03 3.025239142050000218e-01
4.358963890519999950e+03 2.984979398079999902e-01
4.360572766369999954e+03 2.919232717729999815e-01
4.362181642229999852e+03 2.910718003280000077e-01
4.363790518079999856e+03 2.934169866860000253e-01
4.365399393939999754e+03 2.957727347879999802e-01
4.367008269789999758e+03 3.005964876250000195e-01
4.368617145649999657e+03 2.963710511200000064e-01
4.370226021509999555e+03 2.934423927740000271e-01
4.371834897359999559e+03 2.926257913199999949e-01
4.373443773220000367e+03 2.958169312839999954e-01
4.375052649070000371e+03 3.051583373799999777e-01
4.376661524930000269e+03 3.019262468739999927e-01
4.378270400780000273e+03 3.014995132000000133e-01
4.379879276640000171e+03 3.005532175369999837e-01
4.381488152490000175e+03 3.074793751550000120e-01
4.383097028350000073e+03 3.080657490090000228e-01
4.384705904200000077e+03 3.030569068389999954e-01
4.386314780059999975e+03 2.947959098419999924e-01
4.387923655909999979e+03 2.887550821509999865e-01
4.389532531769999878e+03 2.880522644460000170e-01
4.391141407619999882e+03 2.875426750730000203e-01
4.392750283479999780e+03 2.871625685470000078e-01
4.394359159339999678e+03 2.884664089539999976e-01
4.395968035189999682e+03 3.009179474490000228e-01
4.397576911049999580e+03 3.092255786240000193e-01
4.399185786899999584e+03 3.113066137089999796e-01
4.400794662760000392e+03 3.063070183459999929e-01
4.402403538610000396e+03 3.029778913469999835e-01
4.404012414470000294e+03 3.048122807429999859e-01
4.405621290320000298e+03 3.035971571609999975e-01
4.407230166180000197e+03 3.105739362930000080e-01
4.408839042030000201e+03 3.082209601679999911e-01
4.410447917890000099e+03 3.081904529849999741e-01
4.412056793740000103e+03 3.118771242030000113e-01
4.413665669600000001e+03 3.154543045279999958e-01
4.415274545450000005e+03 3.153645349090000161e-01
4.416883421309999903e+03 3.069798533759999781e-01
4.418492297169999802e+03 3.046655015840000202e-01
4.420101173019999806e+03 3.041994470380000037e-01
4.421710048879999704e+03 3.027268937629999934e-01
4.423318924729999708e+03 2.984445733330000072e-01
4.424927800589999606e+03 2.999275592260000067e-01
4.426536676439999610e+03 3.048365690670000183e-01
4.428145552300000418e+03 3.042324784559999884e-01
4.429754428150000422e+03 3.012524767859999786e-01
4.431363304010000320e+03 2.955038592609999792e-01
4.432972179860000324e+03 3.028295057870000195e-01
4.434581055720000222e+03 3.073114912730000037e-01
4.436189931570000226e+03 3.064385700100000220e-01
4.437798807430000124e+03 2.946090580760000188e-01
4.439407683280000128e+03 2.905543406800000228e-01
4.441016559140000027e+03 2.947565943659999910e-01
4.442625434999999925e+03 3.047592417750000227e-01
4.444234310849999929e+03 3.085953487979999910e-01
4.445843186709999827e+03 3.036912111160000038e-01
4.447452062559999831e+03 2.966367525279999806e-01
4.449060938419999729e+03 2.897827573719999883e-01
4.450669814269999733e+03 2.905691642500000116e-01
4.452278690129999632e+03 2.989704993160000046e-01
4.453887565979999636e+03 3.058923798479999956e-01
4.455496441840000443e+03 3.131722599219999847e-01
4.457105317690000447e+03 3.097151175050000260e-01
4.458714193550000346e+03 3.071665380649999944e-01
4.460323069400000350e+03 3.060224458849999940e-01
4.461931945260000248e+03 3.077509042780000037e-01
4.463540821110000252e+03 3.047326144399999936e-01
4.465149696970000150e+03 3.050186042420000021e-01
4.466758572830000048e+03 3.055270987290000240e-01
4.468367448680000052e+03 3.067237114959999733e-01
4.469976324539999951e+03 3.001914944519999962e-01
4.471585200389999954e+03 2.911352937989999945e-01
4.473194076249999853e+03 2.905881639180000198e-01
4.474802952099999857e+03 2.928897452859999806e-01
4.476411827959999755e+03 2.959600787100000185e-01
4.478020703809999759e+03 2.986626829790000048e-01
4.479629579669999657e+03 2.968944284260000011e-01
4.481238455519999661e+03 2.958392610319999783e-01
4.482847331379999559e+03 3.002554031319999983e-01
4.484456207229999563e+03 2.954045435389999752e-01
4.486065083090000371e+03 2.979856549400000110e-01
4.487673958940000375e+03 2.991745489029999927e-01
4.489282834800000273e+03 3.032518276749999742e-01
4.490891710650000277e+03 3.052996758509999853e-01
4.492500586510000176e+03 3.035578506159999912e-01
4.494109462370000074e+03 3.059471502800000242e-01
4.495718338220000078e+03 3.083331270379999767e-01
4.497327214079999976e+03 2.463260087609999982e-01
4.498936089929999980e+03 1.658828546189999864e-01
4.500544965789999878e+03 8.015037769110000543e-02
4.502153841639999882e+03 5.280031761409999941e-02
4.503762717499999781e+03 5.044412466429999686e-02
4.505371593349999785e+03 4.974206035969999662e-02
4.506980469209999683e+03 4.876963115889999811e-02
4.508589345059999687e+03 3.411595867710000285e-02
4.510198220919999585e+03 1.856255951520000003e-02
4.511807096769999589e+03 3.361370689289999887e-03
4.513415972630000397e+03 4.454318099359999799e-04
4.515024848480000401e+03 2.007315381529999998e-04
4.516633724340000299e+03 7.919532657710000138e-05
4.518242600200000197e+03 2.015332032750000055e-05
4.519851476050000201e+03 1.249415826470000027e-06
4.521460351910000099e+03 9.106732264519999588e-07
4.523069227760000103e+03 5.090427494630000445e-07
4.524678103620000002e+03 1.494364836169999951e-07
4.526286979470000006e+03 0.000000000000000000e+00
4.527895855329999904e+03 0.000000000000000000e+00
4.529504731179999908e+03 0.000000000000000000e+00
4.531113607039999806e+03 0.000000000000000000e+00
4.532722482889999810e+03 0.000000000000000000e+00
4.534331358749999708e+03 0.000000000000000000e+00
4.535940234599999712e+03 0.000000000000000000e+00
4.537549110459999611e+03 0.000000000000000000e+00
4.539157986309999615e+03 0.000000000000000000e+00
4.540766862170000422e+03 0.000000000000000000e+00
4.542375738030000321e+03 0.000000000000000000e+00
4.543984613880000325e+03 0.000000000000000000e+00
4.545593489740000223e+03 0.000000000000000000e+00
4.547202365590000227e+03 0.000000000000000000e+00
4.548811241450000125e+03 0.000000000000000000e+00
4.550420117300000129e+03 0.000000000000000000e+00
4.552028993160000027e+03 0.000000000000000000e+00
4.553637869010000031e+03 0.000000000000000000e+00
4.555246744869999930e+03 0.000000000000000000e+00
4.556855620719999933e+03 0.000000000000000000e+00
4.558464496579999832e+03 0.000000000000000000e+00
4.560073372429999836e+03 0.000000000000000000e+00
4.561682248289999734e+03 0.000000000000000000e+00
4.563291124139999738e+03 0.000000000000000000e+00
4.564899999999999636e+03 0.000000000000000000e+00
