# Wavelength (Angstroms)      Variance
2.896650000000000091e+03 1.669978199999999913e-01
2.897303323560000081e+03 1.845194608800000136e-01
2.897956647120000071e+03 1.999876718280000076e-01
2.898609970670000166e+03 2.133939732840000048e-01
2.899263294230000156e+03 2.235959023849999894e-01
2.899916617790000146e+03 2.308646146820000078e-01
2.900569941350000136e+03 2.329553787679999877e-01
2.901223264910000125e+03 2.335427847310000138e-01
2.901876588470000115e+03 2.308561968329999881e-01
2.902529912020000211e+03 2.275061112020000109e-01
2.903183235580000201e+03 2.252975341150000033e-01
2.903836559140000190e+03 2.212415752690000126e-01
2.904489882700000180e+03 2.137275102639999980e-01
2.905143206260000170e+03 2.079582756599999971e-01
2.905796529809999811e+03 2.061750506939999950e-01
2.906449853369999801e+03 1.999104133140000017e-01
2.907103176929999790e+03 1.996686004690000071e-01
2.907756500489999780e+03 1.999937673609999966e-01
2.908409824050000225e+03 1.984586136070000117e-01
2.909063147610000215e+03 2.028687037049999864e-01
2.909716471159999855e+03 2.052532449270000059e-01
2.910369794719999845e+03 2.049780457479999929e-01
2.911023118279999835e+03 2.085549789249999952e-01
2.911676441839999825e+03 2.092327557969999863e-01
2.912329765399999815e+03 2.075553396479999924e-01
2.912983088949999910e+03 2.077792469699999978e-01
2.913636412509999900e+03 2.061091279370000084e-01
2.914289736069999890e+03 2.049495917299999914e-01
2.914943059629999880e+03 2.049501010170000082e-01
2.915596383189999870e+03 2.023597710460000032e-01
2.916249706739999965e+03 2.042433833429999901e-01
2.916903030299999955e+03 2.041247921209999872e-01
2.917556353859999945e+03 2.032645232259999990e-01
2.918209677419999935e+03 1.994400874189999895e-01
2.918863000979999924e+03 2.000050896970000103e-01
2.919516324539999914e+03 2.023070352199999866e-01
2.920169648090000010e+03 2.009419629330000123e-01
2.920822971649999999e+03 1.982053607139999951e-01
2.921476295209999989e+03 1.957325401560000011e-01
2.922129618769999979e+03 1.990389805870000084e-01
2.922782942329999969e+03 2.046416429719999930e-01
2.923436265880000064e+03 2.114470426779999912e-01
2.924089589440000054e+03 2.100917193550000117e-01
2.924742913000000044e+03 2.087015408900000091e-01
2.925396236560000034e+03 2.124127961289999922e-01
2.926049560120000024e+03 2.139918537830000078e-01
2.926702883680000014e+03 2.176201186710000068e-01
2.927356207230000109e+03 2.184140808210000007e-01
2.928009530790000099e+03 2.205065987679999950e-01
2.928662854350000089e+03 2.180363645160000030e-01
2.929316177910000079e+03 2.204494774390000078e-01
2.929969501470000068e+03 2.211264669499999891e-01
2.930622825020000164e+03 2.234830166569999887e-01
2.931276148580000154e+03 2.219337568820000106e-01
2.931929472140000144e+03 2.199486594129999861e-01
2.932582795700000133e+03 2.187506265589999888e-01
2.933236119260000123e+03 2.188624019550000077e-01
2.933889442820000113e+03 2.211639511440000039e-01
2.934542766370000209e+03 2.165079684260000081e-01
2.935196089930000198e+03 2.165174814470000042e-01
2.935849413490000188e+03 2.162837719650000101e-01
2.936502737050000178e+03 2.165460898340000051e-01
2.937156060610000168e+03 2.187392896969999889e-01
2.937809384159999809e+03 2.175648676830000128e-01
2.938462707719999798e+03 2.102305132360000051e-01
2.939116031279999788e+03 2.085073518080000077e-01
2.939769354839999778e+03 2.095700658059999888e-01
2.940422678400000223e+03 2.062868256010000068e-01
2.941076001960000212e+03 2.020962625809999968e-01
2.941729325509999853e+03 2.016333088560000042e-01
2.942382649069999843e+03 2.011701329230000113e-01
2.943035972629999833e+03 2.022303544869999969e-01
2.943689296189999823e+03 2.059438474489999893e-01
2.944342619749999812e+03 2.095552235089999937e-01
2.944995943299999908e+03 2.154104319060000106e-01
2.945649266859999898e+03 2.196103666860000081e-01
2.946302590419999888e+03 2.232562036359999891e-01
2.946955913979999877e+03 2.254059273119999873e-01
2.947609237539999867e+03 2.223850259819999953e-01
2.948262561089999963e+03 2.251062344670000104e-01
2.948915884649999953e+03 2.264039347019999870e-01
2.949569208209999942e+03 2.275716756600000001e-01
2.950222531769999932e+03 2.253396720230000094e-01
2.950875855329999922e+03 2.267132116810000042e-01
2.951529178889999912e+03 2.239956177709999940e-01
2.952182502440000007e+03 2.181787073310000047e-01
2.952835825999999997e+03 2.219305737829999903e-01
2.953489149559999987e+03 2.232646455429999899e-01
2.954142473119999977e+03 2.201341924730000066e-01
2.954795796679999967e+03 2.194016632749999918e-01
2.955449120230000062e+03 2.189228595890000129e-01
2.956102443790000052e+03 2.160709926690000116e-01
2.956755767350000042e+03 2.182377340370000030e-01
2.957409090910000032e+03 2.183949481820000038e-01
2.958062414470000022e+03 2.118247990809999926e-01
2.958715738030000011e+03 2.102273155130000015e-01
2.959369061580000107e+03 2.085871148389999985e-01
2.960022385140000097e+03 2.059280823169999941e-01
2.960675708700000087e+03 2.075463409580000085e-01
2.961329032260000076e+03 2.084041554839999866e-01
2.961982355820000066e+03 2.080802328249999888e-01
2.962635679370000162e+03 2.069800919160000030e-01
2.963289002930000152e+03 2.019036696189999980e-01
2.963942326490000141e+03 1.992840753859999869e-01
2.964595650050000131e+03 2.027684362849999922e-01
2.965248973610000121e+03 2.031995467159999902e-01
2.965902297170000111e+03 2.019402823660000068e-01
2.966555620720000206e+03 2.049193501759999925e-01
2.967208944280000196e+03 2.089368850439999870e-01
2.967862267840000186e+03 2.140575066279999938e-01
2.968515591400000176e+03 2.229115731180000004e-01
2.969168914960000166e+03 2.260351299710000039e-01
2.969822238509999806e+03 2.223002035970000068e-01
2.970475562069999796e+03 2.225324621900000022e-01
2.971128885629999786e+03 2.201237747210000040e-01
2.971782209189999776e+03 2.174235042419999930e-01
2.972435532750000220e+03 2.140862317109999968e-01
2.973088856299999861e+03 2.098509126389999924e-01
2.973742179859999851e+03 1.998320819939999882e-01
2.974395503419999841e+03 1.925677339590000092e-01
2.975048826979999831e+03 1.892102413489999968e-01
2.975702150539999820e+03 1.829551519350000044e-01
2.976355474099999810e+03 1.783020402740000121e-01
2.977008797649999906e+03 1.738168280060000126e-01
2.977662121209999896e+03 1.732444557579999878e-01
2.978315444769999885e+03 1.788571843300000019e-01
2.978968768329999875e+03 1.880223758360000108e-01
2.979622091889999865e+03 1.902290018380000114e-01
2.980275415439999961e+03 1.922564935290000110e-01
2.980928738999999950e+03 1.905718641059999940e-01
2.981582062559999940e+03 1.863056750729999989e-01
2.982235386119999930e+03 1.841517208990000043e-01
2.982888709679999920e+03 1.802407025810000007e-01
2.983542033239999910e+03 1.740542087979999875e-01
2.984195356790000005e+03 1.705543470969999864e-01
2.984848680349999995e+03 1.668058040469999892e-01
2.985502003909999985e+03 1.652897837729999930e-01
2.986155327469999975e+03 1.690286933429999972e-01
2.986808651029999965e+03 1.724261458649999912e-01
2.987461974580000060e+03 1.733772823460000001e-01
2.988115298140000050e+03 1.742812973020000100e-01
2.988768621700000040e+03 1.725473318769999986e-01
2.989421945260000030e+03 1.698215368129999958e-01
2.990075268820000019e+03 1.704547158059999956e-01
2.990728592380000009e+03 1.691169606450000085e-01
2.991381915930000105e+03 1.683104685629999986e-01
2.992035239490000095e+03 1.684360251610000081e-01
2.992688563050000084e+03 1.659299054549999985e-01
2.993341886610000074e+03 1.677096422090000039e-01
2.993995210170000064e+03 1.705459568819999994e-01
2.994648533720000160e+03 1.710527519060000001e-01
2.995301857280000149e+03 1.674168027659999891e-01
2.995955180840000139e+03 1.724650757969999892e-01
2.996608504400000129e+03 1.725910489739999887e-01
2.997261827960000119e+03 1.712235651610000131e-01
2.997915151520000109e+03 1.714570126670000028e-01
2.998568475070000204e+03 1.674262370559999880e-01
2.999221798630000194e+03 1.674256632239999876e-01
2.999875122190000184e+03 1.738422669290000111e-01
3.000528445750000174e+03 1.745990843870000031e-01
3.001181769310000163e+03 1.721785910339999892e-01
3.001835092859999804e+03 1.742254745529999982e-01
3.002488416419999794e+03 1.772637890500000091e-01
3.003141739979999784e+03 1.796309436749999877e-01
3.003795063539999774e+03 1.840505958750000004e-01
3.004448387100000218e+03 1.858882574190000025e-01
3.005101710649999859e+03 1.887927816620000032e-01
3.005755034209999849e+03 1.960632636559999920e-01
3.006408357769999839e+03 2.013463664519999918e-01
3.007061681329999828e+03 1.997561364419999930e-01
3.007715004889999818e+03 1.983893279370000096e-01
3.008368328449999808e+03 1.953325011139999956e-01
3.009021651999999904e+03 1.899525059920000036e-01
3.009674975559999893e+03 1.834376323949999943e-01
3.010328299119999883e+03 1.806882666859999931e-01
3.010981622679999873e+03 1.782813220330000115e-01
3.011634946239999863e+03 1.786022949459999953e-01
3.012288269789999958e+03 1.815390591200000125e-01
3.012941593349999948e+03 1.826601787880000050e-01
3.013594916909999938e+03 1.822825225019999995e-01
3.014248240469999928e+03 1.837583876539999883e-01
3.014901564029999918e+03 1.846789625999999962e-01
3.015554887589999908e+03 1.843524838320000081e-01
3.016208211140000003e+03 1.853941412900000085e-01
3.016861534699999993e+03 1.855559243400000113e-01
3.017514858259999983e+03 1.834719783769999946e-01
3.018168181819999973e+03 1.851276690910000078e-01
3.018821505379999962e+03 1.863177705379999993e-01
3.019474828930000058e+03 1.897405255719999961e-01
3.020128152490000048e+03 1.935372378890000133e-01
3.020781476050000038e+03 1.895031036660000112e-01
3.021434799610000027e+03 1.852470408019999959e-01
3.022088123170000017e+03 1.839457382989999890e-01
3.022741446730000007e+03 1.847076226780000052e-01
3.023394770280000103e+03 1.826360456209999983e-01
3.024048093840000092e+03 1.796123759530000030e-01
3.024701417400000082e+03 1.785738693160000001e-01
3.025354740960000072e+03 1.778320447900000045e-01
3.026008064520000062e+03 1.749939880649999946e-01
3.026661388070000157e+03 1.749236941539999979e-01
3.027314711630000147e+03 1.718971135969999953e-01
3.027968035190000137e+03 1.716344868620000019e-01
3.028621358750000127e+03 1.752857154449999899e-01
3.029274682310000117e+03 1.757515463540000045e-01
3.029928005870000106e+03 1.712752656310000121e-01
3.030581329420000202e+03 1.719256919649999882e-01
3.031234652980000192e+03 1.761136868909999875e-01
3.031887976540000182e+03 1.777441931959999888e-01
3.032541300100000171e+03 1.840781698919999876e-01
3.033194623660000161e+03 1.869301920429999875e-01
3.033847947209999802e+03 1.837504622580000135e-01
3.034501270769999792e+03 1.811198015250000126e-01
3.035154594329999782e+03 1.779186598439999878e-01
3.035807917890000226e+03 1.719959378890000001e-01
3.036461241450000216e+03 1.667158883189999996e-01
3.037114564999999857e+03 1.641748026979999997e-01
3.037767888559999847e+03 1.560601859819999992e-01
3.038421212119999836e+03 1.529306254549999966e-01
3.039074535679999826e+03 1.567574915150000137e-01
3.039727859239999816e+03 1.601610051029999926e-01
3.040381182799999806e+03 1.658920483870000018e-01
3.041034506349999901e+03 1.660293397460000098e-01
3.041687829909999891e+03 1.688838670380000129e-01
3.042341153469999881e+03 1.760615906549999887e-01
3.042994477029999871e+03 1.850319267059999939e-01
3.043647800589999861e+03 1.893473104989999989e-01
3.044301124139999956e+03 1.894230222290000099e-01
3.044954447699999946e+03 1.881875169699999961e-01
3.045607771259999936e+03 1.916597119940000038e-01
3.046261094819999926e+03 1.970632740759999946e-01
3.046914418379999915e+03 1.963879454549999903e-01
3.047567741939999905e+03 1.947842567739999919e-01
3.048221065490000001e+03 1.934896106160000073e-01
3.048874389049999991e+03 1.949959386710000131e-01
3.049527712609999980e+03 1.987762064810000007e-01
3.050181036169999970e+03 2.051189467450000026e-01
3.050834359729999960e+03 2.042284105470000000e-01
3.051487683280000056e+03 2.072328588859999876e-01
3.052141006840000045e+03 2.055018734800000135e-01
3.052794330400000035e+03 2.034307758939999933e-01
3.053447653960000025e+03 1.982043542230000066e-01
3.054100977520000015e+03 1.957646513200000105e-01
3.054754301080000005e+03 1.898992205380000131e-01
3.055407624630000100e+03 1.832304322580000089e-01
3.056060948190000090e+03 1.796666956300000118e-01
3.056714271750000080e+03 1.750653120819999908e-01
3.057367595310000070e+03 1.716751982109999963e-01
3.058020918870000060e+03 1.719328997850000096e-01
3.058674242420000155e+03 1.731275969699999917e-01
3.059327565980000145e+03 1.740004863340000041e-01
3.059980889540000135e+03 1.748943804009999992e-01
3.060634213100000125e+03 1.758790813289999866e-01
3.061287536660000114e+03 1.734804475370000099e-01
3.061940860220000104e+03 1.733379393549999981e-01
3.062594183770000200e+03 1.734877905670000053e-01
3.063247507330000190e+03 1.745526913200000085e-01
3.063900830890000179e+03 1.688861987489999883e-01
3.064554154450000169e+03 1.695232290129999875e-01
3.065207478010000159e+03 1.728896103229999870e-01
3.065860801559999800e+03 1.758256611339999997e-01
3.066514125119999790e+03 1.825419969210000104e-01
3.067167448679999779e+03 1.859076906159999876e-01
3.067820772240000224e+03 1.872556564810000101e-01
3.068474095800000214e+03 1.864479532359999969e-01
3.069127419349999855e+03 1.890827932259999955e-01
3.069780742909999844e+03 1.870581074290000034e-01
3.070434066469999834e+03 1.868320701560000074e-01
3.071087390029999824e+03 1.835721990620000077e-01
3.071740713589999814e+03 1.798068275459999976e-01
3.072394037149999804e+03 1.744516996090000049e-01
3.073047360699999899e+03 1.684839795889999936e-01
3.073700684259999889e+03 1.689797398239999970e-01
3.074354007819999879e+03 1.743314949950000026e-01
3.075007331379999869e+03 1.767337718479999875e-01
3.075660654939999858e+03 1.789030792669999981e-01
3.076313978489999954e+03 1.802253776340000113e-01
3.076967302049999944e+03 1.815733236950000107e-01
3.077620625609999934e+03 1.878657754449999939e-01
3.078273949169999923e+03 1.950202297560000020e-01
3.078927272729999913e+03 1.948350454549999944e-01
3.079580596289999903e+03 1.925000950240000064e-01
3.080233919839999999e+03 1.908154664710000059e-01
3.080887243399999988e+03 1.909627518769999865e-01
3.081540566959999978e+03 1.905441589440000083e-01
3.082193890519999968e+03 1.893789439590000123e-01
3.082847214079999958e+03 1.892870564809999989e-01
3.083500537630000053e+03 1.864621831180000022e-01
3.084153861190000043e+03 1.878916295799999969e-01
3.084807184750000033e+03 1.861444746329999900e-01
3.085460508310000023e+03 1.840352254940000043e-01
3.086113831870000013e+03 1.844508646920000050e-01
3.086767155430000003e+03 1.902623247509999949e-01
3.087420478980000098e+03 1.923603207919999947e-01
3.088073802540000088e+03 1.904221658459999966e-01
3.088727126100000078e+03 1.889160114960000136e-01
3.089380449660000068e+03 1.903479840079999874e-01
3.090033773220000057e+03 1.920665284159999986e-01
3.090687096770000153e+03 1.925700754839999862e-01
3.091340420330000143e+03 1.887015903029999886e-01
3.091993743890000133e+03 1.850229405280000017e-01
3.092647067450000122e+03 1.851706100000000133e-01
3.093300391010000112e+03 1.858266249459999964e-01
3.093953714570000102e+03 1.846679660020000002e-01
3.094607038120000198e+03 1.845771004110000058e-01
3.095260361680000187e+03 1.843867071070000030e-01
3.095913685240000177e+03 1.848714435970000014e-01
3.096567008800000167e+03 1.858696007919999893e-01
3.097220332360000157e+03 1.800925547409999994e-01
3.097873655909999798e+03 1.785134919349999905e-01
3.098526979469999787e+03 1.770496326690000066e-01
3.099180303029999777e+03 1.773979433329999911e-01
3.099833626590000222e+03 1.777619829519999917e-01
3.100486950150000212e+03 1.829913064220000107e-01
3.101140273699999852e+03 1.794379242620000037e-01
3.101793597259999842e+03 1.806329708309999948e-01
3.102446920819999832e+03 1.877907551909999972e-01
3.103100244379999822e+03 1.941864813589999905e-01
3.103753567939999812e+03 1.997461501860000044e-01
3.104406891499999801e+03 1.971083824930000006e-01
3.105060215049999897e+03 1.937342913979999970e-01
3.105713538609999887e+03 1.927984869790000111e-01
3.106366862169999877e+03 1.979830836360000068e-01
3.107020185729999866e+03 1.994998042720000087e-01
3.107673509289999856e+03 1.977071468619999994e-01
3.108326832839999952e+03 1.941073907039999880e-01
3.108980156399999942e+03 1.940035815049999945e-01
3.109633479959999931e+03 1.985250275069999903e-01
3.110286803519999921e+03 2.026983520229999891e-01
3.110940127079999911e+03 2.054180494720000139e-01
3.111593450639999901e+03 2.042916882699999936e-01
3.112246774189999996e+03 2.017101283870000039e-01
3.112900097749999986e+03 1.995773110069999912e-01
3.113553421309999976e+03 1.961162480159999999e-01
3.114206744869999966e+03 1.932275008209999867e-01
3.114860068429999956e+03 1.919882649169999955e-01
3.115513391980000051e+03 1.870084600980000122e-01
3.116166715540000041e+03 1.816343450150000038e-01
3.116820039100000031e+03 1.809734396869999984e-01
3.117473362660000021e+03 1.827057444869999991e-01
3.118126686220000011e+03 1.852493004109999897e-01
3.118780009780000000e+03 1.836036352980000008e-01
3.119433333330000096e+03 1.813576000000000077e-01
3.120086656890000086e+03 1.797920439300000062e-01
3.120739980450000076e+03 1.802467613879999986e-01
3.121393304010000065e+03 1.781263060799999909e-01
3.122046627570000055e+03 1.771484522579999943e-01
3.122699951120000151e+03 1.741827205279999902e-01
3.123353274680000141e+03 1.750673124140000037e-01
3.124006598240000130e+03 1.747022673309999996e-01
3.124659921800000120e+03 1.751582152489999933e-01
3.125313245360000110e+03 1.740558423749999917e-01
3.125966568910000206e+03 1.739207007040000086e-01
3.126619892470000195e+03 1.763896919350000092e-01
3.127273216030000185e+03 1.756782022089999895e-01
3.127926539590000175e+03 1.750770963050000129e-01
3.128579863150000165e+03 1.774340714959999898e-01
3.129233186710000155e+03 1.799193830989999909e-01
3.129886510259999795e+03 1.861950685629999991e-01
3.130539833819999785e+03 1.893182954350000058e-01
3.131193157379999775e+03 1.873767673310000048e-01
3.131846480940000220e+03 1.886037021699999983e-01
3.132499804500000209e+03 1.917916004690000120e-01
3.133153128049999850e+03 1.917700048880000008e-01
3.133806451609999840e+03 1.927012793550000047e-01
3.134459775169999830e+03 1.914516904009999909e-01
3.135113098729999820e+03 1.892874198439999933e-01
3.135766422289999809e+03 1.939041700589999861e-01
3.136419745849999799e+03 1.987582571460000114e-01
3.137073069399999895e+03 1.986025594920000081e-01
3.137726392959999885e+03 1.992579791200000117e-01
3.138379716519999874e+03 2.016601441639999936e-01
3.139033040079999864e+03 1.995751947209999932e-01
3.139686363639999854e+03 1.969366409090000103e-01
3.140339687189999950e+03 1.956789993549999940e-01
3.140993010749999939e+03 1.941262540860000108e-01
3.141646334309999929e+03 1.913547783579999939e-01
3.142299657869999919e+03 1.908946406160000053e-01
3.142952981429999909e+03 1.877934339000000008e-01
3.143606304989999899e+03 1.874876530500000082e-01
3.144259628539999994e+03 1.887501679960000012e-01
3.144912952099999984e+03 1.885448359730000079e-01
3.145566275659999974e+03 1.843061415249999946e-01
3.146219599219999964e+03 1.804236717009999880e-01
3.146872922779999953e+03 1.756469759729999969e-01
3.147526246330000049e+03 1.726968501470000084e-01
3.148179569890000039e+03 1.715900404300000071e-01
3.148832893450000029e+03 1.712716156499999864e-01
3.149486217010000018e+03 1.764799657480000117e-01
3.150139540570000008e+03 1.805728834410000039e-01
3.150792864129999998e+03 1.854475025020000112e-01
3.151446187680000094e+03 1.913016745159999976e-01
3.152099511240000083e+03 1.949617948969999959e-01
3.152752834800000073e+03 1.975456932259999909e-01
3.153406158360000063e+03 1.991532489149999974e-01
3.154059481920000053e+03 1.966582496679999958e-01
3.154712805470000148e+03 1.947124939590000048e-01
3.155366129030000138e+03 1.968358612899999971e-01
3.156019452590000128e+03 1.944120883090000029e-01
3.156672776150000118e+03 1.947992593060000055e-01
3.157326099710000108e+03 1.971962158359999995e-01
3.157979423260000203e+03 1.944129025119999965e-01
3.158632746820000193e+03 1.945100158359999998e-01
3.159286070380000183e+03 1.961950234900000090e-01
3.159939393940000173e+03 1.945188024239999924e-01
3.160592717500000163e+03 1.917585684650000011e-01
3.161246041060000152e+03 1.916350187099999935e-01
3.161899364609999793e+03 1.867294657480000064e-01
3.162552688169999783e+03 1.891721135480000093e-01
3.163206011729999773e+03 1.946585004399999930e-01
3.163859335290000217e+03 2.023627046329999901e-01
3.164512658850000207e+03 2.066588198139999999e-01
3.165165982399999848e+03 2.093070332549999968e-01
3.165819305959999838e+03 2.138273208600000030e-01
3.166472629519999828e+03 2.186282768910000063e-01
3.167125953079999817e+03 2.195035329030000093e-01
3.167779276639999807e+03 2.173921835390000001e-01
3.168432600199999797e+03 2.127981600880000101e-01
3.169085923749999893e+03 2.073508916129999935e-01
3.169739247309999882e+03 2.040631258060000008e-01
3.170392570869999872e+03 2.006427288369999895e-01
3.171045894429999862e+03 1.978471202640000037e-01
3.171699217989999852e+03 1.964677906350000003e-01
3.172352541539999947e+03 1.975444915150000036e-01
3.173005865099999937e+03 1.980442801760000093e-01
3.173659188659999927e+03 1.975347043600000074e-01
3.174312512219999917e+03 1.912823100880000071e-01
3.174965835779999907e+03 1.916251298240000123e-01
3.175619159339999896e+03 1.928939387289999863e-01
3.176272482889999992e+03 1.933924763340000019e-01
3.176925806449999982e+03 1.973113496770000086e-01
3.177579130009999972e+03 2.000916227569999872e-01
3.178232453569999961e+03 1.992244154639999931e-01
3.178885777129999951e+03 2.033405273020000015e-01
3.179539100680000047e+03 2.068104207039999920e-01
3.180192424240000037e+03 2.074012190910000109e-01
3.180845747800000026e+03 2.047176797649999935e-01
3.181499071360000016e+03 2.017304363050000104e-01
3.182152394920000006e+03 2.008501978299999935e-01
3.182805718479999996e+03 2.017231092379999924e-01
3.183459042030000091e+03 1.999203274880000103e-01
3.184112365590000081e+03 1.994629919350000002e-01
3.184765689150000071e+03 2.004612485039999892e-01
3.185419012710000061e+03 2.008162879769999909e-01
3.186072336270000051e+03 2.051648588659999994e-01
3.186725659820000146e+03 2.041938853080000060e-01
3.187378983380000136e+03 1.992598297560000120e-01
3.188032306940000126e+03 1.978224920720000057e-01
3.188685630500000116e+03 1.957072369500000020e-01
3.189338954060000106e+03 1.902351160119999940e-01
3.189992277610000201e+03 1.843032627570000137e-01
3.190645601170000191e+03 1.788431400290000084e-01
3.191298924730000181e+03 1.802290952689999948e-01
3.191952248290000171e+03 1.792789599999999872e-01
3.192605571850000160e+03 1.771639546040000013e-01
3.193258895410000150e+03 1.762701115249999950e-01
3.193912218959999791e+03 1.818849810750000073e-01
3.194565542519999781e+03 1.868012933429999967e-01
3.195218866080000225e+03 1.925801160310000038e-01
3.195872189640000215e+03 1.964917602740000047e-01
3.196525513200000205e+03 1.963156876250000127e-01
3.197178836749999846e+03 2.029902178200000129e-01
3.197832160309999836e+03 2.062332902250000044e-01
3.198485483869999825e+03 2.087547009680000010e-01
3.199138807429999815e+03 2.057601497559999881e-01
3.199792130989999805e+03 2.026808476149999927e-01
3.200445454549999795e+03 1.996544872730000031e-01
3.201098778099999890e+03 2.008371355909999989e-01
3.201752101659999880e+03 2.037719312219999912e-01
3.202405425219999870e+03 2.038762256889999902e-01
3.203058748779999860e+03 2.009905627959999996e-01
3.203712072339999850e+03 1.972242796579999902e-01
3.204365395889999945e+03 1.967111343110000132e-01
3.205018719449999935e+03 1.997602441840000131e-01
3.205672043009999925e+03 2.016712298920000090e-01
3.206325366569999915e+03 1.958050853670000035e-01
3.206978690129999904e+03 1.905160351709999922e-01
3.207632013689999894e+03 1.878541561969999940e-01
3.208285337239999990e+03 1.908081500290000065e-01
3.208938660799999980e+03 1.920178648579999869e-01
3.209591984359999969e+03 1.905801922389999958e-01
3.210245307919999959e+03 1.904056658359999932e-01
3.210898631479999949e+03 1.903543783190000116e-01
3.211551955030000045e+03 1.914195577520000080e-01
3.212205278590000034e+03 1.964469924929999889e-01
3.212858602150000024e+03 1.997312874190000087e-01
3.213511925710000014e+03 2.040991340759999995e-01
3.214165249270000004e+03 2.062086316719999868e-01
3.214818572829999994e+03 2.093565281330000138e-01
3.215471896380000089e+03 2.083937002829999996e-01
3.216125219940000079e+03 2.042257640469999913e-01
3.216778543500000069e+03 2.012420232450000124e-01
3.217431867060000059e+03 1.993735544090000089e-01
3.218085190620000049e+03 1.950340885630000021e-01
3.218738514170000144e+03 1.928245720429999921e-01
3.219391837730000134e+03 1.920101575070000122e-01
3.220045161290000124e+03 1.917336845160000081e-01
3.220698484850000114e+03 1.945587703030000060e-01
3.221351808410000103e+03 1.998227931379999989e-01
3.222005131960000199e+03 1.995510212319999976e-01
3.222658455520000189e+03 1.998440116129999999e-01
3.223311779080000179e+03 2.034876972920000027e-01
3.223965102640000168e+03 1.999160809380000070e-01
3.224618426200000158e+03 1.986875033140000080e-01
3.225271749760000148e+03 1.954174330990000041e-01
3.225925073309999789e+03 1.917428451319999894e-01
3.226578396869999779e+03 1.949458673699999978e-01
3.227231720430000223e+03 1.983093470969999883e-01
3.227885043990000213e+03 1.987216225810000125e-01
3.228538367550000203e+03 2.037638168819999873e-01
3.229191691099999844e+03 2.087145987100000044e-01
3.229845014659999833e+03 2.134672442230000078e-01
3.230498338219999823e+03 2.171980443010000095e-01
3.231151661779999813e+03 2.195623310750000057e-01
3.231804985339999803e+03 2.186406317890000062e-01
3.232458308899999793e+03 2.195642085239999930e-01
3.233111632449999888e+03 2.181452118080000058e-01
3.233764956009999878e+03 2.201649816419999905e-01
3.234418279569999868e+03 2.200925002149999865e-01
3.235071603129999858e+03 2.208988289250000125e-01
3.235724926689999847e+03 2.231571817599999896e-01
3.236378250239999943e+03 2.219773352789999876e-01
3.237031573799999933e+03 2.202210612319999983e-01
3.237684897359999923e+03 2.210467298240000045e-01
3.238338220919999912e+03 2.216612144089999958e-01
3.238991544479999902e+03 2.225745281619999905e-01
3.239644868039999892e+03 2.218376876250000018e-01
3.240298191589999988e+03 2.169820203710000062e-01
3.240951515149999977e+03 2.170693351519999981e-01
3.241604838709999967e+03 2.182025229029999902e-01
3.242258162269999957e+03 2.172054774000000132e-01
3.242911485829999947e+03 2.143039238810000024e-01
3.243564809380000042e+03 2.090794103230000089e-01
3.244218132940000032e+03 2.065076896770000059e-01
3.244871456500000022e+03 2.078147450239999916e-01
3.245524780060000012e+03 2.098973609379999883e-01
3.246178103620000002e+03 2.111010797850000065e-01
3.246831427170000097e+03 2.092846941640000014e-01
3.247484750730000087e+03 2.063196385920000042e-01
3.248138074290000077e+03 2.047143061189999891e-01
3.248791397850000067e+03 2.048958468819999934e-01
3.249444721410000056e+03 2.036072549850000135e-01
3.250098044970000046e+03 2.028357182009999926e-01
3.250751368520000142e+03 1.989733628839999990e-01
3.251404692080000132e+03 1.959366345449999880e-01
3.252058015640000121e+03 1.996381989930000045e-01
3.252711339200000111e+03 2.014777523559999894e-01
3.253364662760000101e+03 2.035982697070000125e-01
3.254017986310000197e+03 2.046326465299999897e-01
3.254671309870000186e+03 2.028979340469999892e-01
3.255324633430000176e+03 2.033741584750000109e-01
3.255977956990000166e+03 2.032356877419999874e-01
3.256631280550000156e+03 2.055453926689999877e-01
3.257284604110000146e+03 2.054333602929999947e-01
3.257937927659999787e+03 2.055151253760000019e-01
3.258591251219999776e+03 2.054883947799999999e-01
3.259244574780000221e+03 2.027969612899999940e-01
3.259897898340000211e+03 2.050171967939999895e-01
3.260551221900000201e+03 2.050612994919999987e-01
3.261204545449999841e+03 2.039164018179999982e-01
3.261857869009999831e+03 2.004761625810000114e-01
3.262511192569999821e+03 1.989061137339999952e-01
3.263164516129999811e+03 1.978803477420000012e-01
3.263817839689999801e+03 2.006041837729999888e-01
3.264471163249999790e+03 2.011631784750000096e-01
3.265124486799999886e+03 1.990095444570000038e-01
3.265777810359999876e+03 1.976914653759999918e-01
3.266431133919999866e+03 1.973857579180000044e-01
3.267084457479999855e+03 1.988021135480000090e-01
3.267737781039999845e+03 2.046551022189999902e-01
3.268391104589999941e+03 2.032472997650000002e-01
3.269044428149999931e+03 1.980696243400000001e-01
3.269697751709999920e+03 1.973651775370000028e-01
3.270351075269999910e+03 1.974795906450000083e-01
3.271004398829999900e+03 1.957502989440000063e-01
3.271657722389999890e+03 1.947464934210000054e-01
3.272311045939999985e+03 1.962552022869999968e-01
3.272964369499999975e+03 2.002435709379999929e-01
3.273617693059999965e+03 2.033291781819999977e-01
3.274271016619999955e+03 2.070764795310000017e-01
3.274924340179999945e+03 2.062366167739999867e-01
3.275577663730000040e+03 2.069868896289999982e-01
3.276230987290000030e+03 2.105918874880000069e-01
3.276884310850000020e+03 2.098057696189999932e-01
3.277537634410000010e+03 2.063712352690000029e-01
3.278190957969999999e+03 2.016521534600000110e-01
3.278844281520000095e+03 2.002862895599999971e-01
3.279497605080000085e+03 1.979312134410000090e-01
3.280150928640000075e+03 1.991710120819999985e-01
3.280804252200000064e+03 1.988060282699999903e-01
3.281457575760000054e+03 2.011699169700000012e-01
3.282110899320000044e+03 2.036125765000000032e-01
3.282764222870000140e+03 2.047978980650000114e-01
3.283417546430000129e+03 2.046505498039999926e-01
3.284070869990000119e+03 2.069875508900000105e-01
3.284724193550000109e+03 2.090582083870000107e-01
3.285377517110000099e+03 2.076625273309999908e-01
3.286030840660000194e+03 2.080585726199999930e-01
3.286684164220000184e+03 2.032696354250000115e-01
3.287337487780000174e+03 2.017306624930000070e-01
3.287990811340000164e+03 2.001189591589999928e-01
3.288644134900000154e+03 2.002987302639999967e-01
3.289297458460000144e+03 1.980691780649999900e-01
3.289950782009999784e+03 1.971614688270000026e-01
3.290604105569999774e+03 1.970954550729999977e-01
3.291257429130000219e+03 1.987480316420000004e-01
3.291910752690000209e+03 2.026130027960000024e-01
3.292564076250000198e+03 2.064793072140000130e-01
3.293217399799999839e+03 2.111442993160000114e-01
3.293870723359999829e+03 2.107982736850000094e-01
3.294524046919999819e+03 2.086222168909999952e-01
3.295177370479999809e+03 2.099018771460000043e-01
3.295830694039999798e+03 2.129604744870000066e-01
3.296484017599999788e+03 2.121117518179999883e-01
3.297137341149999884e+03 2.119485093260000119e-01
3.297790664709999874e+03 2.092780781330000062e-01
3.298443988269999863e+03 2.090443286800000022e-01
3.299097311829999853e+03 2.126530054840000128e-01
3.299750635389999843e+03 2.159306508699999905e-01
3.300403958939999939e+03 2.176743502350000081e-01
3.301057282499999928e+03 2.210593830500000023e-01
3.301710606059999918e+03 2.194503033330000019e-01
3.302363929619999908e+03 2.172071838709999925e-01
3.303017253179999898e+03 2.154247075859999916e-01
3.303670576739999888e+03 2.121998077420000073e-01
3.304323900289999983e+03 2.117262654840000036e-01
3.304977223849999973e+03 2.111952350150000102e-01
3.305630547409999963e+03 2.041684412610000054e-01
3.306283870969999953e+03 1.986349612899999950e-01
3.306937194529999942e+03 1.958646376050000026e-01
3.307590518080000038e+03 1.958147950540000126e-01
3.308243841640000028e+03 1.982347001170000067e-01
3.308897165200000018e+03 1.992099321599999917e-01
3.309550488760000007e+03 1.994835743789999949e-01
3.310203812319999997e+03 1.992109522580000069e-01
3.310857135870000093e+03 2.017259896970000077e-01
3.311510459430000083e+03 2.039891928249999986e-01
3.312163782990000072e+03 2.094462438119999992e-01
3.312817106550000062e+03 2.116528650239999920e-01
3.313470430110000052e+03 2.117671618280000112e-01
3.314123753670000042e+03 2.126969292670000122e-01
3.314777077220000137e+03 2.146232949559999936e-01
3.315430400780000127e+03 2.176291620530000082e-01
3.316083724340000117e+03 2.209636896190000088e-01
3.316737047900000107e+03 2.203065845159999925e-01
3.317390371460000097e+03 2.174645961090000135e-01
3.318043695010000192e+03 2.133770757179999922e-01
3.318697018570000182e+03 2.089418389930000064e-01
3.319350342130000172e+03 2.052131186310000022e-01
3.320003665690000162e+03 2.006630776830000129e-01
3.320656989250000152e+03 1.976409266670000053e-01
3.321310312810000141e+03 1.992186103230000060e-01
3.321963636359999782e+03 1.984751981819999900e-01
3.322616959920000227e+03 1.976847994229999905e-01
3.323270283480000217e+03 1.992252115739999996e-01
3.323923607040000206e+03 2.031123836360000101e-01
3.324576930600000196e+03 2.026131483280000090e-01
3.325230254149999837e+03 2.069722942520000053e-01
3.325883577709999827e+03 2.080949716720000009e-01
3.326536901269999817e+03 2.074608117110000038e-01
3.327190224829999806e+03 2.090723265689999888e-01
3.327843548389999796e+03 2.089017409679999882e-01
3.328496871949999786e+03 2.067711865690000095e-01
3.329150195499999882e+03 2.077265874879999918e-01
3.329803519059999871e+03 2.105366701470000046e-01
3.330456842619999861e+03 2.076365995599999958e-01
3.331110166179999851e+03 2.072956057479999892e-01
3.331763489739999841e+03 2.111322759529999926e-01
3.332416813289999936e+03 2.127783731769999909e-01
3.333070136849999926e+03 2.156934440369999983e-01
3.333723460409999916e+03 2.161262027570000077e-01
3.334376783969999906e+03 2.120943925219999915e-01
3.335030107529999896e+03 2.096330959140000061e-01
3.335683431089999885e+03 2.073378816130000135e-01
3.336336754639999981e+03 2.041583295009999910e-01
3.336990078199999971e+03 2.009848916620000092e-01
3.337643401759999961e+03 1.979229600000000089e-01
3.338296725319999950e+03 1.981649409289999997e-01
3.338950048879999940e+03 1.980985421700000026e-01
3.339603372430000036e+03 1.985870486509999921e-01
3.340256695990000026e+03 2.018302269789999936e-01
3.340910019550000015e+03 2.044124422870000068e-01
3.341563343110000005e+03 2.090525173020000016e-01
3.342216666669999995e+03 2.122853566669999914e-01
3.342869990220000091e+03 2.157676492280000136e-01
3.343523313780000080e+03 2.149696065399999967e-01
3.344176637340000070e+03 2.176398365589999884e-01
3.344829960900000060e+03 2.184207433529999909e-01
3.345483284460000050e+03 2.198851346039999988e-01
3.346136608020000040e+03 2.194615921899999988e-01
3.346789931570000135e+03 2.137291761679999957e-01
3.347443255130000125e+03 2.115771527570000088e-01
3.348096578690000115e+03 2.120361638709999941e-01
3.348749902250000105e+03 2.110374708309999958e-01
3.349403225810000094e+03 2.069091096769999916e-01
3.350056549360000190e+03 2.026502515839999907e-01
3.350709872920000180e+03 1.964386209969999908e-01
3.351363196480000170e+03 1.972815577710000101e-01
3.352016520040000159e+03 1.990713276249999886e-01
3.352669843600000149e+03 2.044573941449999988e-01
3.353323167160000139e+03 2.051936293839999870e-01
3.353976490709999780e+03 2.063471677220000133e-01
3.354629814270000224e+03 2.070947281720000033e-01
3.355283137830000214e+03 2.107219102350000040e-01
3.355936461390000204e+03 2.136573397460000134e-01
3.356589784950000194e+03 2.101434940859999989e-01
3.357243108499999835e+03 2.058544512609999932e-01
3.357896432059999825e+03 2.005748739300000083e-01
3.358549755619999814e+03 2.003077332550000089e-01
3.359203079179999804e+03 2.058370636069999926e-01
3.359856402739999794e+03 2.088746292860000076e-01
3.360509726299999784e+03 2.088648743990000056e-01
3.361163049849999879e+03 2.081761768329999929e-01
3.361816373409999869e+03 2.094605508500000102e-01
3.362469696969999859e+03 2.103002018179999932e-01
3.363123020529999849e+03 2.075191469500000108e-01
3.363776344089999839e+03 2.064891987099999882e-01
3.364429667639999934e+03 2.047794143499999941e-01
3.365082991199999924e+03 2.064469287390000019e-01
3.365736314759999914e+03 2.087294965400000035e-01
3.366389638319999904e+03 2.102241969310000014e-01
3.367042961879999893e+03 2.089768300289999992e-01
3.367696285429999989e+03 2.096428346039999890e-01
3.368349608989999979e+03 2.111428308409999954e-01
3.369002932549999969e+03 2.111425201759999926e-01
3.369656256109999958e+03 2.101122348480000124e-01
3.370309579669999948e+03 2.091776177520000002e-01
3.370962903229999938e+03 2.084951990320000059e-01
3.371616226780000034e+03 2.079281955820000138e-01
3.372269550340000023e+03 2.121745249950000023e-01
3.372922873900000013e+03 2.135790788270000018e-01
3.373576197460000003e+03 2.131555562169999973e-01
3.374229521019999993e+03 2.103910139200000085e-01
3.374882844570000088e+03 2.108827214079999901e-01
3.375536168130000078e+03 2.104263109869999870e-01
3.376189491690000068e+03 2.118124902540000076e-01
3.376842815250000058e+03 2.098496912020000049e-01
3.377496138810000048e+03 2.059909765100000067e-01
3.378149462370000037e+03 2.031799853759999885e-01
3.378802785920000133e+03 2.017717790319999982e-01
3.379456109480000123e+03 2.031228426589999914e-01
3.380109433040000113e+03 2.023312779670000117e-01
3.380762756600000102e+03 2.029687290320000004e-01
3.381416080160000092e+03 2.028268387390000094e-01
3.382069403710000188e+03 2.039081895010000089e-01
3.382722727270000178e+03 2.077103309090000127e-01
3.383376050830000167e+03 2.115542803909999936e-01
3.384029374390000157e+03 2.152642056990000108e-01
3.384682697950000147e+03 2.208160134899999905e-01
3.385336021510000137e+03 2.214233469889999861e-01
3.385989345059999778e+03 2.244054850240000121e-01
3.386642668620000222e+03 2.268540646630000102e-01
3.387295992180000212e+03 2.295767106349999864e-01
3.387949315740000202e+03 2.288199361780000052e-01
3.388602639300000192e+03 2.277359003520000036e-01
3.389255962849999833e+03 2.235485642820000118e-01
3.389909286409999822e+03 2.163011265489999946e-01
3.390562609969999812e+03 2.148334705280000034e-01
3.391215933529999802e+03 2.147981426389999893e-01
3.391869257089999792e+03 2.105095343299999977e-01
3.392522580649999782e+03 2.108554690320000036e-01
3.393175904199999877e+03 2.141149259529999960e-01
3.393829227759999867e+03 2.143874315150000043e-01
3.394482551319999857e+03 2.128665800879999959e-01
3.395135874879999847e+03 2.113889637930000120e-01
3.395789198439999836e+03 2.104778996680000125e-01
3.396442521989999932e+03 2.060726769500000055e-01
3.397095845549999922e+03 2.049461362070000015e-01
3.397749169109999912e+03 2.018095420530000017e-01
3.398402492669999901e+03 2.006209015250000061e-01
3.399055816229999891e+03 2.042955784359999916e-01
3.399709139779999987e+03 2.099015513980000136e-01
3.400362463339999977e+03 2.128234655719999924e-01
3.401015786899999966e+03 2.139748041250000010e-01
3.401669110459999956e+03 2.171493001170000103e-01
3.402322434019999946e+03 2.205008901470000005e-01
3.402975757579999936e+03 2.206515339389999997e-01
3.403629081130000031e+03 2.201145631960000071e-01
3.404282404690000021e+03 2.195939299709999959e-01
3.404935728250000011e+03 2.174486598729999942e-01
3.405589051810000001e+03 2.154383633239999873e-01
3.406242375369999991e+03 2.140215282400000085e-01
3.406895698920000086e+03 2.136055079570000070e-01
3.407549022480000076e+03 2.098421027569999930e-01
3.408202346040000066e+03 2.066982566570000068e-01
3.408855669600000056e+03 2.038220952689999976e-01
3.409508993160000045e+03 2.039371473509999921e-01
3.410162316720000035e+03 2.062837970380000108e-01
3.410815640270000131e+03 2.078533152489999980e-01
3.411468963830000121e+03 2.095375919059999925e-01
3.412122287390000110e+03 2.092084893839999959e-01
3.412775610950000100e+03 2.119486191690000132e-01
3.413428934510000090e+03 2.153237219749999931e-01
3.414082258060000186e+03 2.142924319349999995e-01
3.414735581620000175e+03 2.083585892669999884e-01
3.415388905180000165e+03 2.050415489250000112e-01
3.416042228740000155e+03 2.067925585919999920e-01
3.416695552300000145e+03 2.066452616720000079e-01
3.417348875860000135e+03 2.104647506740000007e-01
3.418002199409999776e+03 2.087393674190000104e-01
3.418655522970000220e+03 2.070803667639999901e-01
3.419308846530000210e+03 2.142960091589999894e-01
3.419962170090000200e+03 2.211296502639999995e-01
3.420615493650000190e+03 2.192709801080000021e-01
3.421268817199999830e+03 2.165722341940000129e-01
3.421922140759999820e+03 2.161978962459999987e-01
3.422575464319999810e+03 2.138480175759999991e-01
3.423228787879999800e+03 2.109891518179999870e-01
3.423882111439999790e+03 2.076729404110000121e-01
3.424535434999999779e+03 2.054908571259999872e-01
3.425188758549999875e+03 2.082109464130000032e-01
3.425842082109999865e+03 2.127513777710000054e-01
3.426495405669999855e+03 2.131591159529999946e-01
3.427148729229999844e+03 2.146793390710000082e-01
3.427802052789999834e+03 2.153404202929999900e-01
3.428455376339999930e+03 2.177648213979999914e-01
3.429108699899999920e+03 2.181517281129999875e-01
3.429762023459999909e+03 2.128331893840000044e-01
3.430415347019999899e+03 2.076313992770000005e-01
3.431068670579999889e+03 2.058092119549999877e-01
3.431721994129999985e+03 2.098262853960000118e-01
3.432375317689999974e+03 2.106163839000000093e-01
3.433028641249999964e+03 2.129993423260000129e-01
3.433681964809999954e+03 2.111902417890000050e-01
3.434335288369999944e+03 2.159743895600000074e-01
3.434988611929999934e+03 2.184654457870000011e-01
3.435641935480000029e+03 2.194683541939999871e-01
3.436295259040000019e+03 2.165914556109999889e-01
3.436948582600000009e+03 2.135407012899999957e-01
3.437601906159999999e+03 2.138715197949999924e-01
3.438255229719999988e+03 2.131080716519999918e-01
3.438908553270000084e+03 2.135630829909999917e-01
3.439561876830000074e+03 2.105035635780000136e-01
3.440215200390000064e+03 2.110479408020000114e-01
3.440868523950000053e+03 2.143785774189999882e-01
3.441521847510000043e+03 2.171969653670000056e-01
3.442175171070000033e+03 2.154632362849999982e-01
3.442828494620000129e+03 2.145232035480000021e-01
3.443481818180000118e+03 2.155835018180000118e-01
3.444135141740000108e+03 2.128007283970000107e-01
3.444788465300000098e+03 2.091924024440000029e-01
3.445441788860000088e+03 2.066368793260000003e-01
3.446095112410000183e+03 2.078719992380000103e-01
3.446748435970000173e+03 2.127957826100000116e-01
3.447401759530000163e+03 2.149302466859999983e-01
3.448055083090000153e+03 2.181619583680000085e-01
3.448708406650000143e+03 2.205747893839999918e-01
3.449361730210000133e+03 2.255218866860000115e-01
3.450015053759999773e+03 2.295761724729999953e-01
3.450668377320000218e+03 2.285662459820000103e-01
3.451321700880000208e+03 2.233597316719999892e-01
3.451975024440000198e+03 2.189709242129999900e-01
3.452628348000000187e+03 2.157910177319999900e-01
3.453281671549999828e+03 2.130455078010000114e-01
3.453934995109999818e+03 2.100113340370000081e-01
3.454588318669999808e+03 2.118554350240000050e-01
3.455241642229999798e+03 2.159085991789999881e-01
3.455894965789999787e+03 2.172835740469999943e-01
3.456548289349999777e+03 2.180492485040000095e-01
3.457201612899999873e+03 2.235957487099999863e-01
3.457854936459999863e+03 2.239965858059999870e-01
3.458508260019999852e+03 2.243375704689999917e-01
3.459161583579999842e+03 2.278813048090000126e-01
3.459814907139999832e+03 2.291975134120000090e-01
3.460468230689999928e+03 2.310756076640000101e-01
3.461121554249999917e+03 2.346472099409999956e-01
3.461774877809999907e+03 2.349817986899999933e-01
3.462428201369999897e+03 2.324097407429999984e-01
3.463081524929999887e+03 2.305305795890000009e-01
3.463734848479999982e+03 2.340934445450000012e-01
3.464388172039999972e+03 2.360179000000000027e-01
3.465041495599999962e+03 2.315474977710000049e-01
3.465694819159999952e+03 2.240923245549999998e-01
3.466348142719999942e+03 2.198455080349999979e-01
3.467001466279999931e+03 2.184855270380000047e-01
3.467654789830000027e+03 2.187688888950000132e-01
3.468308113390000017e+03 2.179997190809999930e-01
3.468961436950000007e+03 2.123697846629999941e-01
3.469614760509999996e+03 2.092095240469999951e-01
3.470268084069999986e+03 2.127855294819999965e-01
3.470921407620000082e+03 2.159703638709999929e-01
3.471574731180000072e+03 2.168118778489999954e-01
3.472228054740000061e+03 2.234501592179999885e-01
3.472881378300000051e+03 2.254276668619999979e-01
3.473534701860000041e+03 2.282738399020000086e-01
3.474188025420000031e+03 2.304279091199999963e-01
3.474841348970000126e+03 2.281051894430000115e-01
3.475494672530000116e+03 2.259006510749999863e-01
3.476147996090000106e+03 2.261019801370000026e-01
3.476801319650000096e+03 2.249170839590000082e-01
3.477454643210000086e+03 2.208455343110000135e-01
3.478107966760000181e+03 2.223577896579999880e-01
3.478761290320000171e+03 2.229343122580000058e-01
3.479414613880000161e+03 2.252482366080000020e-01
3.480067937440000151e+03 2.328722961880000109e-01
3.480721261000000140e+03 2.367782828449999932e-01
3.481374584560000130e+03 2.399686970669999975e-01
3.482027908110000226e+03 2.422216958060000036e-01
3.482681231670000216e+03 2.420168446919999938e-01
3.483334555230000205e+03 2.406484663640000021e-01
3.483987878790000195e+03 2.431188945449999916e-01
3.484641202350000185e+03 2.420344859530000059e-01
3.485294525899999826e+03 2.352828667059999879e-01
3.485947849459999816e+03 2.300727159139999978e-01
3.486601173019999806e+03 2.264177174779999913e-01
3.487254496579999795e+03 2.200550700489999900e-01
3.487907820139999785e+03 2.166725794719999987e-01
3.488561143699999775e+03 2.146983792959999970e-01
3.489214467249999871e+03 2.091788355820000112e-01
3.489867790809999860e+03 2.086932094130000137e-01
3.490521114369999850e+03 2.135798202929999889e-01
3.491174437929999840e+03 2.154426409290000066e-01
3.491827761489999830e+03 2.137531503619999884e-01
3.492481085039999925e+03 2.175675314370000002e-01
3.493134408599999915e+03 2.171549954839999963e-01
3.493787732159999905e+03 2.148693347210000049e-01
3.494441055719999895e+03 2.175051078009999916e-01
3.495094379279999885e+03 2.139639316230000088e-01
3.495747702829999980e+03 2.137105257670000036e-01
3.496401026389999970e+03 2.187478409970000093e-01
3.497054349949999960e+03 2.236506151119999897e-01
3.497707673509999950e+03 2.302865421020000025e-01
3.498360997069999939e+03 2.389491831090000129e-01
3.499014320629999929e+03 2.381193329809999926e-01
3.499667644180000025e+03 2.400360941349999888e-01
3.500320967740000015e+03 2.426571341940000071e-01
3.500974291300000004e+03 2.395349868620000044e-01
3.501627614859999994e+03 2.355403563150000046e-01
3.502280938419999984e+03 2.327293082109999911e-01
3.502934261970000080e+03 2.307600107720000071e-01
3.503587585530000069e+03 2.309124582990000063e-01
3.504240909090000059e+03 2.335299563640000076e-01
3.504894232650000049e+03 2.332024288560000103e-01
3.505547556210000039e+03 2.320090394529999989e-01
3.506200879770000029e+03 2.343414175369999963e-01
3.506854203320000124e+03 2.364860546139999908e-01
3.507507526880000114e+03 2.347483845159999971e-01
3.508160850440000104e+03 2.339594026980000019e-01
3.508814174000000094e+03 2.334543384749999950e-01
3.509467497560000083e+03 2.311409912899999863e-01
3.510120821110000179e+03 2.278345188270000099e-01
3.510774144670000169e+03 2.280494883089999869e-01
3.511427468230000159e+03 2.245020378099999991e-01
3.512080791790000148e+03 2.234702820820000102e-01
3.512734115350000138e+03 2.254110043989999979e-01
3.513387438910000128e+03 2.250224470090000095e-01
3.514040762460000224e+03 2.240898975370000101e-01
3.514694086020000213e+03 2.215813754840000038e-01
3.515347409580000203e+03 2.199436643209999875e-01
3.516000733140000193e+03 2.215811956890000045e-01
3.516654056700000183e+03 2.244879677609999957e-01
3.517307380249999824e+03 2.230632830600000061e-01
3.517960703809999814e+03 2.215088642230000071e-01
3.518614027369999803e+03 2.202706445550000058e-01
3.519267350929999793e+03 2.235291559919999893e-01
3.519920674489999783e+03 2.251619281520000071e-01
3.520573998039999879e+03 2.256159810749999994e-01
3.521227321599999868e+03 2.231338284359999924e-01
3.521880645159999858e+03 2.229809619349999994e-01
3.522533968719999848e+03 2.259802023459999976e-01
3.523187292279999838e+03 2.216666808019999990e-01
3.523840615839999828e+03 2.067365412790000134e-01
3.524493939389999923e+03 1.860308884240000071e-01
3.525147262949999913e+03 1.667393299040000054e-01
3.525800586509999903e+03 1.461213123519999879e-01
3.526453910069999893e+03 1.246002775939999974e-01
3.527107233629999882e+03 9.954792340180000643e-02
3.527760557179999978e+03 7.144921836070000642e-02
3.528413880739999968e+03 4.998994901269999958e-02
3.529067204299999958e+03 4.075099170970000045e-02
3.529720527859999947e+03 3.386969969499999816e-02
3.530373851419999937e+03 2.726685267449999867e-02
3.531027174979999927e+03 2.090371627550000055e-02
3.531680498530000023e+03 1.471619545339999946e-02
3.532333822090000012e+03 1.213155747370000051e-02
3.532987145650000002e+03 1.023743450539999975e-02
3.533640469209999992e+03 8.169713998350000214e-03
3.534293792769999982e+03 6.380028351560000123e-03
3.534947116320000077e+03 4.820618191399999621e-03
3.535600439880000067e+03 3.450112438789999965e-03
3.536253763440000057e+03 2.239054936390000132e-03
3.536907087000000047e+03 1.160729001749999986e-03
3.537560410560000037e+03 1.960421993210000036e-04
3.538213734120000026e+03 2.350363430110000025e-06
3.538867057670000122e+03 2.208185542129999815e-06
3.539520381230000112e+03 2.079208070969999878e-06
3.540173704790000102e+03 1.810753110849999935e-06
3.540827028350000091e+03 1.508680355819999942e-06
3.541480351910000081e+03 1.222125643989999903e-06
3.542133675460000177e+03 9.500461014659999984e-07
3.542786999020000167e+03 6.912474367550000274e-07
3.543440322580000156e+03 4.445664741940000165e-07
3.544093646140000146e+03 2.090044684259999877e-07
3.544746969700000136e+03 0.000000000000000000e+00
3.545400293260000126e+03 0.000000000000000000e+00
3.546053616810000221e+03 0.000000000000000000e+00
3.546706940370000211e+03 0.000000000000000000e+00
3.547360263930000201e+03 0.000000000000000000e+00
3.548013587490000191e+03 0.000000000000000000e+00
3.548666911050000181e+03 0.000000000000000000e+00
3.549320234599999822e+03 0.000000000000000000e+00
3.549973558159999811e+03 0.000000000000000000e+00
3.550626881719999801e+03 0.000000000000000000e+00
3.551280205279999791e+03 0.000000000000000000e+00
3.551933528839999781e+03 0.000000000000000000e+00
3.552586852389999876e+03 0.000000000000000000e+00
3.553240175949999866e+03 0.000000000000000000e+00
3.553893499509999856e+03 0.000000000000000000e+00
3.554546823069999846e+03 0.000000000000000000e+00
3.555200146629999836e+03 0.000000000000000000e+00
3.555853470189999825e+03 0.000000000000000000e+00
3.556506793739999921e+03 0.000000000000000000e+00
3.557160117299999911e+03 0.000000000000000000e+00
3.557813440859999901e+03 0.000000000000000000e+00
3.558466764419999890e+03 0.000000000000000000e+00
3.559120087979999880e+03 0.000000000000000000e+00
3.559773411529999976e+03 0.000000000000000000e+00
3.560426735089999966e+03 0.000000000000000000e+00
3.561080058649999955e+03 0.000000000000000000e+00
3.561733382209999945e+03 0.000000000000000000e+00
3.562386705769999935e+03 0.000000000000000000e+00
3.563040029329999925e+03 0.000000000000000000e+00
3.563693352880000020e+03 0.000000000000000000e+00
3.564346676440000010e+03 0.000000000000000000e+00
3.565000000000000000e+03 0.000000000000000000e+00
