# Wavelength (Angstroms)      Variance
2.921150000000000091e+03 2.623033200000000065e-01
2.922878983380000136e+03 2.535914850730000003e-01
2.924607966760000181e+03 2.510925901859999976e-01
2.926336950150000121e+03 2.481299952200000103e-01
2.928065933530000166e+03 2.479103575369999979e-01
2.929794916910000211e+03 2.472930696869999889e-01
2.931523900289999801e+03 2.480346746039999994e-01
2.933252883680000195e+03 2.501546601469999964e-01
2.934981867059999786e+03 2.482753069399999957e-01
2.936710850439999831e+03 2.483753430789999994e-01
2.938439833819999876e+03 2.483732962659999932e-01
2.940168817199999921e+03 2.507969923660000044e-01
2.941897800589999861e+03 2.500419314960000139e-01
2.943626783969999906e+03 2.503118375660000061e-01
2.945355767349999951e+03 2.510896539779999825e-01
2.947084750729999996e+03 2.529117850440000259e-01
2.948813734119999936e+03 2.515770813100000058e-01
2.950542717499999981e+03 2.499798618380000004e-01
2.952271700880000026e+03 2.488728689149999895e-01
2.954000684260000071e+03 2.489160878889999928e-01
2.955729667640000116e+03 2.491121277220000041e-01
2.957458651030000055e+03 2.489235554249999982e-01
2.959187634410000101e+03 2.500751451609999898e-01
2.960916617790000146e+03 2.511209676639999944e-01
2.962645601170000191e+03 2.526134544870000109e-01
2.964374584560000130e+03 2.517045631479999934e-01
2.966103567940000175e+03 2.529261504010000272e-01
2.967832551320000221e+03 2.526637029620000252e-01
2.969561534699999811e+03 2.542882682700000063e-01
2.971290518079999856e+03 2.541350504200000082e-01
2.973019501469999796e+03 2.528751904989999799e-01
2.974748484849999841e+03 2.522979175760000081e-01
2.976477468229999886e+03 2.506422853759999736e-01
2.978206451609999931e+03 2.523770003229999781e-01
2.979935434999999870e+03 2.520337085239999775e-01
2.981664418379999915e+03 2.541417287489999843e-01
2.983393401759999961e+03 2.526690585340000128e-01
2.985122385140000006e+03 2.537447726979999985e-01
2.986851368520000051e+03 2.522780251030000143e-01
2.988580351909999990e+03 2.552398246920000169e-01
2.990309335290000035e+03 2.571769548000000238e-01
2.992038318670000081e+03 2.611545172040000140e-01
2.993767302050000126e+03 2.613982927269999923e-01
2.995496285430000171e+03 2.618030890129999788e-01
2.997225268820000110e+03 2.621367892470000127e-01
2.998954252200000155e+03 2.724616291499999954e-01
3.000683235580000201e+03 2.686830739200000151e-01
3.002412218959999791e+03 2.662757368720000128e-01
3.004141202350000185e+03 2.562016540470000159e-01
3.005870185729999776e+03 2.582819736270000055e-01
3.007599169109999821e+03 2.581826559240000263e-01
3.009328152489999866e+03 2.591602619350000247e-01
3.011057135869999911e+03 2.602936881330000229e-01
3.012786119259999850e+03 2.596110245550000140e-01
3.014515102639999895e+03 2.605135931959999818e-01
3.016244086019999941e+03 2.612569290319999848e-01
3.017973069399999986e+03 2.619972011050000216e-01
3.019702052789999925e+03 2.630924082700000222e-01
3.021431036169999970e+03 2.639298419350000202e-01
3.023160019550000015e+03 2.650123055909999747e-01
3.024889002930000061e+03 2.646021070089999982e-01
3.026617986310000106e+03 2.644360720819999844e-01
3.028346969700000045e+03 2.631342618179999815e-01
3.030075953080000090e+03 2.627361686799999929e-01
3.031804936460000135e+03 2.640323351609999980e-01
3.033533919840000181e+03 2.644306171649999926e-01
3.035262903230000120e+03 2.652167119350000157e-01
3.036991886610000165e+03 2.645829238319999943e-01
3.038720869990000210e+03 2.666052941739999738e-01
3.040449853369999801e+03 2.666044676250000078e-01
3.042178836749999846e+03 2.695050384850000147e-01
3.043907820139999785e+03 2.688716721409999955e-01
3.045636803519999830e+03 2.698700989439999920e-01
3.047365786899999875e+03 2.677496900879999808e-01
3.049094770279999921e+03 2.689245690809999867e-01
3.050823753669999860e+03 2.685948748390000196e-01
3.052552737049999905e+03 2.697017108800000007e-01
3.054281720429999950e+03 2.673333309679999936e-01
3.056010703809999995e+03 2.681658428149999995e-01
3.057739687190000041e+03 2.685402343109999923e-01
3.059468670579999980e+03 2.711111151030000110e-01
3.061197653960000025e+03 2.721042746630000231e-01
3.062926637340000070e+03 2.742844690519999906e-01
3.064655620720000115e+03 2.744746926689999866e-01
3.066384604110000055e+03 2.738274517600000069e-01
3.068113587490000100e+03 2.707466695410000179e-01
3.069842570870000145e+03 2.726242213780000201e-01
3.071571554250000190e+03 2.717713937239999988e-01
3.073300537629999781e+03 2.736470307530000090e-01
3.075029521020000175e+03 2.736279722780000090e-01
3.076758504400000220e+03 2.747548891200000121e-01
3.078487487779999810e+03 2.747435350149999844e-01
3.080216471159999855e+03 2.771991426779999990e-01
3.081945454549999795e+03 2.794785963640000204e-01
3.083674437929999840e+03 2.815361768719999991e-01
3.085403421309999885e+03 2.807771046329999853e-01
3.087132404689999930e+03 2.801600680349999872e-01
3.088861388069999975e+03 2.795312213689999936e-01
3.090590371459999915e+03 2.802403222970000218e-01
3.092319354839999960e+03 2.812033987099999965e-01
3.094048338220000005e+03 2.826914152200000196e-01
3.095777321600000050e+03 2.852103890129999986e-01
3.097506304989999990e+03 2.873314925220000204e-01
3.099235288370000035e+03 2.859385907329999865e-01
3.100964271750000080e+03 2.850760352300000244e-01
3.102693255130000125e+03 2.863385231669999809e-01
3.104422238510000170e+03 2.877083031279999981e-01
3.106151221900000110e+03 2.895328828929999987e-01
3.107880205280000155e+03 2.895777585920000230e-01
3.109609188660000200e+03 2.900202968330000131e-01
3.111338172039999790e+03 2.922285831179999849e-01
3.113067155430000184e+03 2.919160637539999770e-01
3.114796138809999775e+03 2.910448016809999983e-01
3.116525122189999820e+03 2.881453503809999761e-01
3.118254105569999865e+03 2.887765206740000035e-01
3.119983088949999910e+03 2.899215877810000230e-01
3.121712072339999850e+03 2.930719727169999733e-01
3.123441055719999895e+03 2.958342827570000222e-01
3.125170039099999940e+03 2.953903675369999871e-01
3.126899022479999985e+03 2.950442446920000239e-01
3.128628005869999924e+03 2.946037595009999843e-01
3.130356989249999970e+03 2.971348286020000229e-01
3.132085972630000015e+03 2.984522230689999889e-01
3.133814956010000060e+03 2.974141829329999820e-01
3.135543939390000105e+03 2.978934100000000251e-01
3.137272922780000044e+03 2.977509257670000187e-01
3.139001906160000090e+03 3.001265373900000033e-01
3.140730889540000135e+03 2.969598362270000069e-01
3.142459872920000180e+03 2.954731648969999847e-01
3.144188856300000225e+03 2.953866131960000141e-01
3.145917839690000164e+03 2.995367848969999747e-01
3.147646823070000210e+03 3.017087939779999894e-01
3.149375806449999800e+03 3.018110438709999954e-01
3.151104789829999845e+03 2.996659975950000110e-01
3.152833773219999784e+03 2.992063312409999898e-01
3.154562756599999830e+03 2.998992909090000270e-01
3.156291739979999875e+03 3.005859664319999736e-01
3.158020723359999920e+03 3.013706257279999967e-01
3.159749706739999965e+03 3.013151195600000110e-01
3.161478690129999904e+03 3.040647558749999813e-01
3.163207673509999950e+03 3.054272803029999817e-01
3.164936656889999995e+03 3.057288663930000094e-01
3.166665640270000040e+03 3.024264940079999797e-01
3.168394623659999979e+03 3.019769572039999739e-01
3.170123607040000024e+03 3.012220647509999960e-01
3.171852590420000070e+03 3.045609252390000243e-01
3.173581573800000115e+03 3.084351883379999881e-01
3.175310557180000160e+03 3.091734329029999784e-01
3.177039540570000099e+03 3.095374505180000235e-01
3.178768523950000144e+03 3.083263565000000095e-01
3.180497507330000190e+03 3.087723707039999876e-01
3.182226490709999780e+03 3.085320200389999878e-01
3.183955474100000174e+03 3.089146044280000059e-01
3.185684457480000219e+03 3.089285307329999730e-01
3.187413440859999810e+03 3.094468517200000268e-01
3.189142424239999855e+03 3.115470103030000271e-01
3.190871407619999900e+03 3.118375658359999747e-01
3.192600391009999839e+03 3.120668152300000164e-01
3.194329374389999884e+03 3.115482117889999958e-01
3.196058357769999930e+03 3.138840733139999783e-01
3.197787341149999975e+03 3.135500556110000225e-01
3.199516324539999914e+03 3.121370056700000228e-01
3.201245307919999959e+03 3.131968092669999981e-01
3.202974291300000004e+03 3.137231660409999789e-01
3.204703274680000050e+03 3.156079601760000131e-01
3.206432258060000095e+03 3.161088683869999749e-01
3.208161241450000034e+03 3.176002644379999906e-01
3.209890224830000079e+03 3.178334565000000000e-01
3.211619208210000124e+03 3.177140063930000147e-01
3.213348191590000170e+03 3.177742654349999807e-01
3.215077174980000109e+03 3.180768544179999879e-01
3.216806158360000154e+03 3.188906009379999795e-01
3.218535141740000199e+03 3.203207680740000063e-01
3.220264125119999790e+03 3.215960816230000185e-01
3.221993108499999835e+03 3.236834732839999895e-01
3.223722091889999774e+03 3.224576073120000164e-01
3.225451075269999819e+03 3.225324908600000207e-01
3.227180058649999864e+03 3.233117682109999946e-01
3.228909042029999910e+03 3.260885301759999799e-01
3.230638025419999849e+03 3.252589319840000215e-01
3.232367008799999894e+03 3.230112201759999802e-01
3.234095992179999939e+03 3.217038009779999985e-01
3.235824975559999984e+03 3.227296017599999844e-01
3.237553958940000030e+03 3.248877580060000048e-01
3.239282942329999969e+03 3.272435436560000022e-01
3.241011925710000014e+03 3.295200185339999810e-01
3.242740909090000059e+03 3.295309509089999755e-01
3.244469892470000104e+03 3.282492886019999778e-01
3.246198875860000044e+03 3.297792493260000013e-01
3.247927859240000089e+03 3.311390626390000036e-01
3.249656842620000134e+03 3.338265925419999780e-01
3.251385826000000179e+03 3.343024932549999995e-01
3.253114809380000224e+03 3.350853446329999930e-01
3.254843792770000164e+03 3.350073987100000150e-01
3.256572776150000209e+03 3.338596735000000093e-01
3.258301759529999799e+03 3.347657777709999727e-01
3.260030742909999844e+03 3.355272730789999880e-01
3.261759726299999784e+03 3.357249419159999970e-01
3.263488709679999829e+03 3.374108754840000057e-01
3.265217693059999874e+03 3.377806026590000066e-01
3.266946676439999919e+03 3.382466073020000130e-01
3.268675659819999964e+03 3.380371629330000127e-01
3.270404643209999904e+03 3.390568123850000171e-01
3.272133626589999949e+03 3.386642352879999929e-01
3.273862609969999994e+03 3.381310004399999958e-01
3.275591593350000039e+03 3.382366776149999810e-01
3.277320576739999979e+03 3.395674917200000031e-01
3.279049560120000024e+03 3.412538911440000100e-01
3.280778543500000069e+03 3.416848069210000061e-01
3.282507526880000114e+03 3.413405980650000004e-01
3.284236510260000159e+03 3.402001138419999959e-01
3.285965493650000099e+03 3.383878627960000274e-01
3.287694477030000144e+03 3.387509828840000181e-01
3.289423460410000189e+03 3.404894025810000224e-01
3.291152443789999779e+03 3.420480094619999800e-01
3.292881427169999824e+03 3.436373247510000062e-01
3.294610410560000219e+03 3.449845071550000086e-01
3.296339393939999809e+03 3.467546212120000138e-01
3.298068377319999854e+03 3.464110171070000077e-01
3.299797360699999899e+03 3.461041602350000135e-01
3.301526344089999839e+03 3.452578020429999950e-01
3.303255327469999884e+03 3.467331208209999960e-01
3.304984310849999929e+03 3.479575670669999843e-01
3.306713294229999974e+03 3.493831662949999917e-01
3.308442277610000019e+03 3.478252018479999763e-01
3.310171260999999959e+03 3.479362449269999824e-01
3.311900244380000004e+03 3.486667875269999772e-01
3.313629227760000049e+03 3.496631236750000205e-01
3.315358211140000094e+03 3.492719044870000178e-01
3.317087194530000033e+03 3.503201584360000065e-01
3.318816177910000079e+03 3.513165275460000125e-01
3.320545161290000124e+03 3.521383477419999797e-01
3.322274144670000169e+03 3.517817823459999937e-01
3.324003128050000214e+03 3.524758384750000251e-01
3.325732111440000153e+03 3.517402830790000157e-01
3.327461094820000199e+03 3.489932660410000054e-01
3.329190078199999789e+03 3.483742059139999792e-01
3.330919061579999834e+03 3.494929825809999779e-01
3.332648044969999773e+03 3.508466623659999839e-01
3.334377028349999819e+03 3.508273038120000020e-01
3.336106011729999864e+03 3.524510198240000114e-01
3.337834995109999909e+03 3.540335664709999830e-01
3.339563978489999954e+03 3.543352458060000099e-01
3.341292961879999893e+03 3.541544838710000143e-01
3.343021945259999939e+03 3.551155011530000016e-01
3.344750928639999984e+03 3.574405391400000132e-01
3.346479912020000029e+03 3.570873508210000158e-01
3.348208895409999968e+03 3.576299561879999755e-01
3.349937878790000013e+03 3.582575327270000054e-01
3.351666862170000059e+03 3.589100432260000084e-01
3.353395845550000104e+03 3.585580004009999988e-01
3.355124828930000149e+03 3.560247005669999742e-01
3.356853812320000088e+03 3.557943583870000204e-01
3.358582795700000133e+03 3.547123961290000183e-01
3.360311779080000179e+03 3.539609177029999776e-01
3.362040762460000224e+03 3.532655868619999917e-01
3.363769745850000163e+03 3.529808595989999964e-01
3.365498729230000208e+03 3.551849014660000137e-01
3.367227712609999799e+03 3.545590129619999864e-01
3.368956695989999844e+03 3.555278826589999830e-01
3.370685679369999889e+03 3.562303360119999929e-01
3.372414662759999828e+03 3.559940291500000020e-01
3.374143646139999873e+03 3.542700229810000212e-01
3.375872629519999919e+03 3.515216604499999953e-01
3.377601612899999964e+03 3.529395364519999911e-01
3.379330596289999903e+03 3.541263811729999933e-01
3.381059579669999948e+03 3.556730207820000267e-01
3.382788563049999993e+03 3.551641672729999866e-01
3.384517546430000039e+03 3.560344470380000237e-01
3.386246529810000084e+03 3.566264544869999775e-01
3.387975513200000023e+03 3.569526715540000117e-01
3.389704496580000068e+03 3.535406242420000011e-01
3.391433479960000113e+03 3.546324516320000231e-01
3.393162463340000158e+03 3.548852679769999852e-01
3.394891446730000098e+03 3.569815343789999873e-01
3.396620430110000143e+03 3.571380929030000262e-01
3.398349413490000188e+03 3.572531630790000134e-01
3.400078396869999779e+03 3.583135386119999932e-01
3.401807380249999824e+03 3.580953994130000040e-01
3.403536363640000218e+03 3.568452981820000036e-01
3.405265347019999808e+03 3.511519693060000114e-01
3.406994330399999853e+03 3.502199339979999992e-01
3.408723313779999899e+03 3.510683072429999774e-01
3.410452297169999838e+03 3.556948679770000066e-01
3.412181280549999883e+03 3.550693404299999911e-01
3.413910263929999928e+03 3.540995704989999826e-01
3.415639247309999973e+03 3.499930959140000186e-01
3.417368230690000019e+03 3.486004127469999880e-01
3.419097214079999958e+03 3.492523741940000148e-01
3.420826197460000003e+03 3.460226078790000215e-01
3.422555180840000048e+03 3.438048274489999834e-01
3.424284164220000093e+03 3.405652438119999847e-01
3.426013147610000033e+03 3.418720434599999969e-01
3.427742130990000078e+03 3.386020936660000258e-01
3.429471114370000123e+03 3.408732266569999836e-01
3.431200097750000168e+03 3.357604210749999818e-01
3.432929081130000213e+03 3.371388202050000227e-01
3.434658064520000153e+03 3.369348464520000030e-01
3.436387047900000198e+03 3.404004694919999796e-01
3.438116031279999788e+03 3.411489948779999892e-01
3.439845014659999833e+03 3.368143497070000270e-01
3.441573998039999879e+03 3.355616967350000257e-01
3.443302981429999818e+03 3.317920369699999816e-01
3.445031964809999863e+03 3.351260191789999787e-01
3.446760948189999908e+03 3.318888861190000261e-01
3.448489931569999953e+03 3.344110367940000272e-01
3.450218914959999893e+03 3.336933854840000158e-01
3.451947898339999938e+03 3.339144013879999928e-01
3.453676881719999983e+03 3.325741032260000063e-01
3.455405865100000028e+03 3.344089048680000120e-01
3.457134848480000073e+03 3.296183193939999923e-01
3.458863831870000013e+03 3.259226569109999749e-01
3.460592815250000058e+03 3.179891700879999838e-01
3.462321798630000103e+03 3.219766459239999934e-01
3.464050782010000148e+03 3.256674891199999866e-01
3.465779765400000088e+03 3.322830549560000235e-01
3.467508748780000133e+03 3.286780293450000112e-01
3.469237732160000178e+03 3.246164289149999771e-01
3.470966715540000223e+03 3.182938339879999856e-01
3.472695698919999813e+03 3.188487135479999846e-01
3.474424682310000208e+03 3.189731042230000146e-01
3.476153665689999798e+03 3.195977657479999734e-01
3.477882649069999843e+03 3.184329943109999728e-01
3.479611632449999888e+03 3.178208699899999767e-01
3.481340615839999828e+03 3.230369839589999903e-01
3.483069599219999873e+03 3.239205047900000078e-01
3.484798582599999918e+03 3.245961629520000002e-01
3.486527565979999963e+03 3.218235010559999942e-01
3.488256549360000008e+03 3.225104781620000138e-01
3.489985532749999948e+03 3.197418035969999961e-01
3.491714516129999993e+03 3.245254090320000007e-01
3.493443499510000038e+03 3.250604253959999967e-01
3.495172482890000083e+03 3.282928102050000074e-01
3.496901466280000022e+03 3.240571404690000268e-01
3.498630449660000068e+03 3.251743569209999962e-01
3.500359433040000113e+03 3.225568616810000067e-01
3.502088416420000158e+03 3.164100970379999933e-01
3.503817399800000203e+03 3.120609395699999733e-01
3.505546383190000142e+03 3.113958833630000034e-01
3.507275366570000187e+03 3.180761228149999731e-01
3.509004349949999778e+03 3.168393593739999847e-01
3.510733333329999823e+03 3.199985866669999846e-01
3.512462316720000217e+03 3.198849533720000138e-01
3.514191300099999808e+03 3.180799997650000099e-01
3.515920283479999853e+03 3.131860176829999731e-01
3.517649266859999898e+03 3.125224187100000273e-01
3.519378250239999943e+03 3.173132226689999724e-01
3.521107233629999882e+03 3.191670029129999864e-01
3.522836217009999928e+03 3.198397966570000195e-01
3.524565200389999973e+03 3.200934311240000163e-01
3.526294183770000018e+03 3.119228652000000102e-01
3.528023167159999957e+03 3.113432693839999765e-01
3.529752150540000002e+03 3.077837299999999776e-01
3.531481133920000048e+03 3.174577125320000026e-01
3.533210117300000093e+03 3.178600206159999941e-01
3.534939100680000138e+03 3.173539882890000219e-01
3.536668084070000077e+03 3.115416879080000201e-01
3.538397067450000122e+03 3.104278353670000268e-01
3.540126050830000167e+03 3.114645695309999907e-01
3.541855034210000213e+03 3.155914129230000253e-01
3.543584017600000152e+03 3.141801572730000269e-01
3.545313000980000197e+03 3.125670079960000125e-01
3.547041984359999788e+03 3.098441370869999822e-01
3.548770967739999833e+03 3.168681999999999888e-01
3.550499951119999878e+03 3.184254856700000080e-01
3.552228934509999817e+03 3.192088548390000224e-01
3.553957917889999862e+03 3.150228756299999766e-01
3.555686901269999908e+03 3.231859105570000223e-01
3.557415884649999953e+03 3.201183411529999745e-01
3.559144868039999892e+03 3.180078846330000042e-01
3.560873851419999937e+03 3.062945710259999954e-01
3.562602834799999982e+03 3.059420273899999820e-01
3.564331818180000027e+03 3.077976481820000054e-01
3.566060801560000073e+03 3.094281696580000185e-01
3.567789784950000012e+03 3.066831391400000051e-01
3.569518768330000057e+03 3.131494201169999769e-01
3.571247751710000102e+03 3.153183517889999732e-01
3.572976735090000147e+03 3.167807643009999952e-01
3.574705718480000087e+03 3.100113195010000267e-01
3.576434701860000132e+03 3.022759592959999853e-01
3.578163685240000177e+03 2.990660095700000132e-01
3.579892668620000222e+03 2.986718434019999813e-01
3.581621651999999813e+03 3.065369130210000015e-01
3.583350635390000207e+03 3.142910934309999793e-01
3.585079618769999797e+03 3.160380440760000020e-01
3.586808602149999842e+03 3.110743249460000137e-01
3.588537585529999888e+03 3.091992459430000229e-01
3.590266568909999933e+03 3.093063151320000204e-01
3.591995552299999872e+03 3.110203086119999738e-01
3.593724535679999917e+03 3.137910190029999935e-01
3.595453519059999962e+03 3.154176789149999993e-01
3.597182502440000007e+03 3.139197611930000242e-01
3.598911485829999947e+03 3.035497721600000087e-01
3.600640469209999992e+03 3.043008055720000105e-01
3.602369452590000037e+03 3.051104617400000052e-01
3.604098435970000082e+03 3.103368609380000032e-01
3.605827419350000127e+03 2.981996593549999797e-01
3.607556402740000067e+03 2.933954147610000063e-01
3.609285386120000112e+03 2.861955509479999771e-01
3.611014369500000157e+03 2.851344099120000086e-01
3.612743352880000202e+03 2.862847269700000141e-01
3.614472336270000142e+03 2.906556960510000009e-01
3.616201319650000187e+03 2.979854846919999800e-01
3.617930303029999777e+03 2.992782515149999822e-01
3.619659286409999822e+03 2.965494261000000131e-01
3.621388269789999867e+03 2.937477060409999785e-01
3.623117253179999807e+03 2.902323644670000147e-01
3.624846236559999852e+03 2.963718004299999986e-01
3.626575219939999897e+03 3.049861590319999927e-01
3.628304203319999942e+03 3.115767167549999828e-01
3.630033186709999882e+03 3.046535228539999918e-01
3.631762170089999927e+03 2.982333309679999767e-01
3.633491153469999972e+03 2.978455869500000186e-01
3.635220136850000017e+03 3.011429574000000220e-01
3.636949120230000062e+03 3.025879786799999804e-01
3.638678103620000002e+03 3.066137898140000040e-01
3.640407087000000047e+03 3.112260731090000232e-01
3.642136070380000092e+03 3.042603426389999810e-01
3.643865053760000137e+03 3.039850603229999892e-01
3.645594037150000077e+03 3.031752577710000174e-01
3.647323020530000122e+03 3.109782165100000162e-01
3.649052003910000167e+03 3.069981800000000094e-01
3.650780987290000212e+03 3.037384471849999823e-01
3.652509970669999802e+03 3.004608947210000158e-01
3.654238954060000196e+03 3.017909307430000077e-01
3.655967937439999787e+03 3.046777183769999731e-01
3.657696920819999832e+03 3.041392015839999852e-01
3.659425904199999877e+03 3.017731111829999868e-01
3.661154887589999817e+03 2.903292146240000204e-01
3.662883870969999862e+03 2.890505387100000267e-01
3.664612854349999907e+03 2.922930248480000159e-01
3.666341837729999952e+03 2.991307904400000162e-01
3.668070821109999997e+03 2.979509786510000091e-01
3.669799804499999937e+03 3.041784351119999896e-01
3.671528787879999982e+03 3.093973803030000136e-01
3.673257771260000027e+03 3.074369846919999816e-01
3.674986754640000072e+03 3.011067073120000104e-01
3.676715738030000011e+03 2.974642291690000051e-01
3.678444721410000056e+03 3.063300259819999871e-01
3.680173704790000102e+03 3.136665650830000041e-01
3.681902688170000147e+03 3.157808725810000161e-01
3.683631671550000192e+03 3.134088804690000063e-01
3.685360654940000131e+03 2.990025577809999890e-01
3.687089638320000176e+03 2.981896750149999886e-01
3.688818621700000222e+03 2.975042755719999876e-01
3.690547605079999812e+03 3.105031060019999845e-01
3.692276588470000206e+03 3.052461579860000218e-01
3.694005571849999797e+03 2.935228153669999784e-01
3.695734555229999842e+03 2.806170897170000011e-01
3.697463538609999887e+03 2.731944322190000274e-01
3.699192521989999932e+03 2.760135286509999841e-01
3.700921505379999871e+03 2.783380417199999846e-01
3.702650488759999917e+03 2.771526408900000238e-01
3.704379472139999962e+03 2.842978637540000131e-01
3.706108455520000007e+03 2.760081458259999732e-01
3.707837438909999946e+03 2.828422251809999954e-01
3.709566422289999991e+03 2.764742469790000268e-01
3.711295405670000036e+03 2.856733808990000179e-01
3.713024389050000082e+03 2.884191385920000239e-01
3.714753372430000127e+03 2.910901414659999853e-01
3.716482355820000066e+03 2.923641520920000070e-01
3.718211339200000111e+03 2.889827805469999955e-01
3.719940322580000156e+03 2.853268858060000190e-01
3.721669305960000202e+03 2.924560563440000149e-01
3.723398289350000141e+03 2.930982850639999859e-01
3.725127272730000186e+03 2.968077963640000094e-01
3.726856256109999777e+03 2.913137462850000081e-01
3.728585239489999822e+03 2.913424866470000207e-01
3.730314222869999867e+03 2.887803389440000146e-01
3.732043206259999806e+03 2.903019025810000264e-01
3.733772189639999851e+03 2.884300920330000184e-01
3.735501173019999896e+03 2.890670241639999860e-01
3.737230156399999942e+03 2.856892311140000196e-01
3.738959139779999987e+03 2.863189840859999835e-01
3.740688123169999926e+03 2.940018980060000175e-01
3.742417106549999971e+03 3.018146063539999813e-01
3.744146089930000016e+03 3.038426034510000040e-01
3.745875073310000062e+03 2.980979172429999990e-01
3.747604056700000001e+03 2.890523160610000142e-01
3.749333040080000046e+03 2.846688086410000262e-01
3.751062023460000091e+03 2.851167646330000083e-01
3.752791006840000136e+03 2.899910701469999852e-01
3.754519990220000182e+03 2.939589121110000036e-01
3.756248973610000121e+03 2.966665324339999854e-01
3.757977956990000166e+03 2.946113725810000084e-01
3.759706940370000211e+03 2.938656746430000077e-01
3.761435923749999802e+03 2.841711175950000223e-01
3.763164907140000196e+03 2.829408957969999916e-01
3.764893890519999786e+03 2.826255881129999814e-01
3.766622873899999831e+03 2.945599522580000240e-01
3.768351857279999876e+03 2.979418074290000051e-01
3.770080840659999922e+03 2.967138331179999811e-01
3.771809824049999861e+03 2.891893458940000272e-01
3.773538807429999906e+03 2.815214080940000030e-01
3.775267790809999951e+03 2.798621573510000071e-01
3.776996774189999996e+03 2.776962335479999933e-01
3.778725757579999936e+03 2.849905518179999819e-01
3.780454740959999981e+03 2.856717230890000181e-01
3.782183724340000026e+03 2.941247972730000049e-01
3.783912707720000071e+03 2.984468782010000210e-01
3.785641691100000116e+03 3.037671700780000261e-01
3.787370674490000056e+03 2.998632652200000082e-01
3.789099657870000101e+03 3.028900767639999825e-01
3.790828641250000146e+03 3.047798471359999817e-01
3.792557624630000191e+03 3.009055288270000017e-01
3.794286608020000131e+03 2.926476384949999732e-01
3.796015591400000176e+03 2.890869488169999779e-01
3.797744574780000221e+03 2.944645063340000091e-01
3.799473558159999811e+03 2.862220320330000067e-01
3.801202541539999856e+03 2.860166383380000066e-01
3.802931524929999796e+03 2.845510765979999968e-01
3.804660508309999841e+03 2.925432251030000153e-01
3.806389491689999886e+03 2.948346017790000051e-01
3.808118475069999931e+03 2.987958988269999727e-01
3.809847458459999871e+03 2.951941082699999774e-01
3.811576441839999916e+03 2.980028864520000154e-01
3.813305425219999961e+03 2.951536745450000221e-01
3.815034408600000006e+03 3.023854174189999910e-01
3.816763391980000051e+03 3.005559244970000266e-01
3.818492375369999991e+03 3.017775187680000193e-01
3.820221358750000036e+03 2.990566843010000198e-01
3.821950342130000081e+03 2.945027443989999827e-01
3.823679325510000126e+03 3.014110479179999968e-01
3.825408308900000065e+03 3.136314236170000269e-01
3.827137292280000111e+03 3.146597855130000010e-01
3.828866275660000156e+03 3.002577390619999842e-01
3.830595259040000201e+03 2.869415099509999845e-01
3.832324242419999791e+03 2.928199775759999790e-01
3.834053225810000185e+03 3.000998990320000170e-01
3.835782209189999776e+03 3.017244593549999743e-01
3.837511192569999821e+03 3.027683985429999725e-01
3.839240175949999866e+03 3.059021953080000022e-01
3.840969159339999806e+03 3.099996431870000180e-01
3.842698142719999851e+03 3.095977189829999809e-01
3.844427126099999896e+03 3.070168426389999761e-01
3.846156109479999941e+03 3.040362214080000181e-01
3.847885092859999986e+03 3.012842456300000027e-01
3.849614076249999925e+03 3.003793532549999812e-01
3.851343059629999971e+03 2.999541115539999803e-01
3.853072043010000016e+03 3.058079855909999756e-01
3.854801026390000061e+03 3.046348348390000016e-01
3.856530009780000000e+03 3.026635247309999999e-01
3.858258993160000045e+03 2.935102287679999811e-01
3.859987976540000091e+03 2.931738990030000047e-01
3.861716959920000136e+03 2.962706601960000130e-01
3.863445943300000181e+03 2.983676341150000022e-01
3.865174926690000120e+03 2.988817375949999744e-01
3.866903910070000165e+03 2.975250005869999881e-01
3.868632893450000211e+03 2.974363632450000017e-01
3.870361876829999801e+03 2.973475058060000009e-01
3.872090860220000195e+03 2.957405782799999994e-01
3.873819843599999786e+03 2.980983056109999807e-01
3.875548826979999831e+03 2.966340210849999770e-01
3.877277810359999876e+03 3.011888577910000198e-01
3.879006793739999921e+03 3.050522667550000233e-01
3.880735777129999860e+03 3.130263425220000117e-01
3.882464760509999905e+03 3.109349481620000133e-01
3.884193743889999951e+03 3.089971564419999872e-01
3.885922727269999996e+03 2.991637390910000249e-01
3.887651710650000041e+03 2.977835087779999723e-01
3.889380694039999980e+03 2.973557935869999835e-01
3.891109677420000025e+03 3.006585083869999786e-01
3.892838660800000071e+03 3.077854366669999786e-01
3.894567644180000116e+03 3.032920874880000173e-01
3.896296627570000055e+03 2.958920304689999781e-01
3.898025610950000100e+03 2.789377147209999852e-01
3.899754594330000145e+03 2.736031199219999821e-01
3.901483577710000191e+03 2.683643842819999903e-01
3.903212561089999781e+03 2.652565435779999925e-01
3.904941544480000175e+03 2.560339987099999881e-01
3.906670527860000220e+03 2.552944946330000242e-01
3.908399511239999811e+03 2.521535481719999749e-01
3.910128494619999856e+03 2.569086269890000218e-01
3.911857478009999795e+03 2.566302221699999775e-01
3.913586461389999840e+03 2.545805265589999866e-01
3.915315444769999885e+03 2.478967941349999871e-01
3.917044428149999931e+03 2.442953720820000008e-01
3.918773411529999976e+03 2.527611393349999958e-01
3.920502394919999915e+03 2.524727458650000145e-01
3.922231378299999960e+03 2.544602124929999931e-01
3.923960361680000005e+03 2.508655713879999749e-01
3.925689345060000051e+03 2.590693016230000145e-01
3.927418328449999990e+03 2.593966312900000126e-01
3.929147311830000035e+03 2.604531705379999895e-01
3.930876295210000080e+03 2.581402810749999777e-01
3.932605278590000125e+03 2.516089613490000154e-01
3.934334261970000171e+03 2.446313258160000004e-01
3.936063245360000110e+03 2.420430316130000037e-01
3.937792228740000155e+03 2.453632494430000033e-01
3.939521212120000200e+03 2.471842618179999895e-01
3.941250195499999791e+03 2.501651720329999828e-01
3.942979178890000185e+03 2.544898229909999809e-01
3.944708162269999775e+03 2.636897173409999962e-01
3.946437145649999820e+03 2.654197043209999829e-01
3.948166129029999865e+03 2.670925241939999806e-01
3.949895112409999911e+03 2.635198469400000243e-01
3.951624095799999850e+03 2.660020234020000207e-01
3.953353079179999895e+03 2.696019918479999888e-01
3.955082062559999940e+03 2.736821692379999837e-01
3.956811045939999985e+03 2.679763266860000215e-01
3.958540029329999925e+03 2.685945311729999729e-01
3.960269012709999970e+03 2.655057495800000056e-01
3.961997996090000015e+03 2.660654919159999854e-01
3.963726979470000060e+03 2.600973619349999932e-01
3.965455962850000105e+03 2.623627350639999856e-01
3.967184946240000045e+03 2.678553116130000245e-01
3.968913929620000090e+03 2.652091189740000132e-01
3.970642913000000135e+03 2.633382487779999948e-01
3.972371896380000180e+03 2.609834065200000164e-01
3.974100879770000120e+03 2.631095413489999979e-01
3.975829863150000165e+03 2.692466596579999871e-01
3.977558846530000210e+03 2.713015063540000216e-01
3.979287829909999800e+03 2.723621472730000104e-01
3.981016813289999845e+03 2.685017977520000043e-01
3.982745796679999785e+03 2.668612204790000164e-01
3.984474780059999830e+03 2.654877651029999841e-01
3.986203763439999875e+03 2.646911826880000151e-01
3.987932746819999920e+03 2.585744934120000060e-01
3.989661730209999860e+03 2.571935424049999752e-01
3.991390713589999905e+03 2.638795547409999998e-01
3.993119696969999950e+03 2.733578075759999781e-01
3.994848680349999995e+03 2.820524726099999935e-01
3.996577663730000040e+03 2.820027281620000048e-01
3.998306647119999980e+03 2.742647219159999872e-01
4.000035630500000025e+03 2.605998486509999990e-01
4.001764613880000070e+03 2.511399879960000137e-01
4.003493597260000115e+03 2.535376551910000220e-01
4.005222580650000054e+03 2.607963722580000088e-01
4.006951564030000100e+03 2.649893959240000041e-01
4.008680547410000145e+03 2.643395284260000033e-01
4.010409530790000190e+03 2.546415588559999832e-01
4.012138514169999780e+03 2.534196483680000167e-01
4.013867497560000174e+03 2.509677158160000254e-01
4.015596480940000220e+03 2.555835095010000058e-01
4.017325464319999810e+03 2.603951463440000169e-01
4.019054447699999855e+03 2.685769425419999856e-01
4.020783431089999794e+03 2.714111023749999907e-01
4.022512414469999840e+03 2.710959907719999729e-01
4.024241397849999885e+03 2.686676277419999814e-01
4.025970381229999930e+03 2.675240722580000119e-01
4.027699364609999975e+03 2.661821080549999774e-01
4.029428347999999914e+03 2.675015298339999958e-01
4.031157331379999960e+03 2.717419576249999746e-01
4.032886314760000005e+03 2.708052175369999870e-01
4.034615298140000050e+03 2.623404119450000183e-01
4.036344281520000095e+03 2.563959821699999808e-01
4.038073264910000034e+03 2.588664553760000042e-01
4.039802248290000080e+03 2.701184108699999920e-01
4.041531231670000125e+03 2.689024956889999873e-01
4.043260215050000170e+03 2.773800064520000053e-01
4.044989198440000109e+03 2.801343629620000053e-01
4.046718181820000154e+03 2.787102890909999853e-01
4.048447165200000200e+03 2.747222713490000134e-01
4.050176148579999790e+03 2.714427276640000164e-01
4.051905131959999835e+03 2.773283167160000007e-01
4.053634115349999774e+03 2.630359749560000071e-01
4.055363098729999820e+03 2.598884768329999817e-01
4.057092082109999865e+03 2.586007190619999951e-01
4.058821065489999910e+03 2.618546965199999854e-01
4.060550048879999849e+03 2.682467056499999725e-01
4.062279032259999894e+03 2.659333193549999752e-01
4.064008015639999940e+03 2.720423218179999769e-01
4.065736999019999985e+03 2.729775827079999884e-01
4.067465982400000030e+03 2.835580313200000147e-01
4.069194965789999969e+03 2.832280157579999957e-01
4.070923949170000014e+03 2.773951817399999964e-01
4.072652932550000060e+03 2.807214874780000202e-01
4.074381915930000105e+03 2.855426000199999814e-01
4.076110899320000044e+03 2.877851382800000191e-01
4.077839882700000089e+03 2.832733921410000022e-01
4.079568866080000134e+03 2.789020192180000079e-01
4.081297849460000180e+03 2.769344944089999760e-01
4.083026832840000225e+03 2.761831371260000112e-01
4.084755816230000164e+03 2.668018752490000089e-01
4.086484799610000209e+03 2.650930111929999944e-01
4.088213782989999800e+03 2.610375757769999860e-01
4.089942766369999845e+03 2.695043498040000096e-01
4.091671749759999784e+03 2.706809708110000101e-01
4.093400733139999829e+03 2.769380853369999840e-01
4.095129716519999874e+03 2.814402370669999986e-01
4.096858699899999920e+03 2.789102259430000230e-01
4.098587683280000419e+03 2.788209974190000162e-01
4.100316666669999904e+03 2.803653233330000161e-01
4.102045650050000404e+03 2.802329402150000037e-01
4.103774633429999994e+03 2.791001972430000033e-01
4.105503616809999585e+03 2.742086364999999915e-01
4.107232600199999979e+03 2.783700109969999836e-01
4.108961583579999569e+03 2.818546197069999870e-01
4.110690566960000069e+03 2.831244937149999807e-01
4.112419550339999660e+03 2.847534219549999746e-01
4.114148533720000160e+03 2.771842367449999789e-01
4.115877517109999644e+03 2.767337111629999957e-01
4.117606500490000144e+03 2.756158024929999950e-01
4.119335483869999734e+03 2.746924025809999725e-01
4.121064467250000234e+03 2.753485600680000145e-01
4.122793450639999719e+03 2.798240037149999915e-01
4.124522434020000219e+03 2.845921110560000189e-01
4.126251417399999809e+03 2.861943582400000019e-01
4.127980400780000309e+03 2.812337114369999891e-01
4.129709384159999900e+03 2.855188736659999837e-01
4.131438367550000294e+03 2.913037835000000242e-01
4.133167350929999884e+03 2.942862861389999862e-01
4.134896334310000384e+03 2.936242605280000029e-01
4.136625317689999974e+03 2.945887636360000061e-01
4.138354301080000369e+03 2.964442994620000160e-01
4.140083284459999959e+03 2.905604617599999995e-01
4.141812267839999549e+03 2.857698757089999764e-01
4.143541251220000049e+03 2.864656187290000044e-01
4.145270234599999640e+03 2.875350281230000249e-01
4.146999217990000034e+03 2.845999229719999857e-01
4.148728201369999624e+03 2.847947952689999784e-01
4.150457184750000124e+03 2.803670330790000165e-01
4.152186168129999714e+03 2.836590546730000106e-01
4.153915151520000109e+03 2.802951066670000269e-01
4.155644134899999699e+03 2.820731068039999956e-01
4.157373118280000199e+03 2.805983384949999881e-01
4.159102101659999789e+03 2.799197544279999894e-01
4.160831085040000289e+03 2.932370738999999782e-01
4.162560068429999774e+03 2.920589770970000165e-01
4.164289051810000274e+03 2.912009822089999811e-01
4.166018035189999864e+03 2.788233627569999817e-01
4.167747018570000364e+03 2.739924056110000228e-01
4.169476001959999849e+03 2.783776489929999931e-01
4.171204985340000349e+03 2.882688206449999790e-01
4.172933968719999939e+03 2.898757767549999809e-01
4.174662952100000439e+03 2.900864801759999723e-01
4.176391935480000029e+03 2.825965235480000226e-01
4.178120918870000423e+03 2.805437923560000213e-01
4.179849902250000014e+03 2.774984751419999895e-01
4.181578885629999604e+03 2.809149390030000193e-01
4.183307869010000104e+03 2.861332334410000011e-01
4.185036852389999694e+03 2.953524097360000211e-01
4.186765835780000089e+03 2.959889209379999997e-01
4.188494819159999679e+03 2.925997932359999942e-01
4.190223802540000179e+03 2.854187353570000196e-01
4.191952785919999769e+03 2.853294824050000011e-01
4.193681769310000163e+03 2.867337510360000175e-01
4.195410752689999754e+03 2.917592258059999999e-01
4.197139736070000254e+03 2.901967785039999970e-01
4.198868719449999844e+03 2.890696535289999924e-01
4.200597702830000344e+03 2.825104973700000022e-01
4.202326686219999829e+03 2.759965789439999817e-01
4.204055669600000329e+03 2.787768459919999775e-01
4.205784652979999919e+03 2.797447383580000113e-01
4.207513636360000419e+03 2.842165727270000164e-01
4.209242619749999903e+03 2.836131249459999948e-01
4.210971603130000403e+03 2.865292349560000229e-01
4.212700586509999994e+03 2.871381102050000189e-01
4.214429569889999584e+03 2.883163195699999792e-01
4.216158553270000084e+03 2.863603177319999915e-01
4.217887536659999569e+03 2.863724046919999822e-01
4.219616520040000069e+03 2.875599098530000064e-01
4.221345503419999659e+03 2.874406327469999911e-01
4.223074486800000159e+03 2.892864795310000070e-01
4.224803470189999643e+03 2.804429799409999813e-01
4.226532453570000143e+03 2.842835132359999850e-01
4.228261436949999734e+03 2.919508756010000261e-01
4.229990420330000234e+03 3.067101915739999796e-01
4.231719403709999824e+03 3.061453598630000106e-01
4.233448387100000218e+03 3.031800787100000227e-01
4.235177370479999809e+03 3.035024669699999955e-01
4.236906353860000308e+03 3.048120588659999908e-01
4.238635337239999899e+03 2.993726785040000116e-01
4.240364320630000293e+03 2.850196178300000160e-01
4.242093304009999883e+03 2.879005709190000095e-01
4.243822287390000383e+03 2.907943323170000260e-01
4.245551270769999974e+03 3.013847221600000070e-01
4.247280254149999564e+03 2.959653046330000259e-01
4.249009237539999958e+03 2.939846017889999885e-01
4.250738220919999549e+03 2.840103508310000135e-01
4.252467204300000049e+03 2.826426611830000213e-01
4.254196187679999639e+03 2.843118683279999837e-01
4.255925171070000033e+03 2.897451696089999862e-01
4.257654154449999623e+03 2.916806730209999809e-01
4.259383137830000123e+03 2.963717545449999768e-01
4.261112121209999714e+03 2.969085587879999877e-01
4.262841104590000214e+03 2.952305144380000246e-01
4.264570087979999698e+03 2.891838064519999807e-01
4.266299071360000198e+03 2.860479045650000107e-01
4.268028054739999789e+03 2.950168080739999921e-01
4.269757038120000288e+03 2.972688759820000248e-01
4.271486021509999773e+03 3.010831382799999956e-01
4.273215004890000273e+03 2.911772528050000086e-01
4.274943988269999863e+03 2.885470846329999950e-01
4.276672971650000363e+03 2.818491160120000227e-01
4.278401955029999954e+03 2.884622576149999951e-01
4.280130938420000348e+03 2.860888621109999863e-01
4.281859921799999938e+03 2.845813038319999766e-01
4.283588905180000438e+03 2.857681523849999738e-01
4.285317888560000029e+03 2.909765750730000100e-01
4.287046871950000423e+03 2.954063918179999915e-01
4.288775855330000013e+03 2.918506358160000147e-01
4.290504838709999603e+03 2.930722093550000018e-01
4.292233822090000103e+03 2.934868129809999893e-01
4.293962805469999694e+03 2.876808718869999781e-01
4.295691788860000088e+03 2.855623411139999734e-01
4.297420772239999678e+03 2.855743218380000226e-01
4.299149755620000178e+03 2.955410458459999945e-01
4.300878738999999769e+03 2.941649766280000078e-01
4.302607722390000163e+03 2.899526175559999919e-01
4.304336705769999753e+03 2.854583943499999776e-01
4.306065689150000253e+03 2.917734991200000016e-01
4.307794672529999843e+03 2.937899052790000076e-01
4.309523655910000343e+03 2.972194531180000210e-01
4.311252639299999828e+03 2.931519085340000275e-01
4.312981622680000328e+03 3.004645319650000035e-01
4.314710606059999918e+03 3.029493151520000205e-01
4.316439589440000418e+03 3.076757938999999942e-01
4.318168572829999903e+03 3.127113376149999735e-01
4.319897556210000403e+03 3.171580006840000188e-01
4.321626539589999993e+03 3.131300874779999743e-01
4.323355522969999583e+03 3.106783447309999779e-01
4.325084506350000083e+03 3.027003638710000222e-01
4.326813489739999568e+03 3.020376434020000112e-01
4.328542473120000068e+03 3.033376505379999921e-01
4.330271456499999658e+03 3.027515871159999761e-01
4.332000439880000158e+03 3.012899981230000024e-01
4.333729423259999749e+03 2.946240908109999945e-01
4.335458406650000143e+03 2.980826601270000209e-01
4.337187390029999733e+03 2.956617274489999891e-01
4.338916373410000233e+03 2.911109014470000256e-01
4.340645356789999823e+03 2.889836342909999911e-01
4.342374340180000218e+03 2.948224318479999995e-01
4.344103323559999808e+03 2.970425100490000081e-01
4.345832306940000308e+03 3.002277601269999763e-01
4.347561290319999898e+03 2.951349019350000269e-01
4.349290273700000398e+03 2.955850427860000074e-01
4.351019257089999883e+03 2.974193130600000234e-01
4.352748240470000383e+03 3.080332480349999846e-01
4.354477223849999973e+03 3.099388759919999847e-01
4.356206207229999563e+03 3.092790207819999804e-01
4.357935190619999958e+03 3.053397899120000036e-01
4.359664173999999548e+03 3.058314113000000223e-01
4.361393157380000048e+03 3.058624514370000269e-01
4.363122140759999638e+03 3.057384020819999826e-01
4.364851124140000138e+03 3.018702477030000275e-01
4.366580107529999623e+03 3.009213709679999793e-01
4.368309090910000123e+03 2.986916418180000088e-01
4.370038074289999713e+03 3.071643218669999897e-01
4.371767057670000213e+03 3.125491181230000137e-01
4.373496041059999698e+03 3.079810874489999906e-01
4.375225024440000198e+03 3.005394850440000210e-01
4.376954007819999788e+03 2.827313587099999914e-01
4.378682991200000288e+03 2.786210067450000105e-01
4.380411974579999878e+03 2.771268968619999828e-01
4.382140957970000272e+03 2.809100293649999802e-01
4.383869941349999863e+03 2.890052687679999788e-01
4.385598924730000363e+03 2.878239991400000086e-01
4.387327908109999953e+03 2.918432822970000173e-01
4.389056891500000347e+03 2.905215365980000075e-01
4.390785874879999938e+03 2.985154264609999886e-01
4.392514858260000437e+03 3.011944664519999870e-01
4.394243841640000028e+03 2.977277622869999862e-01
4.395972825019999618e+03 2.883838083679999831e-01
4.397701808410000012e+03 2.881807750150000014e-01
4.399430791789999603e+03 2.886935176539999759e-01
4.401159775170000103e+03 2.953755203319999856e-01
4.402888758549999693e+03 2.987338511439999733e-01
4.404617741940000087e+03 3.001411619350000115e-01
4.406346725319999678e+03 2.991396452199999723e-01
4.408075708700000177e+03 2.922101129229999761e-01
4.409804692079999768e+03 2.855191761290000185e-01
4.411533675460000268e+03 2.844308725320000009e-01
4.413262658849999752e+03 2.895557936850000069e-01
4.414991642230000252e+03 2.980158097949999751e-01
4.416720625609999843e+03 2.973513566179999956e-01
4.418449608990000343e+03 3.020745258359999741e-01
4.420178592379999827e+03 2.976926314960000042e-01
4.421907575760000327e+03 2.965477039389999847e-01
4.423636559139999918e+03 2.989723015049999821e-01
4.425365542520000417e+03 3.063385935480000266e-01
4.427094525900000008e+03 3.109433674489999744e-01
4.428823509290000402e+03 3.127259132649999884e-01
4.430552492669999992e+03 3.095777180650000071e-01
4.432281476049999583e+03 3.064280942229999916e-01
4.434010459430000083e+03 3.053801018569999859e-01
4.435739442819999567e+03 3.084058364810000064e-01
4.437468426200000067e+03 3.040875712810000020e-01
4.439197409579999658e+03 2.985613947899999898e-01
4.440926392960000157e+03 2.886266950149999899e-01
4.442655376339999748e+03 2.893406660219999815e-01
4.444384359730000142e+03 2.890012457869999829e-01
4.446113343109999732e+03 2.966792511440000113e-01
4.447842326490000232e+03 3.013739220139999841e-01
4.449571309869999823e+03 3.070984512509999931e-01
4.451300293260000217e+03 3.065826954840000229e-01
4.453029276639999807e+03 3.059534525709999842e-01
4.454758260020000307e+03 3.015922932360000086e-01
4.456487243399999898e+03 2.980918957179999884e-01
4.458216226780000397e+03 2.934114316720000115e-01
4.459945210169999882e+03 2.962876794529999969e-01
4.461674193550000382e+03 3.020197425810000058e-01
4.463403176929999972e+03 3.068763577220000038e-01
4.465132160309999563e+03 3.070690266080000064e-01
4.466861143699999957e+03 3.075150738999999911e-01
4.468590127079999547e+03 3.053289245940000174e-01
4.470319110460000047e+03 3.023636661190000074e-01
4.472048093839999638e+03 3.007412310259999777e-01
4.473777077220000137e+03 2.990399691789999981e-01
4.475506060609999622e+03 3.053290018179999898e-01
4.477235043990000122e+03 3.059448196189999969e-01
4.478964027369999712e+03 3.060289191009999965e-01
4.480693010750000212e+03 3.019007059139999782e-01
4.482421994129999803e+03 3.070885377709999808e-01
4.484150977520000197e+03 3.105052678490000106e-01
4.485879960899999787e+03 3.090148798440000011e-01
4.487608944280000287e+03 3.074500688860000164e-01
4.489337927659999878e+03 3.081892330600000118e-01
4.491066911050000272e+03 3.144129766670000214e-01
4.492795894429999862e+03 3.128809534900000022e-01
4.494524877810000362e+03 3.105153969309999984e-01
4.496253861189999952e+03 3.041227828349999940e-01
4.497982844570000452e+03 3.069236920230000165e-01
4.499711827959999937e+03 3.097495070969999986e-01
4.501440811340000437e+03 3.074889160120000131e-01
4.503169794720000027e+03 3.006121300290000020e-01
4.504898778099999618e+03 3.010932799320000242e-01
4.506627761490000012e+03 2.986672914369999932e-01
4.508356744869999602e+03 2.956006032260000138e-01
4.510085728250000102e+03 2.973173218769999959e-01
4.511814711629999692e+03 2.973205760309999834e-01
4.513543695010000192e+03 3.045433091499999967e-01
4.515272678399999677e+03 3.033876237729999925e-01
4.517001661780000177e+03 3.130772788660000083e-01
4.518730645159999767e+03 3.148958409679999959e-01
4.520459628540000267e+03 3.172010613690000036e-01
4.522188611929999752e+03 3.123836021990000211e-01
4.523917595310000252e+03 3.118532936660000088e-01
4.525646578689999842e+03 3.102379423950000215e-01
4.527375562070000342e+03 3.097192010170000120e-01
4.529104545449999932e+03 3.059811863640000129e-01
4.530833528840000326e+03 3.044057971849999933e-01
4.532562512219999917e+03 3.083165641739999963e-01
4.534291495600000417e+03 3.242693772429999788e-01
4.536020478980000007e+03 3.279230138909999814e-01
4.537749462370000401e+03 3.193509509679999803e-01
4.539478445749999992e+03 3.116472383869999807e-01
4.541207429129999582e+03 3.127535130210000180e-01
4.542936412510000082e+03 3.164856020919999957e-01
4.544665395889999672e+03 3.160002037540000086e-01
4.546394379280000067e+03 3.118355511729999918e-01
4.548123362659999657e+03 3.158232410360000131e-01
4.549852346040000157e+03 3.156074082399999980e-01
4.551581329419999747e+03 3.218994113390000189e-01
4.553310312810000141e+03 3.157851963639999870e-01
4.555039296189999732e+03 3.108690016419999869e-01
4.556768279570000232e+03 3.052213815050000001e-01
4.558497262949999822e+03 3.027096272140000210e-01
4.560226246330000322e+03 3.015588844870000229e-01
4.561955229719999807e+03 3.019063492080000244e-01
4.563684213100000306e+03 3.059419844569999936e-01
4.565413196479999897e+03 3.110320748970000215e-01
4.567142179860000397e+03 3.156717067939999732e-01
4.568871163249999881e+03 3.185205595699999725e-01
4.570600146630000381e+03 3.179092727860000078e-01
4.572329130009999972e+03 3.156701109480000156e-01
4.574058113389999562e+03 3.152809131279999955e-01
4.575787096770000062e+03 3.205273238710000250e-01
4.577516080159999547e+03 3.218084593739999888e-01
4.579245063540000046e+03 3.179347275659999972e-01
4.580974046919999637e+03 3.088339347799999857e-01
4.582703030300000137e+03 3.091967036359999921e-01
4.584432013689999621e+03 3.147164045449999947e-01
4.586160997070000121e+03 3.199228011140000105e-01
4.587889980449999712e+03 3.216842997459999909e-01
4.589618963830000212e+03 3.196632266669999778e-01
4.591347947209999802e+03 3.184802058940000014e-01
4.593076930600000196e+03 3.120885719650000056e-01
4.594805913979999787e+03 3.149792202150000220e-01
4.596534897360000286e+03 3.172322076829999782e-01
4.598263880739999877e+03 3.206621102930000133e-01
4.599992864130000271e+03 3.199863644379999927e-01
4.601721847509999861e+03 3.163107984749999879e-01
4.603450830890000361e+03 3.145727532359999801e-01
4.605179814269999952e+03 3.074358898049999733e-01
4.606908797650000452e+03 3.061275893259999825e-01
4.608637781039999936e+03 3.086641662069999903e-01
4.610366764420000436e+03 3.141206630500000263e-01
4.612095747800000026e+03 3.147740797649999922e-01
4.613824731179999617e+03 3.140867103230000068e-01
4.615553714570000011e+03 3.081638675760000057e-01
4.617282697949999601e+03 3.019198785919999795e-01
4.619011681330000101e+03 2.125113672950000032e-01
4.620740664709999692e+03 1.125826742939999986e-01
4.622469648090000192e+03 1.755012800020000138e-02
4.624198631479999676e+03 2.232593596090000007e-03
4.625927614860000176e+03 5.338874734590000120e-04
4.627656598239999767e+03 3.956151890670000110e-05
4.629385581620000266e+03 1.810717017699999890e-05
4.631114564999999857e+03 6.451535724149999766e-06
4.632843548390000251e+03 4.776506503230000264e-06
4.634572531769999841e+03 3.531982061700000162e-06
4.636301515150000341e+03 2.060615087879999897e-06
4.638030498529999932e+03 8.274505699709999916e-07
4.639759481920000326e+03 1.899287989930000056e-07
4.641488465299999916e+03 1.133368583479999977e-07
4.643217448680000416e+03 7.680837571850000452e-08
4.644946432060000006e+03 3.602568211139999876e-08
4.646675415439999597e+03 8.236788245360000570e-09
4.648404398829999991e+03 0.000000000000000000e+00
4.650133382209999581e+03 0.000000000000000000e+00
4.651862365590000081e+03 0.000000000000000000e+00
4.653591348969999672e+03 0.000000000000000000e+00
4.655320332360000066e+03 0.000000000000000000e+00
4.657049315739999656e+03 0.000000000000000000e+00
4.658778299120000156e+03 0.000000000000000000e+00
4.660507282499999747e+03 0.000000000000000000e+00
4.662236265880000246e+03 0.000000000000000000e+00
4.663965249269999731e+03 0.000000000000000000e+00
4.665694232650000231e+03 0.000000000000000000e+00
4.667423216029999821e+03 0.000000000000000000e+00
4.669152199410000321e+03 0.000000000000000000e+00
4.670881182799999806e+03 0.000000000000000000e+00
4.672610166180000306e+03 0.000000000000000000e+00
4.674339149559999896e+03 0.000000000000000000e+00
4.676068132940000396e+03 0.000000000000000000e+00
4.677797116319999986e+03 0.000000000000000000e+00
4.679526099710000381e+03 0.000000000000000000e+00
4.681255083089999971e+03 0.000000000000000000e+00
4.682984066469999561e+03 0.000000000000000000e+00
4.684713049850000061e+03 0.000000000000000000e+00
4.686442033239999546e+03 0.000000000000000000e+00
4.688171016620000046e+03 0.000000000000000000e+00
4.689899999999999636e+03 0.000000000000000000e+00
