# Wavelength (Angstroms)      Variance
2.900099999999999909e+03 2.094810599999999967e-01
2.900872140760000093e+03 2.118588974189999918e-01
2.901644281519999822e+03 2.070104364220000104e-01
2.902416422289999900e+03 1.983737420530000128e-01
2.903188563050000084e+03 2.016610775369999942e-01
2.903960703809999814e+03 2.051941091499999981e-01
2.904732844569999997e+03 2.132938430499999871e-01
2.905504985340000076e+03 2.163041508499999876e-01
2.906277126099999805e+03 2.203111688559999948e-01
2.907049266859999989e+03 2.289387952489999878e-01
2.907821407620000173e+03 2.315102361880000126e-01
2.908593548389999796e+03 2.305418625810000122e-01
2.909365689149999980e+03 2.243702485630000021e-01
2.910137829910000164e+03 2.191037561289999880e-01
2.910909970669999893e+03 2.157647719649999907e-01
2.911682111439999971e+03 2.154256840469999934e-01
2.912454252200000155e+03 2.162480378889999888e-01
2.913226392959999885e+03 2.198359150149999941e-01
2.913998533720000069e+03 2.240605681520000114e-01
2.914770674490000147e+03 2.259710900880000095e-01
2.915542815249999876e+03 2.292321268040000137e-01
2.916314956010000060e+03 2.269102967159999928e-01
2.917087096769999789e+03 2.198372309680000081e-01
2.917859237539999867e+03 2.183730570669999982e-01
2.918631378300000051e+03 2.145991734309999899e-01
2.919403519059999780e+03 2.112202302639999973e-01
2.920175659819999964e+03 2.113267869209999872e-01
2.920947800590000043e+03 2.082698642230000063e-01
2.921719941350000227e+03 2.125174320819999962e-01
2.922492082109999956e+03 2.129711760699999901e-01
2.923264222870000140e+03 2.107251017010000060e-01
2.924036363640000218e+03 2.106624145450000096e-01
2.924808504399999947e+03 2.048521282109999897e-01
2.925580645160000131e+03 2.055809090319999921e-01
2.926352785919999860e+03 2.031583102639999971e-01
2.927124926689999938e+03 2.029268725510000038e-01
2.927897067450000122e+03 2.078580659239999961e-01
2.928669208209999852e+03 2.099251883280000008e-01
2.929441348970000035e+03 2.149498378889999894e-01
2.930213489740000114e+03 2.146575668619999933e-01
2.930985630499999843e+03 2.111044802350000027e-01
2.931757771260000027e+03 2.116479163639999883e-01
2.932529912020000211e+03 2.090841176540000068e-01
2.933302052789999834e+03 2.060609987679999922e-01
2.934074193550000018e+03 2.037570890319999883e-01
2.934846334310000202e+03 2.029619458649999930e-01
2.935618475069999931e+03 2.018961907919999965e-01
2.936390615840000009e+03 2.049564315540000070e-01
2.937162756600000193e+03 2.028703950730000038e-01
2.937934897359999923e+03 2.031978936069999964e-01
2.938707038120000107e+03 2.003672303809999888e-01
2.939479178890000185e+03 1.988866063339999879e-01
2.940251319649999914e+03 2.004530496190000122e-01
2.941023460410000098e+03 2.041349072139999887e-01
2.941795601169999827e+03 2.096100920229999887e-01
2.942567741939999905e+03 2.171654329029999997e-01
2.943339882700000089e+03 2.201645625220000069e-01
2.944112023459999818e+03 2.220048915539999945e-01
2.944884164220000002e+03 2.229108088560000089e-01
2.945656304990000081e+03 2.201769228150000091e-01
2.946428445749999810e+03 2.145177130789999997e-01
2.947200586509999994e+03 2.103201936069999944e-01
2.947972727270000178e+03 2.096053854549999873e-01
2.948744868039999801e+03 2.108681126099999914e-01
2.949517008799999985e+03 2.134168195889999953e-01
2.950289149560000169e+03 2.171200716130000097e-01
2.951061290319999898e+03 2.233890470969999986e-01
2.951833431089999976e+03 2.224065304989999992e-01
2.952605571850000160e+03 2.185107721990000029e-01
2.953377712609999890e+03 2.172367461580000103e-01
2.954149853370000073e+03 2.178053111440000078e-01
2.954921994129999803e+03 2.145085116129999969e-01
2.955694134899999881e+03 2.121958110849999912e-01
2.956466275660000065e+03 2.118277931379999868e-01
2.957238416419999794e+03 2.150980584749999924e-01
2.958010557179999978e+03 2.123402544280000026e-01
2.958782697950000056e+03 2.084388130210000079e-01
2.959554838709999785e+03 2.067174354840000117e-01
2.960326979469999969e+03 2.046975699119999992e-01
2.961099120230000153e+03 2.002757455130000086e-01
2.961871260999999777e+03 1.979992608799999998e-01
2.962643401759999961e+03 2.010623064519999892e-01
2.963415542520000145e+03 2.061828133140000130e-01
2.964187683279999874e+03 2.089645283869999981e-01
2.964959824049999952e+03 2.114041133719999910e-01
2.965731964810000136e+03 2.139528580060000018e-01
2.966504105569999865e+03 2.170937106159999963e-01
2.967276246330000049e+03 2.182302993549999903e-01
2.968048387100000127e+03 2.200348264520000097e-01
2.968820527859999856e+03 2.221355259820000094e-01
2.969592668620000040e+03 2.269638933719999863e-01
2.970364809380000224e+03 2.301150804110000114e-01
2.971136950149999848e+03 2.311754937830000078e-01
2.971909090910000032e+03 2.285895890909999950e-01
2.972681231670000216e+03 2.269105850439999961e-01
2.973453372429999945e+03 2.251088183580000068e-01
2.974225513200000023e+03 2.219473610559999921e-01
2.974997653960000207e+03 2.152014114960000002e-01
2.975769794719999936e+03 2.097823418180000121e-01
2.976541935480000120e+03 2.077546683869999911e-01
2.977314076250000198e+03 2.098372855719999874e-01
2.978086217009999928e+03 2.104455095599999936e-01
2.978858357770000111e+03 2.113791194129999995e-01
2.979630498529999841e+03 2.130852538999999934e-01
2.980402639299999919e+03 2.156238208210000118e-01
2.981174780060000103e+03 2.189170867449999891e-01
2.981946920819999832e+03 2.185756092080000101e-01
2.982719061580000016e+03 2.204081462170000005e-01
2.983491202350000094e+03 2.215364305570000081e-01
2.984263343109999823e+03 2.212138295009999922e-01
2.985035483870000007e+03 2.210716290320000055e-01
2.985807624630000191e+03 2.214636266280000099e-01
2.986579765399999815e+03 2.211875161290000058e-01
2.987351906159999999e+03 2.211578946040000104e-01
2.988124046920000183e+03 2.203198947799999974e-01
2.988896187679999912e+03 2.213010858649999968e-01
2.989668328449999990e+03 2.198157825810000132e-01
2.990440469210000174e+03 2.210638837539999901e-01
2.991212609969999903e+03 2.174941906160000049e-01
2.991984750730000087e+03 2.202627063339999969e-01
2.992756891500000165e+03 2.153009072139999980e-01
2.993529032259999894e+03 2.100507006450000047e-01
2.994301173020000078e+03 2.089873333720000115e-01
2.995073313779999808e+03 2.094723761289999930e-01
2.995845454549999886e+03 2.125109327270000015e-01
2.996617595310000070e+03 2.115170533719999968e-01
2.997389736069999799e+03 2.121971763640000119e-01
2.998161876829999983e+03 2.162258978300000134e-01
2.998934017600000061e+03 2.197001730789999996e-01
2.999706158359999790e+03 2.241971370090000137e-01
3.000478299119999974e+03 2.216238445750000063e-01
3.001250439880000158e+03 2.231597828150000129e-01
3.002022580649999782e+03 2.247584225810000114e-01
3.002794721409999966e+03 2.254798300289999891e-01
3.003566862170000149e+03 2.173064572429999897e-01
3.004339002929999879e+03 2.129966150729999952e-01
3.005111143699999957e+03 2.105610367740000100e-01
3.005883284460000141e+03 2.140482070380000101e-01
3.006655425219999870e+03 2.144939794129999966e-01
3.007427565980000054e+03 2.099495736660000056e-01
3.008199706739999783e+03 2.116490127270000132e-01
3.008971847509999861e+03 2.148196279179999946e-01
3.009743988270000045e+03 2.151233988859999890e-01
3.010516129029999775e+03 2.149448148389999924e-01
3.011288269789999958e+03 2.146883252790000030e-01
3.012060410560000037e+03 2.177555778299999911e-01
3.012832551320000221e+03 2.241458448089999889e-01
3.013604692079999950e+03 2.296772544279999939e-01
3.014376832840000134e+03 2.364351296190000118e-01
3.015148973610000212e+03 2.365425643990000104e-01
3.015921114369999941e+03 2.378489631090000000e-01
3.016693255130000125e+03 2.365464243400000055e-01
3.017465395889999854e+03 2.323307558359999914e-01
3.018237536659999932e+03 2.317530561879999895e-01
3.019009677420000116e+03 2.308082477420000111e-01
3.019781818179999846e+03 2.304823581819999967e-01
3.020553958940000030e+03 2.317574080350000010e-01
3.021326099710000108e+03 2.323971464519999919e-01
3.022098240469999837e+03 2.327018371850000100e-01
3.022870381230000021e+03 2.332312779469999930e-01
3.023642521990000205e+03 2.313928795890000112e-01
3.024414662759999828e+03 2.297797440469999952e-01
3.025186803520000012e+03 2.262382961880000098e-01
3.025958944280000196e+03 2.257147857479999964e-01
3.026731085039999925e+03 2.306897409379999875e-01
3.027503225810000004e+03 2.290193019350000025e-01
3.028275366570000187e+03 2.256144017599999996e-01
3.029047507329999917e+03 2.265198816419999872e-01
3.029819648090000101e+03 2.262693817009999997e-01
3.030591788860000179e+03 2.295457470970000136e-01
3.031363929619999908e+03 2.260101927269999866e-01
3.032136070380000092e+03 2.239078266860000110e-01
3.032908211139999821e+03 2.270353524339999984e-01
3.033680351909999899e+03 2.281506876249999871e-01
3.034452492670000083e+03 2.291907339589999981e-01
3.035224633429999813e+03 2.290845110259999984e-01
3.035996774189999996e+03 2.276955058060000092e-01
3.036768914960000075e+03 2.263287687390000136e-01
3.037541055719999804e+03 2.266720081520000041e-01
3.038313196479999988e+03 2.260681468040000031e-01
3.039085337240000172e+03 2.248596893260000062e-01
3.039857478009999795e+03 2.243392853370000106e-01
3.040629618769999979e+03 2.242097625810000050e-01
3.041401759530000163e+03 2.213459303810000056e-01
3.042173900289999892e+03 2.237353501469999950e-01
3.042946041059999970e+03 2.200654696769999974e-01
3.043718181820000154e+03 2.177059418179999872e-01
3.044490322579999884e+03 2.119547438709999954e-01
3.045262463340000068e+03 2.048104238119999865e-01
3.046034604110000146e+03 2.066196089740000019e-01
3.046806744869999875e+03 2.052115303229999910e-01
3.047578885630000059e+03 2.059148116129999873e-01
3.048351026389999788e+03 2.070018222870000091e-01
3.049123167159999866e+03 2.109558371849999947e-01
3.049895307920000050e+03 2.171526270970000061e-01
3.050667448679999779e+03 2.209844486800000007e-01
3.051439589439999963e+03 2.190718337239999924e-01
3.052211730210000042e+03 2.186002397069999881e-01
3.052983870970000225e+03 2.200681832259999970e-01
3.053756011729999955e+03 2.188872194129999893e-01
3.054528152490000139e+03 2.124302180060000100e-01
3.055300293260000217e+03 2.109911643990000085e-01
3.056072434019999946e+03 2.106571394129999886e-01
3.056844574780000130e+03 2.132437636950000048e-01
3.057616715539999859e+03 2.127854807619999900e-01
3.058388856300000043e+03 2.136327664519999947e-01
3.059160997070000121e+03 2.178165853959999898e-01
3.059933137829999851e+03 2.200806729620000124e-01
3.060705278590000034e+03 2.198019092079999959e-01
3.061477419350000218e+03 2.219970632259999910e-01
3.062249560119999842e+03 2.262772151319999980e-01
3.063021700880000026e+03 2.275660407039999944e-01
3.063793841640000210e+03 2.273658545449999957e-01
3.064565982399999939e+03 2.314170177709999887e-01
3.065338123170000017e+03 2.374906234020000007e-01
3.066110263930000201e+03 2.403712924929999883e-01
3.066882404689999930e+03 2.369175107329999919e-01
3.067654545450000114e+03 2.347282418180000052e-01
3.068426686220000192e+03 2.307235504400000081e-01
3.069198826979999922e+03 2.274851245160000035e-01
3.069970967740000106e+03 2.255898535480000133e-01
3.070743108499999835e+03 2.180072251609999900e-01
3.071515249269999913e+03 2.145872882110000102e-01
3.072287390030000097e+03 2.122769595890000027e-01
3.073059530789999826e+03 2.159847801170000081e-01
3.073831671550000010e+03 2.235425862169999889e-01
3.074603812320000088e+03 2.270022729620000124e-01
3.075375953079999817e+03 2.235126538420000031e-01
3.076148093840000001e+03 2.203675632260000128e-01
3.076920234600000185e+03 2.181694504399999957e-01
3.077692375369999809e+03 2.158887226389999969e-01
3.078464516129999993e+03 2.066625135479999986e-01
3.079236656890000177e+03 1.935909152489999896e-01
3.080008797649999906e+03 1.874876913200000106e-01
3.080780938419999984e+03 1.869282874490000024e-01
3.081553079180000168e+03 1.868897387679999966e-01
3.082325219939999897e+03 1.830058136659999946e-01
3.083097360700000081e+03 1.788815087979999940e-01
3.083869501470000159e+03 1.836244649850000132e-01
3.084641642229999889e+03 1.812501068619999933e-01
3.085413782990000072e+03 1.798545591790000064e-01
3.086185923749999802e+03 1.773972666280000110e-01
3.086958064519999880e+03 1.769578541940000083e-01
3.087730205280000064e+03 1.781745069790000024e-01
3.088502346039999793e+03 1.778503147799999906e-01
3.089274486799999977e+03 1.779766378300000063e-01
3.090046627570000055e+03 1.798678951319999941e-01
3.090818768329999784e+03 1.785689853959999962e-01
3.091590909089999968e+03 1.786512309090000084e-01
3.092363049850000152e+03 1.777524659240000138e-01
3.093135190619999776e+03 1.773519994720000048e-01
3.093907331379999960e+03 1.744677289740000081e-01
3.094679472140000144e+03 1.743450755429999943e-01
3.095451612899999873e+03 1.782887729029999924e-01
3.096223753669999951e+03 1.834157198830000113e-01
3.096995894430000135e+03 1.838772312610000015e-01
3.097768035189999864e+03 1.862741792379999928e-01
3.098540175950000048e+03 1.868240149560000118e-01
3.099312316720000126e+03 1.851100742519999898e-01
3.100084457479999855e+03 1.872213456890000072e-01
3.100856598240000039e+03 1.833820755430000116e-01
3.101628739000000223e+03 1.782547420529999871e-01
3.102400879769999847e+03 1.763089955430000022e-01
3.103173020530000031e+03 1.724354415840000099e-01
3.103945161290000215e+03 1.743192619349999972e-01
3.104717302049999944e+03 1.726647465689999938e-01
3.105489442820000022e+03 1.707437785919999895e-01
3.106261583580000206e+03 1.746036129029999995e-01
3.107033724339999935e+03 1.778894072140000115e-01
3.107805865100000119e+03 1.812192358359999977e-01
3.108578005870000197e+03 1.847410293260000058e-01
3.109350146629999927e+03 1.861935404689999962e-01
3.110122287390000110e+03 1.909743434020000075e-01
3.110894428149999840e+03 1.930225421700000055e-01
3.111666568910000024e+03 1.930743307920000096e-01
3.112438709680000102e+03 1.919292593549999926e-01
3.113210850439999831e+03 1.855339382400000015e-01
3.113982991200000015e+03 1.816738858059999961e-01
3.114755131960000199e+03 1.763493066279999966e-01
3.115527272729999822e+03 1.727981163639999984e-01
3.116299413490000006e+03 1.744402665099999972e-01
3.117071554250000190e+03 1.751723259240000052e-01
3.117843695009999919e+03 1.775173664520000028e-01
3.118615835779999998e+03 1.832691273310000091e-01
3.119387976540000182e+03 1.832772912020000089e-01
3.120160117299999911e+03 1.863437151909999867e-01
3.120932258060000095e+03 1.889871187100000127e-01
3.121704398830000173e+03 1.838344323749999953e-01
3.122476539589999902e+03 1.864395414660000028e-01
3.123248680350000086e+03 1.841561968909999902e-01
3.124020821109999815e+03 1.901155407039999967e-01
3.124792961879999893e+03 1.973018070379999878e-01
3.125565102640000077e+03 1.927828914960000029e-01
3.126337243399999807e+03 1.951041858650000016e-01
3.127109384159999991e+03 1.989423720229999970e-01
3.127881524930000069e+03 1.985219126689999891e-01
3.128653665689999798e+03 1.939152607040000031e-01
3.129425806449999982e+03 1.897557245160000072e-01
3.130197947210000166e+03 1.909167982989999901e-01
3.130970087979999789e+03 1.892030274489999997e-01
3.131742228739999973e+03 1.903713705570000136e-01
3.132514369500000157e+03 1.940773213489999927e-01
3.133286510259999886e+03 1.956068174189999898e-01
3.134058651029999965e+03 1.977422968910000078e-01
3.134830791790000148e+03 1.970059706739999972e-01
3.135602932549999878e+03 1.984170812319999977e-01
3.136375073310000062e+03 1.983111831090000055e-01
3.137147214080000140e+03 2.013046734900000023e-01
3.137919354839999869e+03 2.039470122579999933e-01
3.138691495600000053e+03 2.022913529619999873e-01
3.139463636359999782e+03 2.007620327269999949e-01
3.140235777129999860e+03 2.019634558360000054e-01
3.141007917890000044e+03 2.025437719060000086e-01
3.141780058649999773e+03 1.983198431669999928e-01
3.142552199409999957e+03 1.917405544280000040e-01
3.143324340180000036e+03 1.919732398829999964e-01
3.144096480940000220e+03 1.933437645749999934e-01
3.144868621699999949e+03 1.955491328450000010e-01
3.145640762460000133e+03 1.938606487979999959e-01
3.146412903230000211e+03 1.970942296769999935e-01
3.147185043989999940e+03 1.996724290319999984e-01
3.147957184750000124e+03 2.016607801170000047e-01
3.148729325509999853e+03 2.081703304989999948e-01
3.149501466279999931e+03 2.042969296769999998e-01
3.150273607040000115e+03 2.010527039879999867e-01
3.151045747799999845e+03 1.997058056890000100e-01
3.151817888560000029e+03 1.981360889740000075e-01
3.152590029330000107e+03 1.982703239299999920e-01
3.153362170089999836e+03 1.976655189440000016e-01
3.154134310850000020e+03 1.963278223459999916e-01
3.154906451610000204e+03 1.979999851610000083e-01
3.155678592379999827e+03 1.996601977709999975e-01
3.156450733140000011e+03 1.992001553670000036e-01
3.157222873900000195e+03 1.935662608210000080e-01
3.157995014659999924e+03 1.861915332550000135e-01
3.158767155430000003e+03 1.829225747800000135e-01
3.159539296190000186e+03 1.791340592379999930e-01
3.160311436949999916e+03 1.807889565980000113e-01
3.161083577710000100e+03 1.865909892669999903e-01
3.161855718480000178e+03 1.921397567739999979e-01
3.162627859239999907e+03 1.966606249270000106e-01
3.163400000000000091e+03 1.973503000000000063e-01
3.164172140759999820e+03 1.987517406450000079e-01
3.164944281520000004e+03 2.022534310849999906e-01
3.165716422290000082e+03 1.996290262759999878e-01
3.166488563049999811e+03 1.961199291500000108e-01
3.167260703809999995e+03 1.984331211139999940e-01
3.168032844570000179e+03 1.991409699120000043e-01
3.168804985339999803e+03 2.018040679180000130e-01
3.169577126099999987e+03 2.055826461580000097e-01
3.170349266860000171e+03 2.061065943110000076e-01
3.171121407619999900e+03 2.083098540180000069e-01
3.171893548389999978e+03 2.075181148390000119e-01
3.172665689150000162e+03 2.075553638709999871e-01
3.173437829909999891e+03 2.109461848089999869e-01
3.174209970670000075e+03 2.106230076829999909e-01
3.174982111440000153e+03 2.067384631670000084e-01
3.175754252199999883e+03 1.998401957769999904e-01
3.176526392960000067e+03 1.949122249269999996e-01
3.177298533719999796e+03 1.967103615839999875e-01
3.178070674489999874e+03 1.945204609969999887e-01
3.178842815250000058e+03 1.874518927859999962e-01
3.179614956009999787e+03 1.893627750150000122e-01
3.180387096769999971e+03 1.924775141939999989e-01
3.181159237540000049e+03 1.941712267450000085e-01
3.181931378299999778e+03 1.923152673309999894e-01
3.182703519059999962e+03 1.860195380059999903e-01
3.183475659820000146e+03 1.848442375369999946e-01
3.184247800590000224e+03 1.878480880939999986e-01
3.185019941349999954e+03 1.895969987680000135e-01
3.185792082110000138e+03 1.932313078590000011e-01
3.186564222869999867e+03 1.976080251610000116e-01
3.187336363639999945e+03 2.048251818179999961e-01
3.188108504400000129e+03 2.137135450440000028e-01
3.188880645159999858e+03 2.130719451610000037e-01
3.189652785920000042e+03 2.114191500289999970e-01
3.190424926690000120e+03 2.073026276830000070e-01
3.191197067449999849e+03 2.025149347799999888e-01
3.191969208210000033e+03 2.007886876249999897e-01
3.192741348970000217e+03 2.040185387679999962e-01
3.193513489739999841e+03 2.050720231089999956e-01
3.194285630500000025e+03 2.085927572429999988e-01
3.195057771260000209e+03 2.085331713780000096e-01
3.195829912019999938e+03 2.105036943689999884e-01
3.196602052790000016e+03 2.147548100289999873e-01
3.197374193550000200e+03 2.089098922579999962e-01
3.198146334309999929e+03 2.080616022289999978e-01
3.198918475070000113e+03 2.109012665099999906e-01
3.199690615840000191e+03 2.064126846329999987e-01
3.200462756599999921e+03 2.050486159530000019e-01
3.201234897360000105e+03 1.994233133140000114e-01
3.202007038119999834e+03 1.989435954840000076e-01
3.202779178889999912e+03 1.989788963640000130e-01
3.203551319650000096e+03 1.909086802930000104e-01
3.204323460409999825e+03 1.906362411139999880e-01
3.205095601170000009e+03 1.943129152489999900e-01
3.205867741940000087e+03 1.994990645159999965e-01
3.206639882699999816e+03 2.015490282109999864e-01
3.207412023460000000e+03 1.981205492670000123e-01
3.208184164220000184e+03 1.953063532550000092e-01
3.208956304989999808e+03 2.011030421109999966e-01
3.209728445749999992e+03 2.009168697950000082e-01
3.210500586510000176e+03 1.995150876250000038e-01
3.211272727269999905e+03 1.971571563639999969e-01
3.212044868039999983e+03 1.957247950150000082e-01
3.212817008800000167e+03 1.989592902050000001e-01
3.213589149559999896e+03 2.009946293260000127e-01
3.214361290320000080e+03 1.946221051610000086e-01
3.215133431090000158e+03 1.920006669790000065e-01
3.215905571849999887e+03 1.904491248090000033e-01
3.216677712610000071e+03 1.930919716720000123e-01
3.217449853369999801e+03 1.923682112610000106e-01
3.218221994129999985e+03 1.897413139000000137e-01
3.218994134900000063e+03 1.886484758360000014e-01
3.219766275659999792e+03 1.910599270970000096e-01
3.220538416419999976e+03 1.929245495009999922e-01
3.221310557180000160e+03 1.937543387100000014e-01
3.222082697949999783e+03 1.940872224050000094e-01
3.222854838709999967e+03 1.960603664520000067e-01
3.223626979470000151e+03 1.991593758359999911e-01
3.224399120229999880e+03 1.957422441059999962e-01
3.225171260999999959e+03 1.938400450439999867e-01
3.225943401760000143e+03 1.940711746630000012e-01
3.226715542519999872e+03 1.947305849850000103e-01
3.227487683280000056e+03 1.912772073310000098e-01
3.228259824050000134e+03 1.932219014079999964e-01
3.229031964809999863e+03 1.969699195309999873e-01
3.229804105570000047e+03 2.001889640470000120e-01
3.230576246329999776e+03 2.000356623460000094e-01
3.231348387099999854e+03 2.011808999999999958e-01
3.232120527860000038e+03 2.036893321409999902e-01
3.232892668620000222e+03 2.078705261000000082e-01
3.233664809379999951e+03 2.036871680350000047e-01
3.234436950150000030e+03 2.015763056890000071e-01
3.235209090910000214e+03 2.022529181820000022e-01
3.235981231669999943e+03 2.087353252789999891e-01
3.236753372430000127e+03 2.085630462760000026e-01
3.237525513200000205e+03 2.023799794130000107e-01
3.238297653959999934e+03 2.024346851609999942e-01
3.239069794720000118e+03 2.041795651030000047e-01
3.239841935479999847e+03 2.012751864519999878e-01
3.240614076249999925e+03 1.974434045160000095e-01
3.241386217010000109e+03 1.935753353080000017e-01
3.242158357769999839e+03 1.997368891500000132e-01
3.242930498530000023e+03 2.036045326689999990e-01
3.243702639300000101e+03 2.031345828739999915e-01
3.244474780059999830e+03 2.061478007620000108e-01
3.245246920820000014e+03 2.077644798240000090e-01
3.246019061580000198e+03 2.095324708500000133e-01
3.246791202349999821e+03 2.097328397069999906e-01
3.247563343110000005e+03 2.049364000589999901e-01
3.248335483870000189e+03 2.052769077419999977e-01
3.249107624629999918e+03 2.083393404109999958e-01
3.249879765399999997e+03 2.101896987100000114e-01
3.250651906160000181e+03 2.088431698529999991e-01
3.251424046919999910e+03 2.067851748969999903e-01
3.252196187680000094e+03 2.063189177710000044e-01
3.252968328450000172e+03 2.093055524340000084e-01
3.253740469209999901e+03 2.060210435189999967e-01
3.254512609970000085e+03 2.009410798240000018e-01
3.255284750729999814e+03 1.963271218769999937e-01
3.256056891499999892e+03 1.993184780059999994e-01
3.256829032260000076e+03 1.979197683870000113e-01
3.257601173019999806e+03 1.973276764809999972e-01
3.258373313779999989e+03 1.966372076829999982e-01
3.259145454550000068e+03 1.978905509090000125e-01
3.259917595309999797e+03 2.022354978299999995e-01
3.260689736069999981e+03 2.015938696769999927e-01
3.261461876830000165e+03 2.024099375950000057e-01
3.262234017599999788e+03 2.041234493840000108e-01
3.263006158359999972e+03 2.048545574189999940e-01
3.263778299120000156e+03 2.012829191199999868e-01
3.264550439879999885e+03 2.024428417599999919e-01
3.265322580649999963e+03 2.088079361290000047e-01
3.266094721410000147e+03 2.066645487980000029e-01
3.266866862169999877e+03 2.023965812899999883e-01
3.267639002930000061e+03 2.034234217010000012e-01
3.268411143700000139e+03 2.093946643990000078e-01
3.269183284459999868e+03 2.137607430500000072e-01
3.269955425220000052e+03 2.062888078590000007e-01
3.270727565979999781e+03 1.994684062759999876e-01
3.271499706739999965e+03 2.011064948390000051e-01
3.272271847510000043e+03 1.990792739589999916e-01
3.273043988270000227e+03 1.963000927269999973e-01
3.273816129029999956e+03 1.934330135479999935e-01
3.274588269790000140e+03 1.944099846919999930e-01
3.275360410560000219e+03 2.029716948389999887e-01
3.276132551319999948e+03 2.040429119649999901e-01
3.276904692080000132e+03 2.071673901470000023e-01
3.277676832839999861e+03 2.114351631670000065e-01
3.278448973609999939e+03 2.117924533720000058e-01
3.279221114370000123e+03 2.133347954840000005e-01
3.279993255129999852e+03 2.135250832839999946e-01
3.280765395890000036e+03 2.182445160700000053e-01
3.281537536660000114e+03 2.248270062759999965e-01
3.282309677419999844e+03 2.248150787100000048e-01
3.283081818180000027e+03 2.215039690910000081e-01
3.283853958940000211e+03 2.190695231089999917e-01
3.284626099709999835e+03 2.158608173019999910e-01
3.285398240470000019e+03 2.107500460410000054e-01
3.286170381230000203e+03 2.016622651609999983e-01
3.286942521989999932e+03 1.973513079180000129e-01
3.287714662760000010e+03 2.003336574189999997e-01
3.288486803520000194e+03 2.032195282110000056e-01
3.289258944279999923e+03 2.047144649850000109e-01
3.290031085040000107e+03 2.043061825810000010e-01
3.290803225810000185e+03 2.038499683870000079e-01
3.291575366569999915e+03 2.011381910850000010e-01
3.292347507330000099e+03 1.991507571849999991e-01
3.293119648089999828e+03 1.992339643400000138e-01
3.293891788859999906e+03 1.999467805869999948e-01
3.294663929620000090e+03 1.979935641059999973e-01
3.295436070379999819e+03 1.977094907330000095e-01
3.296208211140000003e+03 1.998290281519999878e-01
3.296980351910000081e+03 2.031535340760000086e-01
3.297752492669999810e+03 2.032234912020000062e-01
3.298524633429999994e+03 2.007825707329999876e-01
3.299296774190000178e+03 2.045398206450000089e-01
3.300068914959999802e+03 2.081640251609999936e-01
3.300841055719999986e+03 2.125702747800000125e-01
3.301613196480000170e+03 2.154158848680000071e-01
3.302385337239999899e+03 2.208276295599999883e-01
3.303157478009999977e+03 2.258241534310000131e-01
3.303929618770000161e+03 2.285717255130000070e-01
3.304701759529999890e+03 2.240981998830000044e-01
3.305473900290000074e+03 2.248647346629999988e-01
3.306246041060000152e+03 2.213768302050000136e-01
3.307018181819999882e+03 2.141843563639999892e-01
3.307790322580000065e+03 2.019396864520000001e-01
3.308562463339999795e+03 1.957528688559999897e-01
3.309334604109999873e+03 1.951472318480000079e-01
3.310106744870000057e+03 1.951221601760000091e-01
3.310878885629999786e+03 1.979015312609999910e-01
3.311651026389999970e+03 1.999381977709999980e-01
3.312423167160000048e+03 2.059752920819999944e-01
3.313195307919999777e+03 2.099934269790000030e-01
3.313967448679999961e+03 2.141625113199999986e-01
3.314739589440000145e+03 2.179135928450000037e-01
3.315511730210000223e+03 2.167367218179999944e-01
3.316283870969999953e+03 2.169803154840000137e-01
3.317056011730000137e+03 2.174480687979999938e-01
3.317828152489999866e+03 2.161918295009999935e-01
3.318600293259999944e+03 2.146726387679999959e-01
3.319372434020000128e+03 2.101924886800000114e-01
3.320144574779999857e+03 2.047229408800000094e-01
3.320916715540000041e+03 2.022425391200000089e-01
3.321688856300000225e+03 2.033980796479999964e-01
3.322460997069999848e+03 2.033945789440000096e-01
3.323233137830000032e+03 2.019473130789999904e-01
3.324005278590000216e+03 2.046638430499999883e-01
3.324777419349999946e+03 2.091251051609999967e-01
3.325549560120000024e+03 2.146515806450000063e-01
3.326321700880000208e+03 2.173943391790000013e-01
3.327093841639999937e+03 2.151355137829999986e-01
3.327865982400000121e+03 2.185883051030000079e-01
3.328638123170000199e+03 2.203098127860000088e-01
3.329410263929999928e+03 2.238569010560000072e-01
3.330182404690000112e+03 2.220258263340000038e-01
3.330954545449999841e+03 2.165547036359999900e-01
3.331726686219999920e+03 2.170400716130000129e-01
3.332498826980000104e+03 2.198699266860000001e-01
3.333270967739999833e+03 2.190977038709999991e-01
3.334043108500000017e+03 2.170717411729999879e-01
3.334815249270000095e+03 2.156913082109999935e-01
3.335587390029999824e+03 2.198563247510000040e-01
3.336359530790000008e+03 2.229143678009999907e-01
3.337131671550000192e+03 2.222805953670000112e-01
3.337903812319999815e+03 2.221586261000000062e-01
3.338675953079999999e+03 2.196948312020000071e-01
3.339448093840000183e+03 2.189274746039999997e-01
3.340220234599999912e+03 2.173183737830000073e-01
3.340992375369999991e+03 2.131166142519999862e-01
3.341764516130000175e+03 2.085410432260000058e-01
3.342536656889999904e+03 2.086447107330000050e-01
3.343308797650000088e+03 2.085027401760000121e-01
3.344080938420000166e+03 2.111883492670000029e-01
3.344853079179999895e+03 2.081206007620000076e-01
3.345625219940000079e+03 2.107394872139999875e-01
3.346397360699999808e+03 2.154560319649999889e-01
3.347169501469999886e+03 2.178818829910000032e-01
3.347941642230000070e+03 2.184539693260000026e-01
3.348713782989999800e+03 2.172999081520000098e-01
3.349485923749999984e+03 2.165128368910000101e-01
3.350258064520000062e+03 2.163779322580000053e-01
3.351030205279999791e+03 2.163167313200000108e-01
3.351802346039999975e+03 2.141595256890000132e-01
3.352574486800000159e+03 2.140804851030000122e-01
3.353346627569999782e+03 2.133236207620000102e-01
3.354118768329999966e+03 2.128898147799999918e-01
3.354890909090000150e+03 2.090076399999999945e-01
3.355663049849999879e+03 2.073686097359999925e-01
3.356435190619999958e+03 2.073947695009999981e-01
3.357207331380000142e+03 2.096871140179999982e-01
3.357979472139999871e+03 2.107225005870000112e-01
3.358751612900000055e+03 2.142747948389999990e-01
3.359523753670000133e+03 2.166035645159999912e-01
3.360295894429999862e+03 2.210991819349999998e-01
3.361068035190000046e+03 2.224840300879999955e-01
3.361840175949999775e+03 2.207986667450000107e-01
3.362612316719999853e+03 2.200120283279999867e-01
3.363384457480000037e+03 2.196983610559999911e-01
3.364156598240000221e+03 2.176746466280000125e-01
3.364928738999999950e+03 2.110804655129999985e-01
3.365700879770000029e+03 2.092008940179999887e-01
3.366473020530000213e+03 2.057281591790000030e-01
3.367245161289999942e+03 1.991086277419999995e-01
3.368017302050000126e+03 1.946872321989999988e-01
3.368789442820000204e+03 1.917725583580000004e-01
3.369561583579999933e+03 1.966286414660000093e-01
3.370333724340000117e+03 1.954282051610000126e-01
3.371105865099999846e+03 1.980530886219999953e-01
3.371878005869999924e+03 2.047506947799999921e-01
3.372650146630000108e+03 2.068622924340000058e-01
3.373422287389999838e+03 2.112194529030000101e-01
3.374194428150000022e+03 2.158589103809999965e-01
3.374966568910000206e+03 2.185220815249999948e-01
3.375738709679999829e+03 2.219124258060000132e-01
3.376510850440000013e+03 2.219679052790000107e-01
3.377282991200000197e+03 2.231116862760000041e-01
3.378055131959999926e+03 2.214158787680000073e-01
3.378827272730000004e+03 2.152024781820000010e-01
3.379599413490000188e+03 2.113443280350000009e-01
3.380371554249999917e+03 2.060240370089999884e-01
3.381143695010000101e+03 2.024086527270000102e-01
3.381915835780000180e+03 1.974349561289999999e-01
3.382687976539999909e+03 1.953501891499999921e-01
3.383460117300000093e+03 1.994088991790000098e-01
3.384232258059999822e+03 2.019154664520000086e-01
3.385004398829999900e+03 2.062530467450000016e-01
3.385776539590000084e+03 2.096127380649999983e-01
3.386548680349999813e+03 2.133778489150000013e-01
3.387320821109999997e+03 2.158502387100000031e-01
3.388092961880000075e+03 2.102557599409999867e-01
3.388865102639999805e+03 2.133823975949999951e-01
3.389637243399999988e+03 2.124771229909999948e-01
3.390409384160000172e+03 2.073219889740000044e-01
3.391181524929999796e+03 2.048967412899999896e-01
3.391953665689999980e+03 2.039705579470000030e-01
3.392725806450000164e+03 2.095645045160000053e-01
3.393497947209999893e+03 2.089530100289999914e-01
3.394270087979999971e+03 2.078418451029999947e-01
3.395042228740000155e+03 2.109437167160000126e-01
3.395814369499999884e+03 2.117533436360000132e-01
3.396586510260000068e+03 2.155028941350000116e-01
3.397358651030000146e+03 2.177075708500000040e-01
3.398130791789999876e+03 2.216187968330000091e-01
3.398902932550000060e+03 2.254080484459999867e-01
3.399675073309999789e+03 2.255678982400000088e-01
3.400447214079999867e+03 2.260857951909999997e-01
3.401219354840000051e+03 2.262770251610000116e-01
3.401991495599999780e+03 2.257847961289999872e-01
3.402763636359999964e+03 2.254411854549999983e-01
3.403535777130000042e+03 2.192304522580000026e-01
3.404307917890000226e+03 2.142733116720000053e-01
3.405080058649999955e+03 2.109212321989999972e-01
3.405852199410000139e+03 2.111163485039999899e-01
3.406624340180000218e+03 2.072146082109999898e-01
3.407396480939999947e+03 2.029022268619999902e-01
3.408168621700000131e+03 2.037124814659999894e-01
3.408940762459999860e+03 2.084061514370000034e-01
3.409712903229999938e+03 2.123078180649999869e-01
3.410485043990000122e+03 2.159461580650000045e-01
3.411257184749999851e+03 2.139444640469999881e-01
3.412029325510000035e+03 2.122837235779999887e-01
3.412801466280000113e+03 2.085907467449999997e-01
3.413573607039999843e+03 2.090630807620000031e-01
3.414345747800000026e+03 2.109844589440000029e-01
3.415117888560000210e+03 2.085650231670000132e-01
3.415890029329999834e+03 2.110409056889999968e-01
3.416662170090000018e+03 2.116711275070000120e-01
3.417434310850000202e+03 2.111205909680000103e-01
3.418206451609999931e+03 2.118815580650000030e-01
3.418978592380000009e+03 2.074386528449999878e-01
3.419750733140000193e+03 2.089088667450000047e-01
3.420522873899999922e+03 2.104249523750000017e-01
3.421295014660000106e+03 2.166207258060000029e-01
3.422067155430000184e+03 2.196613444570000018e-01
3.422839296189999914e+03 2.209669608800000074e-01
3.423611436950000098e+03 2.250899231090000008e-01
3.424383577709999827e+03 2.271530756010000096e-01
3.425155718479999905e+03 2.276452112610000134e-01
3.425927859240000089e+03 2.264243550729999888e-01
3.426699999999999818e+03 2.239662799999999898e-01
3.427472140760000002e+03 2.256695624629999897e-01
3.428244281520000186e+03 2.290636428739999952e-01
3.429016422289999809e+03 2.313762304989999963e-01
3.429788563049999993e+03 2.338863151320000056e-01
3.430560703810000177e+03 2.331298538419999955e-01
3.431332844569999907e+03 2.329460581230000105e-01
3.432104985339999985e+03 2.370557841639999996e-01
3.432877126100000169e+03 2.386674589439999883e-01
3.433649266859999898e+03 2.361160141349999964e-01
3.434421407620000082e+03 2.356084780059999884e-01
3.435193548390000160e+03 2.356140741939999894e-01
3.435965689149999889e+03 2.392494668039999994e-01
3.436737829910000073e+03 2.459973736069999972e-01
3.437509970669999802e+03 2.438285118480000013e-01
3.438282111439999881e+03 2.407927872729999919e-01
3.439054252200000064e+03 2.428405889739999879e-01
3.439826392959999794e+03 2.395994344869999959e-01
3.440598533719999978e+03 2.369897831090000129e-01
3.441370674490000056e+03 2.337972161880000066e-01
3.442142815249999785e+03 2.329773772429999945e-01
3.442914956009999969e+03 2.415813694429999881e-01
3.443687096770000153e+03 2.399242896769999966e-01
3.444459237539999776e+03 2.344901200589999957e-01
3.445231378299999960e+03 2.324067829329999890e-01
3.446003519060000144e+03 2.230021205280000030e-01
3.446775659819999873e+03 2.162636923169999892e-01
3.447547800589999952e+03 2.089877964809999933e-01
3.448319941350000136e+03 2.012986641639999963e-01
3.449092082109999865e+03 2.044635234599999907e-01
3.449864222870000049e+03 2.141388216419999879e-01
3.450636363640000127e+03 2.229204399999999975e-01
3.451408504399999856e+03 2.314231805280000109e-01
3.452180645160000040e+03 2.327976361290000074e-01
3.452952785920000224e+03 2.328159360120000132e-01
3.453724926689999847e+03 2.344999805870000009e-01
3.454497067450000031e+03 2.332135348390000085e-01
3.455269208210000215e+03 2.301469646919999945e-01
3.456041348969999945e+03 2.277315940759999935e-01
3.456813489740000023e+03 2.246066278009999917e-01
3.457585630500000207e+03 2.281944377129999924e-01
3.458357771259999936e+03 2.313012019350000059e-01
3.459129912020000120e+03 2.322559062170000133e-01
3.459902052790000198e+03 2.324106212319999865e-01
3.460674193549999927e+03 2.318275212900000048e-01
3.461446334310000111e+03 2.332651407040000069e-01
3.462218475069999840e+03 2.336539256300000089e-01
3.462990615839999919e+03 2.285085212319999948e-01
3.463762756600000102e+03 2.226107492080000028e-01
3.464534897359999832e+03 2.191457399410000062e-01
3.465307038120000016e+03 2.158525690320000079e-01
3.466079178890000094e+03 2.167252109089999879e-01
3.466851319649999823e+03 2.147270356600000096e-01
3.467623460410000007e+03 2.208894276249999955e-01
3.468395601170000191e+03 2.247996087980000113e-01
3.469167741939999814e+03 2.245030019350000017e-01
3.469939882699999998e+03 2.298509709680000013e-01
3.470712023460000182e+03 2.298546168329999861e-01
3.471484164219999911e+03 2.353810974190000127e-01
3.472256304989999990e+03 2.355751453369999970e-01
3.473028445750000174e+03 2.387096669210000133e-01
3.473800586509999903e+03 2.440670855719999921e-01
3.474572727270000087e+03 2.415610327269999968e-01
3.475344868040000165e+03 2.393022628149999997e-01
3.476117008799999894e+03 2.359075763050000052e-01
3.476889149560000078e+03 2.341280217599999991e-01
3.477661290319999807e+03 2.329633245159999921e-01
3.478433431089999885e+03 2.297507228150000025e-01
3.479205571850000069e+03 2.271215126689999919e-01
3.479977712609999799e+03 2.313486725510000008e-01
3.480749853369999983e+03 2.345963062170000057e-01
3.481521994130000166e+03 2.331901273310000022e-01
3.482294134899999790e+03 2.299784291499999966e-01
3.483066275659999974e+03 2.286945824050000131e-01
3.483838416420000158e+03 2.271030324930000122e-01
3.484610557179999887e+03 2.265581687390000043e-01
3.485382697949999965e+03 2.244833121990000013e-01
3.486154838710000149e+03 2.257758503229999880e-01
3.486926979469999878e+03 2.281859453960000117e-01
3.487699120230000062e+03 2.266479109679999937e-01
3.488471261000000140e+03 2.293211473310000081e-01
3.489243401759999870e+03 2.295712273309999940e-01
3.490015542520000054e+03 2.221719023460000109e-01
3.490787683279999783e+03 2.199501057480000021e-01
3.491559824049999861e+03 2.155044098530000118e-01
3.492331964810000045e+03 2.182229215840000014e-01
3.493104105569999774e+03 2.148308682700000027e-01
3.493876246329999958e+03 2.046304713780000006e-01
3.494648387100000036e+03 2.081688587099999876e-01
3.495420527860000220e+03 2.110635578299999981e-01
3.496192668619999949e+03 2.107280825220000098e-01
3.496964809380000133e+03 2.071314527860000088e-01
3.497736950150000212e+03 2.040923592380000096e-01
3.498509090909999941e+03 2.130650781819999895e-01
3.499281231670000125e+03 2.201868706160000078e-01
3.500053372429999854e+03 2.193854730210000048e-01
3.500825513199999932e+03 2.214307824049999984e-01
3.501597653960000116e+03 2.272682714370000134e-01
3.502369794719999845e+03 2.327736399410000045e-01
3.503141935480000029e+03 2.324238006450000116e-01
3.503914076250000107e+03 2.323051561879999893e-01
3.504686217009999837e+03 2.332959601759999890e-01
3.505458357770000021e+03 2.296757971850000024e-01
3.506230498530000204e+03 2.263348818769999882e-01
3.507002639299999828e+03 2.258313435779999989e-01
3.507774780060000012e+03 2.241565017009999883e-01
3.508546920820000196e+03 2.218837994719999873e-01
3.509319061579999925e+03 2.205159537240000134e-01
3.510091202350000003e+03 2.233376516130000100e-01
3.510863343110000187e+03 2.281796313199999926e-01
3.511635483869999916e+03 2.274278490320000012e-01
3.512407624630000100e+03 2.292806378889999941e-01
3.513179765400000178e+03 2.328306428149999885e-01
3.513951906159999908e+03 2.322514568329999973e-01
3.514724046920000092e+03 2.332776498530000076e-01
3.515496187679999821e+03 2.347934275659999959e-01
3.516268328449999899e+03 2.351748028150000003e-01
3.517040469210000083e+03 2.320606732549999884e-01
3.517812609969999812e+03 2.287994887979999947e-01
3.518584750729999996e+03 2.273738127859999958e-01
3.519356891500000074e+03 2.332063048680000084e-01
3.520129032259999804e+03 2.357963799999999999e-01
3.520901173019999987e+03 2.368823643990000116e-01
3.521673313780000171e+03 2.364679434599999963e-01
3.522445454549999795e+03 2.386333490910000077e-01
3.523217595309999979e+03 2.395062121410000133e-01
3.523989736070000163e+03 2.417853730210000052e-01
3.524761876829999892e+03 2.356259473900000068e-01
3.525534017599999970e+03 2.296215199409999963e-01
3.526306158360000154e+03 2.265668419940000122e-01
3.527078299119999883e+03 2.230934914959999960e-01
3.527850439880000067e+03 2.216249645160000004e-01
3.528622580650000145e+03 2.194238148390000032e-01
3.529394721409999875e+03 2.203990422869999966e-01
3.530166862170000059e+03 2.221741569500000069e-01
3.530939002929999788e+03 2.265098565979999923e-01
3.531711143699999866e+03 2.273215736660000041e-01
3.532483284460000050e+03 2.329957967159999865e-01
3.533255425219999779e+03 2.349666662169999920e-01
3.534027565979999963e+03 2.312954119650000029e-01
3.534799706740000147e+03 2.289644163050000014e-01
3.535571847510000225e+03 2.323602682700000033e-01
3.536343988269999954e+03 2.352802767159999919e-01
3.537116129030000138e+03 2.388996587099999902e-01
3.537888269789999867e+03 2.379852301469999876e-01
3.538660410559999946e+03 2.399597246919999982e-01
3.539432551320000130e+03 2.410448686799999962e-01
3.540204692079999859e+03 2.408257743699999953e-01
3.540976832840000043e+03 2.394269910260000134e-01
3.541748973610000121e+03 2.374963121989999981e-01
3.542521114369999850e+03 2.379703369499999999e-01
3.543293255130000034e+03 2.348664570669999896e-01
3.544065395890000218e+03 2.347926599999999864e-01
3.544837536659999842e+03 2.345713123750000073e-01
3.545609677420000025e+03 2.376573600000000119e-01
3.546381818180000209e+03 2.324424672729999974e-01
3.547153958939999939e+03 2.308667217600000043e-01
3.547926099710000017e+03 2.316414768910000088e-01
3.548698240470000201e+03 2.316711245749999981e-01
3.549470381229999930e+03 2.305320638120000043e-01
3.550242521990000114e+03 2.265042391790000054e-01
3.551014662760000192e+03 2.243983348390000132e-01
3.551786803519999921e+03 2.299005893839999870e-01
3.552558944280000105e+03 2.313830502639999953e-01
3.553331085039999834e+03 2.352663746039999892e-01
3.554103225809999913e+03 2.427600509679999907e-01
3.554875366570000097e+03 2.494837789440000064e-01
3.555647507329999826e+03 2.557969876250000274e-01
3.556419648090000010e+03 2.518915366569999814e-01
3.557191788860000088e+03 2.474573439299999900e-01
3.557963929619999817e+03 2.462685110260000032e-01
3.558736070380000001e+03 2.457695782400000084e-01
3.559508211140000185e+03 2.364535840470000094e-01
3.560280351909999808e+03 2.264412364220000085e-01
3.561052492669999992e+03 2.246611721410000095e-01
3.561824633430000176e+03 2.263062455129999928e-01
3.562596774189999906e+03 2.256734451609999914e-01
3.563368914959999984e+03 2.235799435190000128e-01
3.564141055720000168e+03 2.298237433429999865e-01
3.564913196479999897e+03 2.352430454549999939e-01
3.565685337240000081e+03 2.363001429330000014e-01
3.566457478010000159e+03 2.360027066860000133e-01
3.567229618769999888e+03 2.342181662760000060e-01
3.568001759530000072e+03 2.332076744280000002e-01
3.568773900289999801e+03 2.299319489149999896e-01
3.569546041059999880e+03 2.259240862169999975e-01
3.570318181820000063e+03 2.276998000000000077e-01
3.571090322579999793e+03 2.332119329029999910e-01
3.571862463339999977e+03 2.351246563640000120e-01
3.572634604110000055e+03 2.396051600000000115e-01
3.573406744869999784e+03 2.400864500880000030e-01
3.574178885629999968e+03 2.379139651030000024e-01
3.574951026390000152e+03 2.373357380059999966e-01
3.575723167159999775e+03 2.347652148390000082e-01
3.576495307919999959e+03 2.319659330789999863e-01
3.577267448680000143e+03 2.351179547799999991e-01
3.578039589439999872e+03 2.344517904990000012e-01
3.578811730209999951e+03 2.368537613489999916e-01
3.579583870970000135e+03 2.366216677419999970e-01
3.580356011729999864e+03 2.306760922580000095e-01
3.581128152490000048e+03 2.284823647510000055e-01
3.581900293260000126e+03 2.249849600000000116e-01
3.582672434019999855e+03 2.204059473309999961e-01
3.583444574780000039e+03 2.171691075069999977e-01
3.584216715540000223e+03 2.151716890910000124e-01
3.584988856299999952e+03 2.176983702049999914e-01
3.585760997070000030e+03 2.211942538420000048e-01
3.586533137830000214e+03 2.219964947799999977e-01
3.587305278589999944e+03 2.248415326690000049e-01
3.588077419350000127e+03 2.307567006450000069e-01
3.588849560120000206e+03 2.293609543110000093e-01
3.589621700879999935e+03 2.316084885630000090e-01
3.590393841640000119e+03 2.299726148969999939e-01
3.591165982399999848e+03 2.317625614080000007e-01
3.591938123169999926e+03 2.340928965980000054e-01
3.592710263930000110e+03 2.317634057480000009e-01
3.593482404689999839e+03 2.302841167739999861e-01
3.594254545450000023e+03 2.341784872730000022e-01
3.595026686220000101e+03 2.363292746629999941e-01
3.595798826979999831e+03 2.365204826389999959e-01
3.596570967740000015e+03 2.362756212899999875e-01
3.597343108500000199e+03 2.366447910850000003e-01
3.598115249269999822e+03 2.400202312609999999e-01
3.598887390030000006e+03 2.434841155430000070e-01
3.599659530790000190e+03 2.416375451030000066e-01
3.600431671549999919e+03 2.403819082699999998e-01
3.601203812319999997e+03 2.412772466860000076e-01
3.601975953080000181e+03 2.380875007619999983e-01
3.602748093839999910e+03 2.347875105570000065e-01
3.603520234600000094e+03 2.278528546040000102e-01
3.604292375370000173e+03 2.239123404689999930e-01
3.605064516129999902e+03 2.247248483869999924e-01
3.605836656890000086e+03 2.217579399409999874e-01
3.606608797649999815e+03 2.224338059819999935e-01
3.607380938419999893e+03 2.231934099710000119e-01
3.608153079180000077e+03 2.220172720230000063e-01
3.608925219939999806e+03 2.240326468620000011e-01
3.609697360699999990e+03 2.239894527859999929e-01
3.610469501470000068e+03 2.286805421110000014e-01
3.611241642229999798e+03 2.353106077419999942e-01
3.612013782989999982e+03 2.363979161879999902e-01
3.612785923750000165e+03 2.344468784750000090e-01
3.613558064519999789e+03 2.352848109679999966e-01
3.614330205279999973e+03 2.357173677420000002e-01
3.615102346040000157e+03 2.367986964809999928e-01
3.615874486799999886e+03 2.314048160699999912e-01
3.616646627569999964e+03 2.300978248680000116e-01
3.617418768330000148e+03 2.333065096190000132e-01
3.618190909089999877e+03 2.349295000000000133e-01
3.618963049850000061e+03 2.348667889740000125e-01
3.619735190620000139e+03 2.344784533719999897e-01
3.620507331379999869e+03 2.314943962459999893e-01
3.621279472140000053e+03 2.356367233430000097e-01
3.622051612899999782e+03 2.320684593550000063e-01
3.622823753669999860e+03 2.342532116130000008e-01
3.623595894430000044e+03 2.373469719649999865e-01
3.624368035189999773e+03 2.388089139590000021e-01
3.625140175949999957e+03 2.433081246330000003e-01
3.625912316720000035e+03 2.443813384749999873e-01
3.626684457480000219e+03 2.444291279770000047e-01
3.627456598239999948e+03 2.468322666860000014e-01
3.628228739000000132e+03 2.450219424049999983e-01
3.629000879770000211e+03 2.461681353079999968e-01
3.629773020529999940e+03 2.480559497950000081e-01
3.630545161290000124e+03 2.475463154839999957e-01
3.631317302049999853e+03 2.484273038120000110e-01
3.632089442819999931e+03 2.480331689739999901e-01
3.632861583580000115e+03 2.464114123170000059e-01
3.633633724339999844e+03 2.468717097360000057e-01
3.634405865100000028e+03 2.482839574780000003e-01
3.635178005870000106e+03 2.494636193549999992e-01
3.635950146629999836e+03 2.465349344280000077e-01
3.636722287390000020e+03 2.461735685039999899e-01
3.637494428150000203e+03 2.434398424049999954e-01
3.638266568909999933e+03 2.461803673899999878e-01
3.639038709680000011e+03 2.366263232259999960e-01
3.639810850440000195e+03 2.294045409380000011e-01
3.640582991199999924e+03 2.259611942520000083e-01
3.641355131960000108e+03 2.266116312610000072e-01
3.642127272730000186e+03 2.297401599999999988e-01
3.642899413489999915e+03 2.274310085629999978e-01
3.643671554250000099e+03 2.311975280939999877e-01
3.644443695009999828e+03 2.410134758359999962e-01
3.645215835779999907e+03 2.338667333140000137e-01
3.645987976540000091e+03 2.113315025040000128e-01
3.646760117299999820e+03 1.850245945569999884e-01
3.647532258060000004e+03 1.583232862579999900e-01
3.648304398830000082e+03 1.299063065340000100e-01
3.649076539589999811e+03 9.539080121409999891e-02
3.649848680349999995e+03 6.915294436949999402e-02
3.650620821110000179e+03 5.773898693190000070e-02
3.651392961879999802e+03 4.581192124550000078e-02
3.652165102639999986e+03 3.553010675729999929e-02
3.652937243400000170e+03 2.609418200190000148e-02
3.653709384159999900e+03 1.749089467539999970e-02
3.654481524929999978e+03 9.608219610620000184e-03
3.655253665690000162e+03 2.344681518379999885e-03
3.656025806449999891e+03 1.161540139290000021e-04
3.656797947210000075e+03 8.394834904869999457e-05
3.657570087980000153e+03 5.828841793669999971e-05
3.658342228739999882e+03 3.780902623459999928e-05
3.659114369500000066e+03 2.023155356129999872e-05
3.659886510259999795e+03 4.986502578299999864e-06
3.660658651029999874e+03 1.895663870970000034e-06
3.661430791790000058e+03 1.522773041640000085e-06
3.662202932549999787e+03 1.409843312019999957e-06
3.662975073309999971e+03 1.314906116720000087e-06
3.663747214080000049e+03 1.230157062169999918e-06
3.664519354839999778e+03 1.152638114839999997e-06
3.665291495599999962e+03 1.082487187919999979e-06
3.666063636360000146e+03 1.017439576359999995e-06
3.666835777130000224e+03 8.394925300289999473e-07
3.667607917889999953e+03 6.657054707920000275e-07
3.668380058650000137e+03 5.020524977709999654e-07
3.669152199409999866e+03 3.489611276830000221e-07
3.669924340179999945e+03 2.048872919059999900e-07
3.670696480940000129e+03 6.853371231679999462e-08
3.671468621699999858e+03 0.000000000000000000e+00
3.672240762460000042e+03 0.000000000000000000e+00
3.673012903230000120e+03 0.000000000000000000e+00
3.673785043989999849e+03 0.000000000000000000e+00
3.674557184750000033e+03 0.000000000000000000e+00
3.675329325510000217e+03 0.000000000000000000e+00
3.676101466279999840e+03 0.000000000000000000e+00
3.676873607040000024e+03 0.000000000000000000e+00
3.677645747800000208e+03 0.000000000000000000e+00
3.678417888559999938e+03 0.000000000000000000e+00
3.679190029330000016e+03 0.000000000000000000e+00
3.679962170090000200e+03 0.000000000000000000e+00
3.680734310849999929e+03 0.000000000000000000e+00
3.681506451610000113e+03 0.000000000000000000e+00
3.682278592380000191e+03 0.000000000000000000e+00
3.683050733139999920e+03 0.000000000000000000e+00
3.683822873900000104e+03 0.000000000000000000e+00
3.684595014659999833e+03 0.000000000000000000e+00
3.685367155429999912e+03 0.000000000000000000e+00
3.686139296190000096e+03 0.000000000000000000e+00
3.686911436949999825e+03 0.000000000000000000e+00
3.687683577710000009e+03 0.000000000000000000e+00
3.688455718480000087e+03 0.000000000000000000e+00
3.689227859239999816e+03 0.000000000000000000e+00
3.690000000000000000e+03 0.000000000000000000e+00
