# Wavelength (Angstroms)      Variance
2.914389999999999873e+03 3.690851800000000127e-01
2.915759022480000112e+03 3.578244877180000172e-01
2.917128044969999792e+03 3.494893277150000199e-01
2.918497067450000031e+03 3.493934173780000041e-01
2.919866089929999816e+03 3.496044780679999908e-01
2.921235112410000056e+03 3.498388848480000202e-01
2.922604134900000190e+03 3.489416767160000155e-01
2.923973157379999975e+03 3.488892182559999999e-01
2.925342179860000215e+03 3.469175466350000181e-01
2.926711202349999894e+03 3.467455756600000272e-01
2.928080224830000134e+03 3.474890781039999821e-01
2.929449247309999919e+03 3.486524003009999761e-01
2.930818269790000159e+03 3.507608092789999965e-01
2.932187292279999838e+03 3.521977071380000268e-01
2.933556314760000078e+03 3.525535241989999902e-01
2.934925337239999863e+03 3.525511325219999881e-01
2.936294359729999996e+03 3.519265068699999888e-01
2.937663382209999781e+03 3.511690365280000226e-01
2.939032404690000021e+03 3.535330264279999968e-01
2.940401427169999806e+03 3.549118051119999895e-01
2.941770449659999940e+03 3.553748928450000122e-01
2.943139472140000180e+03 3.557859839299999938e-01
2.944508494619999965e+03 3.545101660219999729e-01
2.945877517110000099e+03 3.532323800880000086e-01
2.947246539589999884e+03 3.537509115310000229e-01
2.948615562070000124e+03 3.535239121109999827e-01
2.949984584559999803e+03 3.540760642110000189e-01
2.951353607040000043e+03 3.559867795130000068e-01
2.952722629519999828e+03 3.564108741309999773e-01
2.954091652000000067e+03 3.574358955699999951e-01
2.955460674490000201e+03 3.580265790620000277e-01
2.956829696969999986e+03 3.578605657580000154e-01
2.958198719450000226e+03 3.584714297630000046e-01
2.959567741939999905e+03 3.577981826450000180e-01
2.960936764420000145e+03 3.585993418689999990e-01
2.962305786899999930e+03 3.580600147119999965e-01
2.963674809380000170e+03 3.604621818529999966e-01
2.965043831869999849e+03 3.616479656850000168e-01
2.966412854350000089e+03 3.620760979429999971e-01
2.967781876829999874e+03 3.600930687980000156e-01
2.969150899320000008e+03 3.590726148389999928e-01
2.970519921799999793e+03 3.583945866409999903e-01
2.971888944280000032e+03 3.591321275889999831e-01
2.973257966759999817e+03 3.609528357280000210e-01
2.974626989249999951e+03 3.607777904089999876e-01
2.975996011730000191e+03 3.618050883280000130e-01
2.977365034209999976e+03 3.604670584870000027e-01
2.978734056700000110e+03 3.594619464339999793e-01
2.980103079179999895e+03 3.604726801640000255e-01
2.981472101660000135e+03 3.602913389779999753e-01
2.982841124139999920e+03 3.625450988660000040e-01
2.984210146630000054e+03 3.630892995719999794e-01
2.985579169109999839e+03 3.641103267169999991e-01
2.986948191590000079e+03 3.651400185709999802e-01
2.988317214080000213e+03 3.641785753080000188e-01
2.989686236559999998e+03 3.632902638709999965e-01
2.991055259039999783e+03 3.612311781040000169e-01
2.992424281520000022e+03 3.618298067160000131e-01
2.993793304010000156e+03 3.619407097049999744e-01
2.995162326489999941e+03 3.617940322989999791e-01
2.996531348970000181e+03 3.618252097360000197e-01
2.997900371459999860e+03 3.652067893670000176e-01
2.999269393940000100e+03 3.657067024239999964e-01
3.000638416419999885e+03 3.666047312610000164e-01
3.002007438910000019e+03 3.669608492490000207e-01
3.003376461389999804e+03 3.642851943809999882e-01
3.004745483870000044e+03 3.644217762579999853e-01
3.006114506349999829e+03 3.649663077179999826e-01
3.007483528839999963e+03 3.647279936169999792e-01
3.008852551320000202e+03 3.656846282349999755e-01
3.010221573799999987e+03 3.652849167209999970e-01
3.011590596290000121e+03 3.650207798319999863e-01
3.012959618769999906e+03 3.644600964399999921e-01
3.014328641250000146e+03 3.630541079960000195e-01
3.015697663729999931e+03 3.627402676109999780e-01
3.017066686220000065e+03 3.623830692430000111e-01
3.018435708699999850e+03 3.623542308659999933e-01
3.019804731180000090e+03 3.630169468819999801e-01
3.021173753670000224e+03 3.639968561579999817e-01
3.022542776150000009e+03 3.635949245669999885e-01
3.023911798629999794e+03 3.638878977810000026e-01
3.025280821110000034e+03 3.638347555070000072e-01
3.026649843600000167e+03 3.643902614739999990e-01
3.028018866079999952e+03 3.659420911829999734e-01
3.029387888560000192e+03 3.666955281350000040e-01
3.030756911049999871e+03 3.688954904399999735e-01
3.032125933530000111e+03 3.681728187759999993e-01
3.033494956009999896e+03 3.684662691849999727e-01
3.034863978490000136e+03 3.677603893549999947e-01
3.036233000979999815e+03 3.654876759099999761e-01
3.037602023460000055e+03 3.655738408149999952e-01
3.038971045939999840e+03 3.639277569739999829e-01
3.040340068429999974e+03 3.638997971499999817e-01
3.041709090910000214e+03 3.637708890910000270e-01
3.043078113389999999e+03 3.649253040700000117e-01
3.044447135869999784e+03 3.663222484179999849e-01
3.045816158359999918e+03 3.678064701059999830e-01
3.047185180840000157e+03 3.668641452979999884e-01
3.048554203319999942e+03 3.648397196870000192e-01
3.049923225810000076e+03 3.636579823230000064e-01
3.051292248289999861e+03 3.641913395110000229e-01
3.052661270770000101e+03 3.644096719570000253e-01
3.054030293259999780e+03 3.655508680410000100e-01
3.055399315740000020e+03 3.666047711239999729e-01
3.056768338219999805e+03 3.672614228700000205e-01
3.058137360700000045e+03 3.678628303109999775e-01
3.059506383190000179e+03 3.677693772080000145e-01
3.060875405669999964e+03 3.664623939200000180e-01
3.062244428150000203e+03 3.647370193550000250e-01
3.063613450639999883e+03 3.647812780370000008e-01
3.064982473120000122e+03 3.645513993760000071e-01
3.066351495599999907e+03 3.658696291729999772e-01
3.067720518080000147e+03 3.666696933390000135e-01
3.069089540569999826e+03 3.660653394719999842e-01
3.070458563050000066e+03 3.632953017419999764e-01
3.071827585529999851e+03 3.637281452550000238e-01
3.073196608019999985e+03 3.641009426740000055e-01
3.074565630500000225e+03 3.647555654310000173e-01
3.075934652980000010e+03 3.651496400390000230e-01
3.077303675459999795e+03 3.640289651499999946e-01
3.078672697949999929e+03 3.635809011089999876e-01
3.080041720430000169e+03 3.638893591399999794e-01
3.081410742909999954e+03 3.631414813430000055e-01
3.082779765400000088e+03 3.651427123170000177e-01
3.084148787879999873e+03 3.645645523030000001e-01
3.085517810360000112e+03 3.657042564540000096e-01
3.086886832839999897e+03 3.660044356420000256e-01
3.088255855330000031e+03 3.653798067210000111e-01
3.089624877809999816e+03 3.657898709779999757e-01
3.090993900290000056e+03 3.650887003280000043e-01
3.092362922780000190e+03 3.639704518810000233e-01
3.093731945259999975e+03 3.629733762110000095e-01
3.095100967740000215e+03 3.617644888389999758e-01
3.096469990220000000e+03 3.630847868229999942e-01
3.097839012710000134e+03 3.635493493310000268e-01
3.099208035189999919e+03 3.650084942049999781e-01
3.100577057670000158e+03 3.639147516969999940e-01
3.101946080159999838e+03 3.636196545529999935e-01
3.103315102640000077e+03 3.633147704990000171e-01
3.104684125119999862e+03 3.631659371379999945e-01
3.106053147609999996e+03 3.618820156909999808e-01
3.107422170089999781e+03 3.617919262520000179e-01
3.108791192570000021e+03 3.593822052530000200e-01
3.110160215049999806e+03 3.583179286020000132e-01
3.111529237539999940e+03 3.606040360880000128e-01
3.112898260020000180e+03 3.599125164179999836e-01
3.114267282499999965e+03 3.590336291710000127e-01
3.115636304990000099e+03 3.608905895130000152e-01
3.117005327469999884e+03 3.595686389050000153e-01
3.118374349950000123e+03 3.585045416109999827e-01
3.119743372429999908e+03 3.607153520410000258e-01
3.121112394920000042e+03 3.593677028350000247e-01
3.122481417399999827e+03 3.576747545710000087e-01
3.123850439880000067e+03 3.573002496189999766e-01
3.125219462370000201e+03 3.537100148599999772e-01
3.126588484849999986e+03 3.513491841210000244e-01
3.127957507330000226e+03 3.503209515249999795e-01
3.129326529810000011e+03 3.502872501579999964e-01
3.130695552300000145e+03 3.521660736660000013e-01
3.132064574779999930e+03 3.538219087039999877e-01
3.133433597260000170e+03 3.546513058419999975e-01
3.134802619749999849e+03 3.545588786669999770e-01
3.136171642230000089e+03 3.522322519709999988e-01
3.137540664709999874e+03 3.495235912410000201e-01
3.138909687190000113e+03 3.478318908210000227e-01
3.140278709679999793e+03 3.480010283869999776e-01
3.141647732160000032e+03 3.484686225220000044e-01
3.143016754639999817e+03 3.440959277689999984e-01
3.144385777129999951e+03 3.434530375370000166e-01
3.145754799610000191e+03 3.424995759219999769e-01
3.147123822089999976e+03 3.459295800980000113e-01
3.148492844570000216e+03 3.439177611140000201e-01
3.149861867059999895e+03 3.413573636519999788e-01
3.151230889540000135e+03 3.375440311049999753e-01
3.152599912019999920e+03 3.353760783990000216e-01
3.153968934510000054e+03 3.349087668469999945e-01
3.155337956989999839e+03 3.347443187529999808e-01
3.156706979470000078e+03 3.354310967740000149e-01
3.158076001960000212e+03 3.361683818669999879e-01
3.159445024439999997e+03 3.395398618459999907e-01
3.160814046919999782e+03 3.367999151089999810e-01
3.162183069400000022e+03 3.348179678750000110e-01
3.163552091890000156e+03 3.323177299669999862e-01
3.164921114369999941e+03 3.262141302050000080e-01
3.166290136850000181e+03 3.232129126739999858e-01
3.167659159339999860e+03 3.209840962389999830e-01
3.169028181820000100e+03 3.202864189090000036e-01
3.170397204299999885e+03 3.215138520859999738e-01
3.171766226780000125e+03 3.214531769890000001e-01
3.173135249269999804e+03 3.208527656190000021e-01
3.174504271750000044e+03 3.179995692609999813e-01
3.175873294229999829e+03 3.149270241759999922e-01
3.177242316719999963e+03 3.146078883169999840e-01
3.178611339200000202e+03 3.083623961090000143e-01
3.179980361679999987e+03 3.039425111180000250e-01
3.181349384160000227e+03 2.953047304990000232e-01
3.182718406649999906e+03 2.940541617149999842e-01
3.184087429130000146e+03 2.956430812859999757e-01
3.185456451609999931e+03 2.973102280650000151e-01
3.186825474100000065e+03 2.910358772939999894e-01
3.188194496579999850e+03 2.872667528760000089e-01
3.189563519060000090e+03 2.838746876950000164e-01
3.190932541539999875e+03 2.883876161639999935e-01
3.192301564030000009e+03 2.969816301079999943e-01
3.193670586509999794e+03 3.032637784519999768e-01
3.195039608990000033e+03 3.099587159339999842e-01
3.196408631480000167e+03 3.049934824989999904e-01
3.197777653959999952e+03 3.103163179710000108e-01
3.199146676440000192e+03 3.083287204790000069e-01
3.200515698919999977e+03 3.028980442579999877e-01
3.201884721410000111e+03 2.972633642110000252e-01
3.203253743889999896e+03 2.916336199530000228e-01
3.204622766370000136e+03 2.893853506199999814e-01
3.205991788859999815e+03 2.952326165399999924e-01
3.207360811340000055e+03 3.023612708169999830e-01
3.208729833819999840e+03 3.109131367699999871e-01
3.210098856300000080e+03 3.124170820880000088e-01
3.211467878790000213e+03 3.164922231519999851e-01
3.212836901269999998e+03 3.173921953669999740e-01
3.214205923749999783e+03 3.137819839529999988e-01
3.215574946239999917e+03 3.137047967959999961e-01
3.216943968720000157e+03 3.102742331219999761e-01
3.218312991199999942e+03 3.048199275480000248e-01
3.219682013690000076e+03 3.071862534120000099e-01
3.221051036169999861e+03 3.005604243280000087e-01
3.222420058650000101e+03 2.969008131029999831e-01
3.223789081129999886e+03 2.948360573289999786e-01
3.225158103620000020e+03 2.941698732860000276e-01
3.226527126099999805e+03 3.006901590619999731e-01
3.227896148580000045e+03 2.989292676320000064e-01
3.229265171070000179e+03 3.008878255720000006e-01
3.230634193549999964e+03 3.034299252900000132e-01
3.232003216030000203e+03 3.044046122819999978e-01
3.233372238509999988e+03 3.085752336270000118e-01
3.234741261000000122e+03 3.064955963400000094e-01
3.236110283479999907e+03 3.004762528880000061e-01
3.237479305960000147e+03 2.987655950970000140e-01
3.238848328449999826e+03 2.969528950729999894e-01
3.240217350930000066e+03 2.960239341249999989e-01
3.241586373409999851e+03 2.896482562459999910e-01
3.242955395890000091e+03 2.923290376300000104e-01
3.244324418380000225e+03 2.914003395659999773e-01
3.245693440860000010e+03 2.951388274619999863e-01
3.247062463339999795e+03 2.952968058059999845e-01
3.248431485829999929e+03 2.949922926260000189e-01
3.249800508310000168e+03 2.919115744790000133e-01
3.251169530789999953e+03 2.907550959410000191e-01
3.252538553270000193e+03 2.879023524500000097e-01
3.253907575759999872e+03 2.914088178790000261e-01
3.255276598240000112e+03 2.928204453370000238e-01
3.256645620719999897e+03 2.896583968840000245e-01
3.258014643210000031e+03 2.848184747799999972e-01
3.259383665689999816e+03 2.742050956950000118e-01
3.260752688170000056e+03 2.734747591400000233e-01
3.262121710649999841e+03 2.795337991299999825e-01
3.263490733139999975e+03 2.837149152260000085e-01
3.264859755620000215e+03 2.856360791690000234e-01
3.266228778100000000e+03 2.838766982870000177e-01
3.267597800590000134e+03 2.878677981230000071e-01
3.268966823069999919e+03 2.875258868619999797e-01
3.270335845550000158e+03 2.923489675009999789e-01
3.271704868039999837e+03 2.941875663699999865e-01
3.273073890520000077e+03 2.906366486729999865e-01
3.274442912999999862e+03 2.919861486220000080e-01
3.275811935480000102e+03 2.862167044519999815e-01
3.277180957969999781e+03 2.846580351479999771e-01
3.278549980450000021e+03 2.813158725439999786e-01
3.279919002929999806e+03 2.829293895600000219e-01
3.281288025419999940e+03 2.825864640660000204e-01
3.282657047900000180e+03 2.811587267799999790e-01
3.284026070379999965e+03 2.823093273610000065e-01
3.285395092860000204e+03 2.770158888020000099e-01
3.286764115349999884e+03 2.745207361190000195e-01
3.288133137830000123e+03 2.704042851610000131e-01
3.289502160309999908e+03 2.700891932450000255e-01
3.290871182800000042e+03 2.771006396560000140e-01
3.292240205279999827e+03 2.782281219000000139e-01
3.293609227760000067e+03 2.815067761210000019e-01
3.294978250239999852e+03 2.850704148679999994e-01
3.296347272729999986e+03 2.828025752730000120e-01
3.297716295210000226e+03 2.852071457970000168e-01
3.299085317690000011e+03 2.851525056740000230e-01
3.300454340180000145e+03 2.801377416770000073e-01
3.301823362659999930e+03 2.781791789049999908e-01
3.303192385140000169e+03 2.797496653820000234e-01
3.304561407619999954e+03 2.767203264159999732e-01
3.305930430110000088e+03 2.767403086240000087e-01
3.307299452589999873e+03 2.813232840350000097e-01
3.308668475070000113e+03 2.846963389150000134e-01
3.310037497559999792e+03 2.915967927820000138e-01
3.311406520040000032e+03 2.961519216579999725e-01
3.312775542519999817e+03 2.933573600700000172e-01
3.314144565000000057e+03 2.910429166330000261e-01
3.315513587490000191e+03 2.872863752300000018e-01
3.316882609969999976e+03 2.835582625220000041e-01
3.318251632450000216e+03 2.871422582170000126e-01
3.319620654939999895e+03 2.856616532569999922e-01
3.320989677420000135e+03 2.840588922580000175e-01
3.322358699899999920e+03 2.796681366079999953e-01
3.323727722390000054e+03 2.744247233700000121e-01
3.325096744869999839e+03 2.722814867919999826e-01
3.326465767350000078e+03 2.696203676130000115e-01
3.327834789829999863e+03 2.727065968779999738e-01
3.329203812319999997e+03 2.782215175369999738e-01
3.330572834799999782e+03 2.797814561210000273e-01
3.331941857280000022e+03 2.865952657670000070e-01
3.333310879770000156e+03 2.839408627510000005e-01
3.334679902249999941e+03 2.831301006759999739e-01
3.336048924730000181e+03 2.836346703229999933e-01
3.337417947209999966e+03 2.829438378420000011e-01
3.338786969700000100e+03 2.814340132729999944e-01
3.340155992179999885e+03 2.700148679180000011e-01
3.341525014660000124e+03 2.710247319649999875e-01
3.342894037149999804e+03 2.685342943890000056e-01
3.344263059630000043e+03 2.766935439279999964e-01
3.345632082109999828e+03 2.802949126450000050e-01
3.347001104590000068e+03 2.826327647429999756e-01
3.348370127080000202e+03 2.818293472219999818e-01
3.349739149559999987e+03 2.772672498529999974e-01
3.351108172040000227e+03 2.838205462799999745e-01
3.352477194529999906e+03 2.818768988859999824e-01
3.353846217010000146e+03 2.815464668739999787e-01
3.355215239489999931e+03 2.767669735659999963e-01
3.356584261970000171e+03 2.715702470579999805e-01
3.357953284459999850e+03 2.724347958889999921e-01
3.359322306940000090e+03 2.717610285429999939e-01
3.360691329419999875e+03 2.724473561920000009e-01
3.362060351910000009e+03 2.770458638480000069e-01
3.363429374389999793e+03 2.751716339099999908e-01
3.364798396870000033e+03 2.792353551439999970e-01
3.366167419349999818e+03 2.743844109679999810e-01
3.367536441839999952e+03 2.695081422400000259e-01
3.368905464320000192e+03 2.724973689640000085e-01
3.370274486799999977e+03 2.764991133720000049e-01
3.371643509290000111e+03 2.813006533760000205e-01
3.373012531769999896e+03 2.828673648330000123e-01
3.374381554250000136e+03 2.801330043579999818e-01
3.375750576739999815e+03 2.781376050050000104e-01
3.377119599220000055e+03 2.775999856990000181e-01
3.378488621699999840e+03 2.757948452319999855e-01
3.379857644180000079e+03 2.727926389740000235e-01
3.381226666670000213e+03 2.678092986669999842e-01
3.382595689149999998e+03 2.688945981170000055e-01
3.383964711629999783e+03 2.769418367550000037e-01
3.385333734119999917e+03 2.835808236890000056e-01
3.386702756600000157e+03 2.838394501109999801e-01
3.388071779079999942e+03 2.823573894620000080e-01
3.389440801560000182e+03 2.729035931850000152e-01
3.390809824049999861e+03 2.699696797069999765e-01
3.392178846530000101e+03 2.682329951240000065e-01
3.393547869009999886e+03 2.684013739860000025e-01
3.394916891500000020e+03 2.688151520229999925e-01
3.396285913979999805e+03 2.700370774190000156e-01
3.397654936460000044e+03 2.726149588660000123e-01
3.399023958939999829e+03 2.722420305100000104e-01
3.400392981429999963e+03 2.705746086840000175e-01
3.401762003910000203e+03 2.701831592510000046e-01
3.403131026389999988e+03 2.641596101579999911e-01
3.404500048880000122e+03 2.617883168619999923e-01
3.405869071359999907e+03 2.561337820680000266e-01
3.407238093840000147e+03 2.568887330379999723e-01
3.408607116319999932e+03 2.591710745449999909e-01
3.409976138810000066e+03 2.653165997970000078e-01
3.411345161289999851e+03 2.643852322579999803e-01
3.412714183770000091e+03 2.664224581579999751e-01
3.414083206260000225e+03 2.646115672530000018e-01
3.415452228740000010e+03 2.584144037710000008e-01
3.416821251219999795e+03 2.597744276560000065e-01
3.418190273700000034e+03 2.584852939589999954e-01
3.419559296190000168e+03 2.546701904870000144e-01
3.420928318669999953e+03 2.584732341040000270e-01
3.422297341150000193e+03 2.615337336460000217e-01
3.423666363639999872e+03 2.712596983639999904e-01
3.425035386120000112e+03 2.749068707919999910e-01
3.426404408599999897e+03 2.752181334409999902e-01
3.427773431090000031e+03 2.712088676480000071e-01
3.429142453569999816e+03 2.682153063750000177e-01
3.430511476050000056e+03 2.725160117729999998e-01
3.431880498529999841e+03 2.730629050439999927e-01
3.433249521019999975e+03 2.711611605709999817e-01
3.434618543500000214e+03 2.685407155560000092e-01
3.435987565979999999e+03 2.577625300290000143e-01
3.437356588470000133e+03 2.550463115739999842e-01
3.438725610949999918e+03 2.516781765200000187e-01
3.440094633430000158e+03 2.512837874020000251e-01
3.441463655909999943e+03 2.507586342370000110e-01
3.442832678400000077e+03 2.538003374209999996e-01
3.444201700879999862e+03 2.571763123520000027e-01
3.445570723360000102e+03 2.619858770769999956e-01
3.446939745849999781e+03 2.737064265649999939e-01
3.448308768330000021e+03 2.730794210029999780e-01
3.449677790809999806e+03 2.767616121129999884e-01
3.451046813290000046e+03 2.767886820920000268e-01
3.452415835780000180e+03 2.777037257480000076e-01
3.453784858259999965e+03 2.844269984810000040e-01
3.455153880740000204e+03 2.841278097950000192e-01
3.456522903229999883e+03 2.825224972259999801e-01
3.457891925710000123e+03 2.752521146040000088e-01
3.459260948189999908e+03 2.750580405959999752e-01
3.460629970670000148e+03 2.729779373019999844e-01
3.461998993159999827e+03 2.714824912630000031e-01
3.463368015640000067e+03 2.710452486450000142e-01
3.464737038119999852e+03 2.646968165040000098e-01
3.466106060609999986e+03 2.700246587880000271e-01
3.467475083090000226e+03 2.740044158709999955e-01
3.468844105570000011e+03 2.783110798940000019e-01
3.470213128049999796e+03 2.783221159159999791e-01
3.471582150539999930e+03 2.697224360430000023e-01
3.472951173020000169e+03 2.639077868620000045e-01
3.474320195499999954e+03 2.630878562310000057e-01
3.475689217990000088e+03 2.625752109310000026e-01
3.477058240469999873e+03 2.627338352729999826e-01
3.478427262950000113e+03 2.637996941469999967e-01
3.479796285429999898e+03 2.606305486220000245e-01
3.481165307920000032e+03 2.588888878769999846e-01
3.482534330399999817e+03 2.624521919180000107e-01
3.483903352880000057e+03 2.644018630439999851e-01
3.485272375370000191e+03 2.621727799179999763e-01
3.486641397849999976e+03 2.561436270970000040e-01
3.488010420330000215e+03 2.481183502600000090e-01
3.489379442819999895e+03 2.408497194020000065e-01
3.490748465300000134e+03 2.549125197889999805e-01
3.492117487779999919e+03 2.633035991009999854e-01
3.493486510260000159e+03 2.749957505569999849e-01
3.494855532749999838e+03 2.826147626259999934e-01
3.496224555230000078e+03 2.809401290790000116e-01
3.497593577709999863e+03 2.821414039469999913e-01
3.498962600199999997e+03 2.751265443090000207e-01
3.500331622679999782e+03 2.662922222479999768e-01
3.501700645160000022e+03 2.659622941940000262e-01
3.503069667639999807e+03 2.634778681289999813e-01
3.504438690129999941e+03 2.632161151629999751e-01
3.505807712610000181e+03 2.660175113430000016e-01
3.507176735089999966e+03 2.669401303419999816e-01
3.508545757580000100e+03 2.723349586670000266e-01
3.509914780059999885e+03 2.752623799180000108e-01
3.511283802540000124e+03 2.795098352900000083e-01
3.512652825019999909e+03 2.756774383189999900e-01
3.514021847510000043e+03 2.720327098829999901e-01
3.515390869989999828e+03 2.743449076869999836e-01
3.516759892470000068e+03 2.737181098709999816e-01
3.518128914960000202e+03 2.772053958240000004e-01
3.519497937439999987e+03 2.793809405470000229e-01
3.520866959920000227e+03 2.787232019349999979e-01
3.522235982400000012e+03 2.707961500469999727e-01
3.523605004890000146e+03 2.686271005629999875e-01
3.524974027369999931e+03 2.698714505059999769e-01
3.526343049850000170e+03 2.702790734550000185e-01
3.527712072339999850e+03 2.757941258259999917e-01
3.529081094820000089e+03 2.735205932670000117e-01
3.530450117299999874e+03 2.749483172489999849e-01
3.531819139780000114e+03 2.708953086020000067e-01
3.533188162269999793e+03 2.627727604539999984e-01
3.534557184750000033e+03 2.657267701470000243e-01
3.535926207229999818e+03 2.714778385120000248e-01
3.537295229719999952e+03 2.833820460679999931e-01
3.538664252200000192e+03 2.850281229270000272e-01
3.540033274679999977e+03 2.813519544049999932e-01
3.541402297170000111e+03 2.751981308900000034e-01
3.542771319649999896e+03 2.765444879769999864e-01
3.544140342130000136e+03 2.727877977970000201e-01
3.545509364609999921e+03 2.726787525400000134e-01
3.546878387100000054e+03 2.718760525159999997e-01
3.548247409579999839e+03 2.693064679370000269e-01
3.549616432060000079e+03 2.675573345119999780e-01
3.550985454550000213e+03 2.703815701819999862e-01
3.552354477029999998e+03 2.724170978850000147e-01
3.553723499509999783e+03 2.753825621539999768e-01
3.555092521990000023e+03 2.801264304109999936e-01
3.556461544480000157e+03 2.772498721559999990e-01
3.557830566959999942e+03 2.769947880720000088e-01
3.559199589440000182e+03 2.807416923280000032e-01
3.560568611929999861e+03 2.815004890009999983e-01
3.561937634410000101e+03 2.858086408600000183e-01
3.563306656889999886e+03 2.844154766629999886e-01
3.564675679370000125e+03 2.789269763400000213e-01
3.566044701859999805e+03 2.735032192140000040e-01
3.567413724340000044e+03 2.719453325749999761e-01
3.568782746819999829e+03 2.751690707330000096e-01
3.570151769309999963e+03 2.797494248449999832e-01
3.571520791790000203e+03 2.822087690210000055e-01
3.572889814269999988e+03 2.770928336660000157e-01
3.574258836749999773e+03 2.727911700919999904e-01
3.575627859239999907e+03 2.742326119060000122e-01
3.576996881720000147e+03 2.752187809250000172e-01
3.578365904199999932e+03 2.767354719490000003e-01
3.579734926690000066e+03 2.791819533139999754e-01
3.581103949169999851e+03 2.710377322890000218e-01
3.582472971650000090e+03 2.709640865790000075e-01
3.583841994129999875e+03 2.706216665919999875e-01
3.585211016620000009e+03 2.689499853669999885e-01
3.586580039099999794e+03 2.674909385609999801e-01
3.587949061580000034e+03 2.606646398649999918e-01
3.589318084070000168e+03 2.503457357580000098e-01
3.590687106549999953e+03 2.513082375719999928e-01
3.592056129030000193e+03 2.499529130320000125e-01
3.593425151519999872e+03 2.433394339999999934e-01
3.594794174000000112e+03 2.449847906160000088e-01
3.596163196479999897e+03 2.356935156299999889e-01
3.597532218960000137e+03 2.349913888369999926e-01
3.598901241449999816e+03 2.316905652429999962e-01
3.600270263930000056e+03 2.335381396129999898e-01
3.601639286409999841e+03 2.312749246490000132e-01
3.603008308899999975e+03 2.383980787489999864e-01
3.604377331380000214e+03 2.417992072729999997e-01
3.605746353859999999e+03 2.385101295479999939e-01
3.607115376339999784e+03 2.367822646880000104e-01
3.608484398829999918e+03 2.339192152490000010e-01
3.609853421310000158e+03 2.307473685139999897e-01
3.611222443789999943e+03 2.321318612549999882e-01
3.612591466280000077e+03 2.338506571610000084e-01
3.613960488759999862e+03 2.289806363169999970e-01
3.615329511240000102e+03 2.230510792829999978e-01
3.616698533719999887e+03 2.174330458060000082e-01
3.618067556210000021e+03 2.214164659339999952e-01
3.619436578689999806e+03 2.330953379629999989e-01
3.620805601170000045e+03 2.437762201989999988e-01
3.622174623660000179e+03 2.535564162580000169e-01
3.623543646139999964e+03 2.568780432550000214e-01
3.624912668620000204e+03 2.539856714959999873e-01
3.626281691099999989e+03 2.550864495149999800e-01
3.627650713590000123e+03 2.546329531930000001e-01
3.629019736069999908e+03 2.466092607619999877e-01
3.630388758550000148e+03 2.467397138999999906e-01
3.631757781039999827e+03 2.487337969929999948e-01
3.633126803520000067e+03 2.504761235190000046e-01
3.634495825999999852e+03 2.515731904380000272e-01
3.635864848480000092e+03 2.488317465450000099e-01
3.637233870970000225e+03 2.426029409680000026e-01
3.638602893450000010e+03 2.440834695050000114e-01
3.639971915929999795e+03 2.410297673350000058e-01
3.641340938419999929e+03 2.362661184279999937e-01
3.642709960900000169e+03 2.336970924419999873e-01
3.644078983379999954e+03 2.369109008209999978e-01
3.645448005870000088e+03 2.307973025220000085e-01
3.646817028349999873e+03 2.366184971220000044e-01
3.648186050830000113e+03 2.339916397709999873e-01
3.649555073309999898e+03 2.338065655600000126e-01
3.650924095800000032e+03 2.335277360309999939e-01
3.652293118279999817e+03 2.394634196990000075e-01
3.653662140760000057e+03 2.401643165219999876e-01
3.655031163250000191e+03 2.444516047510000012e-01
3.656400185729999976e+03 2.451959863750000079e-01
3.657769208210000215e+03 2.463491866280000109e-01
3.659138230690000000e+03 2.349178971099999957e-01
3.660507253180000134e+03 2.272587467330000055e-01
3.661876275659999919e+03 2.255519052670000024e-01
3.663245298140000159e+03 2.273981708430000137e-01
3.664614320629999838e+03 2.402341606349999992e-01
3.665983343110000078e+03 2.432550812319999867e-01
3.667352365589999863e+03 2.445840767959999995e-01
3.668721388070000103e+03 2.466644487780000061e-01
3.670090410559999782e+03 2.397686999470000080e-01
3.671459433040000022e+03 2.340152173800000013e-01
3.672828455519999807e+03 2.346885474169999874e-01
3.674197478009999941e+03 2.334524018770000042e-01
3.675566500490000180e+03 2.444178538100000020e-01
3.676935522969999965e+03 2.425195502009999948e-01
3.678304545450000205e+03 2.397795563640000016e-01
3.679673567939999884e+03 2.375482873239999904e-01
3.681042590420000124e+03 2.339762832610000065e-01
3.682411612899999909e+03 2.345581882580000110e-01
3.683780635390000043e+03 2.368600958490000019e-01
3.685149657869999828e+03 2.491535158750000090e-01
3.686518680350000068e+03 2.511572386800000056e-01
3.687887702829999853e+03 2.444076333219999952e-01
3.689256725319999987e+03 2.449427835840000123e-01
3.690625747800000227e+03 2.418044611959999923e-01
3.691994770280000012e+03 2.482384178890000015e-01
3.693363792770000146e+03 2.536230684729999796e-01
3.694732815249999931e+03 2.506716201349999951e-01
3.696101837730000170e+03 2.502504105260000000e-01
3.697470860219999850e+03 2.484683783659999978e-01
3.698839882700000089e+03 2.498552083280000113e-01
3.700208905179999874e+03 2.515472345590000214e-01
3.701577927660000114e+03 2.538341145060000192e-01
3.702946950149999793e+03 2.538471634310000002e-01
3.704315972630000033e+03 2.494999408090000093e-01
3.705684995109999818e+03 2.421215533040000090e-01
3.707054017599999952e+03 2.308040997420000018e-01
3.708423040080000192e+03 2.254778506200000032e-01
3.709792062559999977e+03 2.253315200509999894e-01
3.711161085040000216e+03 2.305635767099999955e-01
3.712530107529999896e+03 2.421807434409999904e-01
3.713899130010000135e+03 2.492591971120000083e-01
3.715268152489999920e+03 2.560324973840000240e-01
3.716637174980000054e+03 2.522566475540000130e-01
3.718006197459999839e+03 2.486135378890000081e-01
3.719375219940000079e+03 2.424271106739999959e-01
3.720744242419999864e+03 2.369827984239999963e-01
3.722113264909999998e+03 2.339298112919999950e-01
3.723482287389999783e+03 2.376669565979999954e-01
3.724851309870000023e+03 2.340317439160000124e-01
3.726220332360000157e+03 2.385872362070000086e-01
3.727589354839999942e+03 2.448585810970000110e-01
3.728958377320000181e+03 2.479612487270000110e-01
3.730327399799999966e+03 2.485668015620000060e-01
3.731696422290000100e+03 2.439207276479999909e-01
3.733065444769999885e+03 2.419965381920000103e-01
3.734434467250000125e+03 2.443728024559999878e-01
3.735803489739999804e+03 2.457781577600000045e-01
3.737172512220000044e+03 2.497248997300000051e-01
3.738541534699999829e+03 2.481396437299999980e-01
3.739910557180000069e+03 2.540122380059999796e-01
3.741279579670000203e+03 2.553384559340000082e-01
3.742648602149999988e+03 2.501740366019999939e-01
3.744017624629999773e+03 2.492029280760000021e-01
3.745386647119999907e+03 2.485679375640000022e-01
3.746755669600000147e+03 2.487618123260000036e-01
3.748124692079999932e+03 2.481315498420000043e-01
3.749493714570000066e+03 2.412249957460000094e-01
3.750862737049999851e+03 2.390686575250000057e-01
3.752231759530000090e+03 2.401561960820000063e-01
3.753600782009999875e+03 2.403154850829999911e-01
3.754969804500000009e+03 2.406814915619999995e-01
3.756338826979999794e+03 2.493244682930000067e-01
3.757707849460000034e+03 2.525139912689999822e-01
3.759076871950000168e+03 2.585125418609999781e-01
3.760445894429999953e+03 2.524506312900000049e-01
3.761814916910000193e+03 2.507026148229999918e-01
3.763183939389999978e+03 2.479966687269999914e-01
3.764552961880000112e+03 2.493916006330000046e-01
3.765921984359999897e+03 2.532665762069999937e-01
3.767291006840000136e+03 2.532365070970000187e-01
3.768660029329999816e+03 2.557271265689999851e-01
3.770029051810000055e+03 2.516412752959999999e-01
3.771398074289999840e+03 2.514805743890000111e-01
3.772767096770000080e+03 2.462630824519999873e-01
3.774136119260000214e+03 2.491327595889999968e-01
3.775505141739999999e+03 2.516212359100000184e-01
3.776874164219999784e+03 2.530132862580000142e-01
3.778243186709999918e+03 2.491853889739999994e-01
3.779612209190000158e+03 2.422311802010000126e-01
3.780981231669999943e+03 2.408748916719999911e-01
3.782350254150000183e+03 2.472084219769999924e-01
3.783719276639999862e+03 2.522070072770000171e-01
3.785088299120000102e+03 2.486737465689999871e-01
3.786457321599999887e+03 2.562842697239999801e-01
3.787826344090000021e+03 2.563574049460000115e-01
3.789195366569999806e+03 2.603490322109999755e-01
3.790564389050000045e+03 2.639001418079999772e-01
3.791933411529999830e+03 2.586151348969999986e-01
3.793302434019999964e+03 2.590039614310000182e-01
3.794671456500000204e+03 2.559937335679999815e-01
3.796040478979999989e+03 2.505261218829999970e-01
3.797409501470000123e+03 2.489298974780000118e-01
3.798778523949999908e+03 2.484978261309999936e-01
3.800147546430000148e+03 2.481714029719999937e-01
3.801516568909999933e+03 2.474681558060000119e-01
3.802885591400000067e+03 2.568521876559999861e-01
3.804254613879999852e+03 2.600724842580000029e-01
3.805623636360000091e+03 2.655808996360000118e-01
3.806992658850000225e+03 2.677956880549999807e-01
3.808361681330000010e+03 2.604373104589999821e-01
3.809730703809999795e+03 2.589376889789999914e-01
3.811099726299999929e+03 2.614142192839999934e-01
3.812468748780000169e+03 2.639378008989999858e-01
3.813837771259999954e+03 2.622549801290000038e-01
3.815206793740000194e+03 2.645831522289999738e-01
3.816575816229999873e+03 2.582046941660000039e-01
3.817944838710000113e+03 2.510066616130000039e-01
3.819313861189999898e+03 2.430023199570000014e-01
3.820682883680000032e+03 2.463782908909999958e-01
3.822051906159999817e+03 2.528765628740000104e-01
3.823420928640000056e+03 2.636609411499999944e-01
3.824789951119999841e+03 2.658737748430000103e-01
3.826158973609999975e+03 2.587497929209999770e-01
3.827527996090000215e+03 2.587256669910000251e-01
3.828897018570000000e+03 2.591001801369999802e-01
3.830266041060000134e+03 2.652846977239999848e-01
3.831635063539999919e+03 2.641552313139999830e-01
3.833004086020000159e+03 2.593331240860000109e-01
3.834373108499999944e+03 2.528418916190000032e-01
3.835742130990000078e+03 2.505656879770000178e-01
3.837111153469999863e+03 2.538104822869999833e-01
3.838480175950000103e+03 2.489870016300000100e-01
3.839849198439999782e+03 2.465532280330000048e-01
3.841218220920000022e+03 2.413252422009999898e-01
3.842587243399999807e+03 2.472976246040000103e-01
3.843956265880000046e+03 2.463477484069999945e-01
3.845325288370000180e+03 2.502901777379999970e-01
3.846694310849999965e+03 2.527703860059999919e-01
3.848063333330000205e+03 2.453764493330000129e-01
3.849432355819999884e+03 2.438923056300000003e-01
3.850801378300000124e+03 2.447248481640000028e-01
3.852170400779999909e+03 2.481217687310000031e-01
3.853539423260000149e+03 2.528684888759999971e-01
3.854908445749999828e+03 2.546064622990000248e-01
3.856277468230000068e+03 2.583732907040000026e-01
3.857646490709999853e+03 2.522964290949999966e-01
3.859015513199999987e+03 2.533974832020000068e-01
3.860384535680000226e+03 2.545700188000000197e-01
3.861753558160000011e+03 2.569189831570000138e-01
3.863122580650000145e+03 2.600858051609999944e-01
3.864491603129999930e+03 2.474626443700000122e-01
3.865860625610000170e+03 2.452260386779999968e-01
3.867229648089999955e+03 2.418170767620000106e-01
3.868598670580000089e+03 2.451793422440000092e-01
3.869967693059999874e+03 2.507826120530000091e-01
3.871336715540000114e+03 2.580032224750000158e-01
3.872705738029999793e+03 2.564258889909999950e-01
3.874074760510000033e+03 2.607241709440000221e-01
3.875443782989999818e+03 2.607954713430000182e-01
3.876812805470000058e+03 2.610827755030000197e-01
3.878181827960000192e+03 2.582535550539999947e-01
3.879550850439999977e+03 2.524720704050000264e-01
3.880919872920000216e+03 2.540961924499999802e-01
3.882288895409999895e+03 2.554904277930000189e-01
3.883657917890000135e+03 2.526588765400000214e-01
3.885026940369999920e+03 2.511237941700000253e-01
3.886395962850000160e+03 2.511303793269999973e-01
3.887764985339999839e+03 2.519358968329999948e-01
3.889134007820000079e+03 2.570236995369999944e-01
3.890503030299999864e+03 2.583781436359999795e-01
3.891872052789999998e+03 2.564888423519999794e-01
3.893241075269999783e+03 2.507562180649999806e-01
3.894610097750000023e+03 2.451662914330000054e-01
3.895979120229999808e+03 2.417258749679999930e-01
3.897348142719999942e+03 2.396664620039999916e-01
3.898717165200000181e+03 2.418805390619999940e-01
3.900086187679999966e+03 2.511395864279999945e-01
3.901455210170000100e+03 2.572223144199999867e-01
3.902824232649999885e+03 2.721015470989999741e-01
3.904193255130000125e+03 2.700146109680000017e-01
3.905562277609999910e+03 2.708715225689999895e-01
3.906931300100000044e+03 2.739162415090000136e-01
3.908300322579999829e+03 2.716559944520000047e-01
3.909669345060000069e+03 2.722777727780000268e-01
3.911038367550000203e+03 2.662182527079999805e-01
3.912407390029999988e+03 2.606865316829999890e-01
3.913776412509999773e+03 2.651197646880000258e-01
3.915145434999999907e+03 2.672884054660000230e-01
3.916514457480000146e+03 2.652470934839999961e-01
3.917883479959999931e+03 2.595431281330000117e-01
3.919252502440000171e+03 2.652507498139999864e-01
3.920621524929999850e+03 2.651407222170000244e-01
3.921990547410000090e+03 2.707418355169999846e-01
3.923359569889999875e+03 2.698748611180000201e-01
3.924728592380000009e+03 2.677100660999999771e-01
3.926097614859999794e+03 2.663819751400000047e-01
3.927466637340000034e+03 2.647576281840000045e-01
3.928835659819999819e+03 2.616420683640000022e-01
3.930204682309999953e+03 2.550918502210000050e-01
3.931573704790000193e+03 2.551722864709999872e-01
3.932942727269999978e+03 2.539148981820000262e-01
3.934311749760000112e+03 2.600100794449999864e-01
3.935680772239999897e+03 2.666473961449999930e-01
3.937049794720000136e+03 2.720582941699999924e-01
3.938418817199999921e+03 2.684870880649999902e-01
3.939787839690000055e+03 2.619113570830000071e-01
3.941156862169999840e+03 2.576628298590000199e-01
3.942525884650000080e+03 2.535756157499999830e-01
3.943894907140000214e+03 2.543037590650000235e-01
3.945263929619999999e+03 2.620492873310000248e-01
3.946632952099999784e+03 2.705425713430000267e-01
3.948001974580000024e+03 2.722156234679999898e-01
3.949370997070000158e+03 2.761485210790000089e-01
3.950740019549999943e+03 2.688080828900000219e-01
3.952109042030000182e+03 2.727554677810000161e-01
3.953478064519999862e+03 2.776145150970000253e-01
3.954847087000000101e+03 2.733533483250000229e-01
3.956216109479999886e+03 2.740986905300000220e-01
3.957585131960000126e+03 2.728103693960000076e-01
3.958954154449999805e+03 2.693425204500000114e-01
3.960323176930000045e+03 2.736039037240000082e-01
3.961692199409999830e+03 2.725205157650000265e-01
3.963061221899999964e+03 2.721616508069999996e-01
3.964430244380000204e+03 2.717903205469999750e-01
3.965799266859999989e+03 2.686021681820000007e-01
3.967168289350000123e+03 2.691008066589999914e-01
3.968537311829999908e+03 2.695111802799999845e-01
3.969906334310000148e+03 2.709322233199999985e-01
3.971275356789999933e+03 2.718828445709999819e-01
3.972644379280000067e+03 2.688712517890000098e-01
3.974013401759999851e+03 2.687105599879999751e-01
3.975382424240000091e+03 2.637386294549999843e-01
3.976751446730000225e+03 2.661417972299999768e-01
3.978120469210000010e+03 2.627287005510000051e-01
3.979489491689999795e+03 2.642291050639999916e-01
3.980858514170000035e+03 2.635833369030000095e-01
3.982227536660000169e+03 2.568240027679999926e-01
3.983596559139999954e+03 2.609804274409999736e-01
3.984965581620000194e+03 2.596655980249999995e-01
3.986334604109999873e+03 2.633638282110000173e-01
3.987703626590000113e+03 2.638473042780000166e-01
3.989072649069999898e+03 2.629901846730000048e-01
3.990441671550000137e+03 2.615048687679999984e-01
3.991810694039999817e+03 2.706199865610000033e-01
3.993179716520000056e+03 2.729569417889999849e-01
3.994548738999999841e+03 2.807521442579999915e-01
3.995917761489999975e+03 2.760055338829999760e-01
3.997286783970000215e+03 2.680292155660000120e-01
3.998655806450000000e+03 2.640511309029999754e-01
4.000024828929999785e+03 2.600935932749999790e-01
4.001393851419999919e+03 2.636486765280000033e-01
4.002762873900000159e+03 2.634254615009999911e-01
4.004131896379999944e+03 2.645176665080000156e-01
4.005500918870000078e+03 2.681280962309999794e-01
4.006869941349999863e+03 2.698738747509999980e-01
4.008238963830000102e+03 2.738334939820000202e-01
4.009607986309999887e+03 2.727206403129999734e-01
4.010977008800000021e+03 2.677098313549999831e-01
4.012346031279999806e+03 2.695002104590000225e-01
4.013715053760000046e+03 2.627114591399999921e-01
4.015084076250000180e+03 2.632012095890000070e-01
4.016453098729999965e+03 2.586772166760000213e-01
4.017822121210000205e+03 2.585843235759999748e-01
4.019191143699999884e+03 2.623682397300000080e-01
4.020560166180000124e+03 2.598387171259999850e-01
4.021929188659999909e+03 2.602768416699999809e-01
4.023298211140000149e+03 2.651683339879999934e-01
4.024667233629999828e+03 2.690270563280000027e-01
4.026036256110000068e+03 2.804459684089999905e-01
4.027405278589999853e+03 2.852474294430000223e-01
4.028774301079999987e+03 2.841781511609999811e-01
4.030143323560000226e+03 2.784829789330000027e-01
4.031512346040000011e+03 2.772134923399999784e-01
4.032881368519999796e+03 2.757719482229999963e-01
4.034250391009999930e+03 2.780216614270000219e-01
4.035619413490000170e+03 2.765436976299999738e-01
4.036988435969999955e+03 2.777696335820000195e-01
4.038357458460000089e+03 2.808451212979999889e-01
4.039726480939999874e+03 2.793852525100000150e-01
4.041095503420000114e+03 2.786765127859999747e-01
4.042464525899999899e+03 2.764364918339999866e-01
4.043833548390000033e+03 2.766783357420000145e-01
4.045202570869999818e+03 2.791853290619999983e-01
4.046571593350000057e+03 2.781378578259999790e-01
4.047940615840000191e+03 2.743585099409999728e-01
4.049309638319999976e+03 2.721365821110000027e-01
4.050678660800000216e+03 2.687926669349999798e-01
4.052047683280000001e+03 2.677731294310000121e-01
4.053416705770000135e+03 2.708487637870000131e-01
4.054785728249999920e+03 2.754717828350000119e-01
4.056154750730000160e+03 2.814713754900000087e-01
4.057523773219999839e+03 2.827078207550000055e-01
4.058892795700000079e+03 2.845823864950000059e-01
4.060261818179999864e+03 2.807571654550000129e-01
4.061630840660000104e+03 2.768620187290000145e-01
4.062999863149999783e+03 2.744778519409999951e-01
4.064368885630000023e+03 2.720756659179999759e-01
4.065737908109999807e+03 2.768137975559999964e-01
4.067106930599999941e+03 2.798250999410000217e-01
4.068475953080000181e+03 2.841389263929999798e-01
4.069844975559999966e+03 2.846926127900000214e-01
4.071213998040000206e+03 2.840546261540000117e-01
4.072583020529999885e+03 2.767009323640000074e-01
4.073952043010000125e+03 2.687094045160000055e-01
4.075321065489999910e+03 2.639786001469999754e-01
4.076690087980000044e+03 2.610118333140000191e-01
4.078059110459999829e+03 2.618843174800000173e-01
4.079428132940000069e+03 2.662209116009999765e-01
4.080797155430000203e+03 2.680276755600000116e-01
4.082166177909999988e+03 2.706054203709999939e-01
4.083535200390000227e+03 2.730885132979999907e-01
4.084904222870000012e+03 2.746061708270000068e-01
4.086273245360000146e+03 2.768279151099999891e-01
4.087642267839999931e+03 2.719775009889999762e-01
4.089011290320000171e+03 2.754006600000000193e-01
4.090380312809999850e+03 2.758955951479999946e-01
4.091749335290000090e+03 2.725195619219999976e-01
4.093118357769999875e+03 2.744513328090000259e-01
4.094487380250000115e+03 2.638693225650000085e-01
4.095856402739999794e+03 2.676724061190000059e-01
4.097225425220000034e+03 2.708145527920000073e-01
4.098594447700000273e+03 2.708027617089999728e-01
4.099963470190000407e+03 2.746425744070000174e-01
4.101332492669999738e+03 2.733418866280000192e-01
4.102701515149999977e+03 2.702181678789999930e-01
4.104070537630000217e+03 2.707301971180000044e-01
4.105439560120000351e+03 2.695395480939999922e-01
4.106808582599999681e+03 2.705379011729999728e-01
4.108177605079999921e+03 2.758313287529999824e-01
4.109546627570000055e+03 2.795015811139999751e-01
4.110915650050000295e+03 2.796874727840000241e-01
4.112284672529999625e+03 2.771803774550000155e-01
4.113653695009999865e+03 2.778399604339999995e-01
4.115022717499999999e+03 2.704261875230000167e-01
4.116391739980000239e+03 2.656895111829999934e-01
4.117760762459999569e+03 2.692849612900000134e-01
4.119129784949999703e+03 2.698832890539999974e-01
4.120498807429999943e+03 2.759320200979999971e-01
4.121867829910000182e+03 2.792466968910000125e-01
4.123236852390000422e+03 2.770974952690000159e-01
4.124605874879999647e+03 2.738518713409999750e-01
4.125974897359999886e+03 2.771948384749999827e-01
4.127343919840000126e+03 2.808230714569999731e-01
4.128712942330000260e+03 2.823646988969999994e-01
4.130081964809999590e+03 2.867728346919999893e-01
4.131450987289999830e+03 2.817658123949999815e-01
4.132820009779999964e+03 2.736262862350000158e-01
4.134189032260000204e+03 2.680939317420000245e-01
4.135558054740000443e+03 2.622562618670000179e-01
4.136927077219999774e+03 2.642536447900000196e-01
4.138296099709999908e+03 2.695975658529999874e-01
4.139665122190000147e+03 2.808121291419999888e-01
4.141034144670000387e+03 2.849448302700000046e-01
4.142403167159999612e+03 2.857594626859999987e-01
4.143772189639999851e+03 2.857734284460000107e-01
4.145141212120000091e+03 2.870125703029999809e-01
4.146510234600000331e+03 2.949859324990000142e-01
4.147879257089999555e+03 2.902702101390000067e-01
4.149248279569999795e+03 2.805960467529999836e-01
4.150617302050000035e+03 2.751450468619999756e-01
4.151986324540000169e+03 2.719890758260000152e-01
4.153355347020000409e+03 2.735916358439999807e-01
4.154724369499999739e+03 2.752278215069999812e-01
4.156093391979999979e+03 2.788862196910000257e-01
4.157462414470000112e+03 2.861272566859999755e-01
4.158831436950000352e+03 2.908224353900000225e-01
4.160200459429999682e+03 2.917230648949999949e-01
4.161569481919999816e+03 2.880192746899999934e-01
4.162938504400000056e+03 2.837568312670000203e-01
4.164307526880000296e+03 2.870794526880000030e-01
4.165676549359999626e+03 2.920180035909999972e-01
4.167045571849999760e+03 2.950053017129999899e-01
4.168414594330000000e+03 2.940415735740000147e-01
4.169783616810000240e+03 2.935384753820000081e-01
4.171152639300000374e+03 2.904705581229999889e-01
4.172521661779999704e+03 2.855585208909999784e-01
4.173890684259999944e+03 2.803872821660000070e-01
4.175259706740000183e+03 2.727616457359999802e-01
4.176628729230000317e+03 2.743516870909999961e-01
4.177997751709999648e+03 2.755784256109999886e-01
4.179366774189999887e+03 2.791587149029999826e-01
4.180735796680000021e+03 2.827551413880000086e-01
4.182104819160000261e+03 2.855309743950000256e-01
4.183473841639999591e+03 2.889251869439999898e-01
4.184842864129999725e+03 2.926235615839999915e-01
4.186211886609999965e+03 2.860331404729999916e-01
4.187580909090000205e+03 2.824380003640000192e-01
4.188949931570000444e+03 2.820003468660000068e-01
4.190318954059999669e+03 2.926941012939999753e-01
4.191687976539999909e+03 3.003220985919999864e-01
4.193056999020000148e+03 3.024302180940000029e-01
4.194426021510000282e+03 2.997518811609999889e-01
4.195795043989999613e+03 2.959367030210000027e-01
4.197164066469999852e+03 2.939762782370000105e-01
4.198533088950000092e+03 2.905469518380000005e-01
4.199902111440000226e+03 2.811148842349999732e-01
4.201271133919999556e+03 2.763924342249999833e-01
4.202640156399999796e+03 2.774069598830000150e-01
4.204009178889999930e+03 2.872216491960000173e-01
4.205378201370000170e+03 2.888041963829999781e-01
4.206747223850000410e+03 2.885349051889999905e-01
4.208116246329999740e+03 2.849563162350000067e-01
4.209485268819999874e+03 2.840248577630000160e-01
4.210854291300000114e+03 2.798297848679999755e-01
4.212223313780000353e+03 2.765595175950000262e-01
4.213592336269999578e+03 2.812065999650000259e-01
4.214961358749999818e+03 2.846971018910000040e-01
4.216330381230000057e+03 2.936224759300000153e-01
4.217699403710000297e+03 2.995987300230000261e-01
4.219068426200000431e+03 3.004089625420000020e-01
4.220437448679999761e+03 3.067749381170000178e-01
4.221806471160000001e+03 3.078896596640000038e-01
4.223175493650000135e+03 3.010780716400000001e-01
4.224544516130000375e+03 2.891032194839999736e-01
4.225913538609999705e+03 2.781997608499999775e-01
4.227282561089999945e+03 2.760233997809999895e-01
4.228651583580000079e+03 2.844491688449999889e-01
4.230020606060000318e+03 2.901096930909999871e-01
4.231389628539999649e+03 2.954461146369999902e-01
4.232758651029999783e+03 2.954652142520000080e-01
4.234127673510000022e+03 2.944922868909999880e-01
4.235496695990000262e+03 2.892082104520000141e-01
4.236865718480000396e+03 2.857316277709999741e-01
4.238234740959999726e+03 2.879946338339999801e-01
4.239603763439999966e+03 2.895205550539999839e-01
4.240972785920000206e+03 2.944173730790000110e-01
4.242341808410000340e+03 2.963422519389999898e-01
4.243710830889999670e+03 2.946249874840000116e-01
4.245079853369999910e+03 2.912785370259999840e-01
4.246448875860000044e+03 2.809924254739999960e-01
4.247817898340000283e+03 2.757109555050000216e-01
4.249186920819999614e+03 2.753883462400000259e-01
4.250555943299999853e+03 2.755386991420000209e-01
4.251924965789999987e+03 2.763340379709999794e-01
4.253293988270000227e+03 2.429894722700000065e-01
4.254663010749999557e+03 1.659401480300000120e-01
4.256032033239999691e+03 9.498934117799999466e-02
4.257401055719999931e+03 2.636422665620000161e-02
4.258770078200000171e+03 6.343719014249999885e-03
4.260139100680000411e+03 4.439357245930000001e-03
4.261508123169999635e+03 2.655991789330000141e-03
4.262877145649999875e+03 1.076730821009999920e-03
4.264246168130000115e+03 9.368933770300000107e-06
4.265615190620000249e+03 7.027143977479999799e-06
4.266984213099999579e+03 4.657280715660000341e-06
4.268353235579999819e+03 2.832722227570000077e-06
4.269722258060000058e+03 1.266912224310000057e-06
4.271091280550000192e+03 5.096980504130000155e-07
4.272460303030000432e+03 2.630935612429999972e-07
4.273829325509999762e+03 6.412010983579999941e-08
4.275198347999999896e+03 5.241673500060000077e-08
4.276567370480000136e+03 4.027713734120000320e-08
4.277936392960000376e+03 2.660402529330000015e-08
4.279305415439999706e+03 1.293091324540000040e-08
4.280674437929999840e+03 0.000000000000000000e+00
4.282043460410000080e+03 0.000000000000000000e+00
4.283412482890000319e+03 0.000000000000000000e+00
4.284781505380000453e+03 0.000000000000000000e+00
4.286150527859999784e+03 0.000000000000000000e+00
4.287519550340000023e+03 0.000000000000000000e+00
4.288888572830000157e+03 0.000000000000000000e+00
4.290257595310000397e+03 0.000000000000000000e+00
4.291626617789999727e+03 0.000000000000000000e+00
4.292995640269999967e+03 0.000000000000000000e+00
4.294364662760000101e+03 0.000000000000000000e+00
4.295733685240000341e+03 0.000000000000000000e+00
4.297102707719999671e+03 0.000000000000000000e+00
4.298471730209999805e+03 0.000000000000000000e+00
4.299840752690000045e+03 0.000000000000000000e+00
4.301209775170000285e+03 0.000000000000000000e+00
4.302578797649999615e+03 0.000000000000000000e+00
4.303947820139999749e+03 0.000000000000000000e+00
4.305316842619999989e+03 0.000000000000000000e+00
4.306685865100000228e+03 0.000000000000000000e+00
4.308054887590000362e+03 0.000000000000000000e+00
4.309423910069999692e+03 0.000000000000000000e+00
4.310792932549999932e+03 0.000000000000000000e+00
4.312161955030000172e+03 0.000000000000000000e+00
4.313530977520000306e+03 0.000000000000000000e+00
4.314899999999999636e+03 0.000000000000000000e+00
