# lb[2] radec[2] XYZ[3] DM absSDSSr{alias=M1;alias=absmag;band=SDSSr;} comp FeH vcyl[3] pmlb[3] pmradec[3] Am AmInf SDSSugriz[5]{class=magnitude;fieldNames=0:SDSSu,1:SDSSg,2:SDSSr,3:SDSSi,4:SDSSz;} SDSSugrizPhotoFlags{class=flags;} 
# generated with galfast version 0.8.0-6.ca08498.dirty-8c0e64d4
 359.50000060   -9.84134613  276.24087925  -34.12897328   10395.63     -90.72   -1803.43  15.117  11.412   3  0.735     0.0     0.0     0.0    -4.51    -0.17    -6.68    -1.84    -4.12    -6.68  0.000  0.000  30.485  27.945  26.528  25.049  24.276    0
 359.50000066   -9.97342409  276.38414248  -34.18720300    5677.80     -49.55    -998.47  13.804  12.071   3  0.065     0.0     0.0     0.0    -8.25    -0.31    -6.67    -3.35    -7.54    -6.67  0.000  0.000  29.842  27.341  25.875  24.248  23.389    0
 359.50000461   -9.94749866  276.35600800  -34.17578279    5755.59     -50.23   -1009.47  13.833   9.736   3  0.528     0.0     0.0     0.0    -8.14    -0.31    -6.67    -3.31    -7.44    -6.67  0.000  0.000  27.512  24.960  23.570  22.491  21.939    0
 359.50000686   -9.97560168  276.38650939  -34.18815617    5715.87     -49.88   -1005.39  13.819  11.792   3 -0.338     0.0     0.0     0.0    -8.19    -0.31    -6.66    -3.33    -7.49    -6.66  0.000  0.000  29.545  27.029  25.610  24.125  23.345    0
 359.50000747   -9.76009341  276.15284726  -34.09306239    3452.45     -30.13    -593.89  12.722   9.818   3  0.231     0.0     0.0     0.0   -13.57    -0.51    -6.70    -5.55   -12.40    -6.70  0.000  0.000  26.482  23.930  22.540  21.441  20.878    0
 359.50001143   -9.89683958  276.30105387  -34.15344961    6851.52     -59.79   -1195.44  14.212  11.788   3  0.472     0.0     0.0     0.0    -6.84    -0.26    -6.68    -2.78    -6.25    -6.68  0.000  0.000  29.972  27.445  25.999  24.432  23.610    0
 359.50001178   -9.92327757  276.32973178  -34.16510446    6513.71     -56.84   -1139.59  14.102   8.134   3  0.129     0.0     0.0     0.0    -7.19    -0.27    -6.67    -2.93    -6.57    -6.67  0.000  0.000  26.155  23.594  22.236  21.564  21.236    0
 359.50001271   -9.87528098  276.27767543  -34.14393946    4235.25     -36.96    -737.32  13.167   9.240   3  0.590     0.0     0.0     0.0   -11.06    -0.42    -6.68    -4.51   -10.11    -6.68  0.000  0.000  26.349  23.797  22.407  21.455  20.972    0
 359.50001411   -9.83393569  276.23285420  -34.12568933    5878.15     -51.30   -1018.96  13.878   9.224   3  0.496     0.0     0.0     0.0    -7.97    -0.30    -6.69    -3.25    -7.28    -6.69  0.000  0.000  27.045  24.492  23.103  22.154  21.675    0
 359.50001570   -9.79415856  276.18975136  -34.10811583    8603.82     -75.08   -1485.29  14.705  10.985   3  0.251     0.0     0.0     0.0    -5.45    -0.20    -6.69    -2.22    -4.98    -6.69  0.000  0.000  29.637  27.088  25.690  24.311  23.594    0
